# X_m	Y_m	V
1e-06	1e-06	4
1e-06	1e-06	0
1.02e-06	1e-06	0
1.04e-06	1e-06	0
1.06e-06	1e-06	0
1.08e-06	1e-06	0
1.1e-06	1e-06	0
1.12e-06	1e-06	0
1.14e-06	1e-06	0
1.16e-06	1e-06	0
1.18e-06	1e-06	0
1.2e-06	1e-06	0
1.22e-06	1e-06	0
1.24e-06	1e-06	0
1.26e-06	1e-06	0
1.28e-06	1e-06	0
1.3e-06	1e-06	0
1.32e-06	1e-06	0
1.34e-06	1e-06	0
1.36e-06	1e-06	0
1.38e-06	1e-06	0
1.4e-06	1e-06	0
1.42e-06	1e-06	0
1.44e-06	1e-06	0
1.46e-06	1e-06	0
1.48e-06	1e-06	0
1.5e-06	1e-06	0
1.52e-06	1e-06	0
1.54e-06	1e-06	0
1.56e-06	1e-06	0
1.58e-06	1e-06	0
1.6e-06	1e-06	0
1.62e-06	1e-06	0
1.64e-06	1e-06	0
1.66e-06	1e-06	0
1.68e-06	1e-06	0
1.7e-06	1e-06	0
1.72e-06	1e-06	0
1.74e-06	1e-06	0
1.76e-06	1e-06	0
1.78e-06	1e-06	0
1.8e-06	1e-06	0
1.82e-06	1e-06	0
1.84e-06	1e-06	0
1.86e-06	1e-06	0
1.88e-06	1e-06	0
1.9e-06	1e-06	0
1.92e-06	1e-06	0
1.94e-06	1e-06	0
1.96e-06	1e-06	0
1.98e-06	1e-06	0
2e-06	1e-06	0
2e-06	1e-06	4
2e-06	1e-06	4
2e-06	1e-06	4
2e-06	1e-06	4
2e-06	1e-06	4
2e-06	1e-06	0
2.02e-06	1e-06	0
2.04e-06	1e-06	0
2.06e-06	1e-06	0
2.08e-06	1e-06	0
2.1e-06	1e-06	0
2.12e-06	1e-06	0
2.14e-06	1e-06	0
2.16e-06	1e-06	0
2.18e-06	1e-06	0
2.2e-06	1e-06	0
2.22e-06	1e-06	0
2.24e-06	1e-06	0
2.26e-06	1e-06	0
2.28e-06	1e-06	0
2.3e-06	1e-06	0
2.32e-06	1e-06	0
2.34e-06	1e-06	0
2.36e-06	1e-06	0
2.38e-06	1e-06	0
2.4e-06	1e-06	0
2.42e-06	1e-06	0
2.44e-06	1e-06	0
2.46e-06	1e-06	0
2.48e-06	1e-06	0
2.5e-06	1e-06	0
2.52e-06	1e-06	0
2.54e-06	1e-06	0
2.56e-06	1e-06	0
2.58e-06	1e-06	0
2.6e-06	1e-06	0
2.62e-06	1e-06	0
2.64e-06	1e-06	0
2.66e-06	1e-06	0
2.68e-06	1e-06	0
2.7e-06	1e-06	0
2.72e-06	1e-06	0
2.74e-06	1e-06	0
2.76e-06	1e-06	0
2.78e-06	1e-06	0
2.8e-06	1e-06	0
2.82e-06	1e-06	0
2.84e-06	1e-06	0
2.86e-06	1e-06	0
2.88e-06	1e-06	0
2.9e-06	1e-06	0
2.92e-06	1e-06	0
2.94e-06	1e-06	0
2.96e-06	1e-06	0
2.98e-06	1e-06	0
3e-06	1e-06	0
3e-06	1e-06	-4
3e-06	1e-06	-4
3e-06	1e-06	-4
3e-06	1e-06	-4
3e-06	1e-06	-4
3e-06	1e-06	-4
3e-06	1e-06	-4
3e-06	1e-06	-4
3e-06	1e-06	-4
3e-06	1e-06	-4
3e-06	1e-06	-4
3e-06	1e-06	-4
3e-06	1e-06	-4
3e-06	1e-06	-4
3e-06	1e-06	-4
3e-06	1e-06	-4
3e-06	1e-06	-4
3e-06	1e-06	-4
3e-06	1e-06	-4
3e-06	1e-06	-4
3e-06	1e-06	-4
3e-06	1e-06	-4
3e-06	1e-06	-4
3e-06	1e-06	-4
3e-06	1e-06	-4
3e-06	1e-06	0
3.02e-06	1e-06	0
3.04e-06	1e-06	0
3.06e-06	1e-06	0
3.08e-06	1e-06	0
3.1e-06	1e-06	0
3.12e-06	1e-06	0
3.14e-06	1e-06	0
3.16e-06	1e-06	0
3.18e-06	1e-06	0
3.2e-06	1e-06	0
3.22e-06	1e-06	0
3.24e-06	1e-06	0
3.26e-06	1e-06	0
3.28e-06	1e-06	0
3.3e-06	1e-06	0
3.32e-06	1e-06	0
3.34e-06	1e-06	0
3.36e-06	1e-06	0
3.38e-06	1e-06	0
3.4e-06	1e-06	0
3.42e-06	1e-06	0
3.44e-06	1e-06	0
3.46e-06	1e-06	0
3.48e-06	1e-06	0
3.5e-06	1e-06	0
3.52e-06	1e-06	0
3.54e-06	1e-06	0
3.56e-06	1e-06	0
3.58e-06	1e-06	0
3.6e-06	1e-06	0
3.62e-06	1e-06	0
3.64e-06	1e-06	0
3.66e-06	1e-06	0
3.68e-06	1e-06	0
3.7e-06	1e-06	0
3.72e-06	1e-06	0
3.74e-06	1e-06	0
3.76e-06	1e-06	0
3.78e-06	1e-06	0
3.8e-06	1e-06	0
3.82e-06	1e-06	0
3.84e-06	1e-06	0
3.86e-06	1e-06	0
3.88e-06	1e-06	0
3.9e-06	1e-06	0
3.92e-06	1e-06	0
3.94e-06	1e-06	0
3.96e-06	1e-06	0
3.98e-06	1e-06	0
4e-06	1e-06	0
4e-06	1e-06	-4
4e-06	1e-06	-4
4e-06	1e-06	-4
4e-06	1e-06	-4
4e-06	1e-06	-4
4e-06	1e-06	-4
4e-06	1e-06	-4
4e-06	1e-06	-4
4e-06	1e-06	-4
4e-06	1e-06	-4
4e-06	1e-06	-4
4e-06	1e-06	-4
4e-06	1e-06	-4
4e-06	1e-06	-4
4e-06	1e-06	-4
4e-06	1e-06	-4
4e-06	1e-06	-4
4e-06	1e-06	-4
4e-06	1e-06	-4
4e-06	1e-06	-4
4e-06	1e-06	-4
4e-06	1e-06	-4
4e-06	1e-06	-4
4e-06	1e-06	-4
4e-06	1e-06	-4
4e-06	1e-06	-4
4e-06	1e-06	-4
4e-06	1e-06	-4
4e-06	1e-06	-4
4e-06	1e-06	-4
4e-06	1e-06	-4
4e-06	1e-06	-4
4e-06	1e-06	-4
4e-06	1e-06	-4
4e-06	1e-06	-4
4e-06	1e-06	-4
4e-06	1e-06	-4
4e-06	1e-06	-4
4e-06	1e-06	-4
4e-06	1e-06	-4
4e-06	1e-06	-4
4e-06	1e-06	-4
4e-06	1e-06	-4
4e-06	1e-06	-4
4e-06	1e-06	-4
4e-06	1e-06	-4
4e-06	1e-06	-4
4e-06	1e-06	-4
4e-06	1e-06	-4
4e-06	1e-06	-4
4e-06	1e-06	-4
4e-06	1e-06	-4
4e-06	1e-06	-4
4e-06	1e-06	-4
4e-06	1e-06	-4
4e-06	1e-06	-4
4e-06	1e-06	-4
4e-06	1e-06	-4
4e-06	1e-06	-4
4e-06	1e-06	-4
4e-06	1e-06	-4
4e-06	1e-06	-4
4e-06	1e-06	-4
4e-06	1e-06	-4
4e-06	1e-06	-4
4e-06	1e-06	-4
4e-06	1e-06	-4
4e-06	1e-06	-4
4e-06	1e-06	-4
4e-06	1e-06	-4
4e-06	1e-06	-4
4e-06	1e-06	-4
4e-06	1e-06	-4
4e-06	1e-06	-4
4e-06	1e-06	-4
4e-06	1e-06	-4
4e-06	1e-06	-4
4e-06	1e-06	-4
4e-06	1e-06	-4
4e-06	1e-06	-4
4e-06	1e-06	-4
4e-06	1e-06	-4
4e-06	1e-06	-4
4e-06	1e-06	-4
4e-06	1e-06	-4
4e-06	1e-06	-4
4e-06	1e-06	-4
4e-06	1e-06	-4
4e-06	1e-06	-4
4e-06	1e-06	-4
4e-06	1e-06	-4
4e-06	1e-06	-4
4e-06	1e-06	-4
4e-06	1e-06	-4
4e-06	1e-06	-4
4e-06	1e-06	-4
4e-06	1e-06	-4
4e-06	1e-06	-4
4e-06	1e-06	-4
4e-06	1e-06	-4
4e-06	1e-06	-4
4e-06	1e-06	-4
4e-06	1e-06	-4
4e-06	1e-06	-4
4e-06	1e-06	-4
4e-06	1e-06	-4
4e-06	1e-06	-4
4e-06	1e-06	-4
4e-06	1e-06	-4
4e-06	1e-06	-4
4e-06	1e-06	-4
4e-06	1e-06	-4
4e-06	1e-06	-4
4e-06	1e-06	-4
4e-06	1e-06	-4
4e-06	1e-06	-4
4e-06	1e-06	-4
4e-06	1e-06	-4
4e-06	1e-06	-4
4e-06	1e-06	-4
4e-06	1e-06	-4
4e-06	1e-06	-4
4e-06	1e-06	-4
4e-06	1e-06	-4
4e-06	1e-06	-4
4e-06	1e-06	0
3.981132075e-06	1.006289308e-06	0
3.962264151e-06	1.012578616e-06	0
3.943396226e-06	1.018867925e-06	0
3.924528302e-06	1.025157233e-06	0
3.905660377e-06	1.031446541e-06	0
3.886792453e-06	1.037735849e-06	0
3.867924528e-06	1.044025157e-06	0
3.849056604e-06	1.050314465e-06	0
3.830188679e-06	1.056603774e-06	0
3.811320755e-06	1.062893082e-06	0
3.79245283e-06	1.06918239e-06	0
3.773584906e-06	1.075471698e-06	0
3.754716981e-06	1.081761006e-06	0
3.735849057e-06	1.088050314e-06	0
3.716981132e-06	1.094339623e-06	0
3.698113208e-06	1.100628931e-06	0
3.679245283e-06	1.106918239e-06	0
3.660377358e-06	1.113207547e-06	0
3.641509434e-06	1.119496855e-06	0
3.622641509e-06	1.125786164e-06	0
3.603773585e-06	1.132075472e-06	0
3.58490566e-06	1.13836478e-06	0
3.566037736e-06	1.144654088e-06	0
3.547169811e-06	1.150943396e-06	0
3.528301887e-06	1.157232704e-06	0
3.509433962e-06	1.163522013e-06	0
3.490566038e-06	1.169811321e-06	0
3.471698113e-06	1.176100629e-06	0
3.452830189e-06	1.182389937e-06	0
3.433962264e-06	1.188679245e-06	0
3.41509434e-06	1.194968553e-06	0
3.396226415e-06	1.201257862e-06	0
3.377358491e-06	1.20754717e-06	0
3.358490566e-06	1.213836478e-06	0
3.339622642e-06	1.220125786e-06	0
3.320754717e-06	1.226415094e-06	0
3.301886792e-06	1.232704403e-06	0
3.283018868e-06	1.238993711e-06	0
3.264150943e-06	1.245283019e-06	0
3.245283019e-06	1.251572327e-06	0
3.226415094e-06	1.257861635e-06	0
3.20754717e-06	1.264150943e-06	0
3.188679245e-06	1.270440252e-06	0
3.169811321e-06	1.27672956e-06	0
3.150943396e-06	1.283018868e-06	0
3.132075472e-06	1.289308176e-06	0
3.113207547e-06	1.295597484e-06	0
3.094339623e-06	1.301886792e-06	0
3.075471698e-06	1.308176101e-06	0
3.056603774e-06	1.314465409e-06	0
3.037735849e-06	1.320754717e-06	0
3.018867925e-06	1.327044025e-06	0
3e-06	1.333333333e-06	0
2.981132075e-06	1.339622642e-06	0
2.962264151e-06	1.34591195e-06	0
2.943396226e-06	1.352201258e-06	0
2.924528302e-06	1.358490566e-06	0
2.905660377e-06	1.364779874e-06	0
2.886792453e-06	1.371069182e-06	0
2.867924528e-06	1.377358491e-06	0
2.849056604e-06	1.383647799e-06	0
2.830188679e-06	1.389937107e-06	0
2.811320755e-06	1.396226415e-06	0
2.79245283e-06	1.402515723e-06	0
2.773584906e-06	1.408805031e-06	0
2.754716981e-06	1.41509434e-06	0
2.735849057e-06	1.421383648e-06	0
2.716981132e-06	1.427672956e-06	0
2.698113208e-06	1.433962264e-06	0
2.679245283e-06	1.440251572e-06	0
2.660377358e-06	1.446540881e-06	0
2.641509434e-06	1.452830189e-06	0
2.622641509e-06	1.459119497e-06	0
2.603773585e-06	1.465408805e-06	0
2.58490566e-06	1.471698113e-06	0
2.566037736e-06	1.477987421e-06	0
2.547169811e-06	1.48427673e-06	0
2.528301887e-06	1.490566038e-06	0
2.509433962e-06	1.496855346e-06	0
2.490566038e-06	1.503144654e-06	0
2.471698113e-06	1.509433962e-06	0
2.452830189e-06	1.51572327e-06	0
2.433962264e-06	1.522012579e-06	0
2.41509434e-06	1.528301887e-06	0
2.396226415e-06	1.534591195e-06	0
2.377358491e-06	1.540880503e-06	0
2.358490566e-06	1.547169811e-06	0
2.339622642e-06	1.553459119e-06	0
2.320754717e-06	1.559748428e-06	0
2.301886792e-06	1.566037736e-06	0
2.283018868e-06	1.572327044e-06	0
2.264150943e-06	1.578616352e-06	0
2.245283019e-06	1.58490566e-06	0
2.226415094e-06	1.591194969e-06	0
2.20754717e-06	1.597484277e-06	0
2.188679245e-06	1.603773585e-06	0
2.169811321e-06	1.610062893e-06	0
2.150943396e-06	1.616352201e-06	0
2.132075472e-06	1.622641509e-06	0
2.113207547e-06	1.628930818e-06	0
2.094339623e-06	1.635220126e-06	0
2.075471698e-06	1.641509434e-06	0
2.056603774e-06	1.647798742e-06	0
2.037735849e-06	1.65408805e-06	0
2.018867925e-06	1.660377358e-06	0
2e-06	1.666666667e-06	0
1.981132075e-06	1.672955975e-06	0
1.962264151e-06	1.679245283e-06	0
1.943396226e-06	1.685534591e-06	0
1.924528302e-06	1.691823899e-06	0
1.905660377e-06	1.698113208e-06	0
1.886792453e-06	1.704402516e-06	0
1.867924528e-06	1.710691824e-06	0
1.849056604e-06	1.716981132e-06	0
1.830188679e-06	1.72327044e-06	0
1.811320755e-06	1.729559748e-06	0
1.79245283e-06	1.735849057e-06	0
1.773584906e-06	1.742138365e-06	0
1.754716981e-06	1.748427673e-06	0
1.735849057e-06	1.754716981e-06	0
1.716981132e-06	1.761006289e-06	0
1.698113208e-06	1.767295597e-06	0
1.679245283e-06	1.773584906e-06	0
1.660377358e-06	1.779874214e-06	0
1.641509434e-06	1.786163522e-06	0
1.622641509e-06	1.79245283e-06	0
1.603773585e-06	1.798742138e-06	0
1.58490566e-06	1.805031447e-06	0
1.566037736e-06	1.811320755e-06	0
1.547169811e-06	1.817610063e-06	0
1.528301887e-06	1.823899371e-06	0
1.509433962e-06	1.830188679e-06	0
1.490566038e-06	1.836477987e-06	0
1.471698113e-06	1.842767296e-06	0
1.452830189e-06	1.849056604e-06	0
1.433962264e-06	1.855345912e-06	0
1.41509434e-06	1.86163522e-06	0
1.396226415e-06	1.867924528e-06	0
1.377358491e-06	1.874213836e-06	0
1.358490566e-06	1.880503145e-06	0
1.339622642e-06	1.886792453e-06	0
1.320754717e-06	1.893081761e-06	0
1.301886792e-06	1.899371069e-06	0
1.283018868e-06	1.905660377e-06	0
1.264150943e-06	1.911949686e-06	0
1.245283019e-06	1.918238994e-06	0
1.226415094e-06	1.924528302e-06	0
1.20754717e-06	1.93081761e-06	0
1.188679245e-06	1.937106918e-06	0
1.169811321e-06	1.943396226e-06	0
1.150943396e-06	1.949685535e-06	0
1.132075472e-06	1.955974843e-06	0
1.113207547e-06	1.962264151e-06	0
1.094339623e-06	1.968553459e-06	0
1.075471698e-06	1.974842767e-06	0
1.056603774e-06	1.981132075e-06	0
1.037735849e-06	1.987421384e-06	0
1.018867925e-06	1.993710692e-06	0
1e-06	2e-06	0
1e-06	2e-06	-6
1e-06	2e-06	0
1.02e-06	2e-06	0
1.04e-06	2e-06	0
1.06e-06	2e-06	0
1.08e-06	2e-06	0
1.1e-06	2e-06	0
1.12e-06	2e-06	0
1.14e-06	2e-06	0
1.16e-06	2e-06	0
1.18e-06	2e-06	0
1.2e-06	2e-06	0
1.22e-06	2e-06	0
1.24e-06	2e-06	0
1.26e-06	2e-06	0
1.28e-06	2e-06	0
1.3e-06	2e-06	0
1.32e-06	2e-06	0
1.34e-06	2e-06	0
1.36e-06	2e-06	0
1.38e-06	2e-06	0
1.4e-06	2e-06	0
1.42e-06	2e-06	0
1.44e-06	2e-06	0
1.46e-06	2e-06	0
1.48e-06	2e-06	0
1.5e-06	2e-06	0
1.52e-06	2e-06	0
1.54e-06	2e-06	0
1.56e-06	2e-06	0
1.58e-06	2e-06	0
1.6e-06	2e-06	0
1.62e-06	2e-06	0
1.64e-06	2e-06	0
1.66e-06	2e-06	0
1.68e-06	2e-06	0
1.7e-06	2e-06	0
1.72e-06	2e-06	0
1.74e-06	2e-06	0
1.76e-06	2e-06	0
1.78e-06	2e-06	0
1.8e-06	2e-06	0
1.82e-06	2e-06	0
1.84e-06	2e-06	0
1.86e-06	2e-06	0
1.88e-06	2e-06	0
1.9e-06	2e-06	0
1.92e-06	2e-06	0
1.94e-06	2e-06	0
1.96e-06	2e-06	0
1.98e-06	2e-06	0
2e-06	2e-06	0
2e-06	2e-06	-6
2e-06	2e-06	-6
2e-06	2e-06	-6
2e-06	2e-06	-6
2e-06	2e-06	-6
2e-06	2e-06	0
2.02e-06	2e-06	0
2.04e-06	2e-06	0
2.06e-06	2e-06	0
2.08e-06	2e-06	0
2.1e-06	2e-06	0
2.12e-06	2e-06	0
2.14e-06	2e-06	0
2.16e-06	2e-06	0
2.18e-06	2e-06	0
2.2e-06	2e-06	0
2.22e-06	2e-06	0
2.24e-06	2e-06	0
2.26e-06	2e-06	0
2.28e-06	2e-06	0
2.3e-06	2e-06	0
2.32e-06	2e-06	0
2.34e-06	2e-06	0
2.36e-06	2e-06	0
2.38e-06	2e-06	0
2.4e-06	2e-06	0
2.42e-06	2e-06	0
2.44e-06	2e-06	0
2.46e-06	2e-06	0
2.48e-06	2e-06	0
2.5e-06	2e-06	0
2.52e-06	2e-06	0
2.54e-06	2e-06	0
2.56e-06	2e-06	0
2.58e-06	2e-06	0
2.6e-06	2e-06	0
2.62e-06	2e-06	0
2.64e-06	2e-06	0
2.66e-06	2e-06	0
2.68e-06	2e-06	0
2.7e-06	2e-06	0
2.72e-06	2e-06	0
2.74e-06	2e-06	0
2.76e-06	2e-06	0
2.78e-06	2e-06	0
2.8e-06	2e-06	0
2.82e-06	2e-06	0
2.84e-06	2e-06	0
2.86e-06	2e-06	0
2.88e-06	2e-06	0
2.9e-06	2e-06	0
2.92e-06	2e-06	0
2.94e-06	2e-06	0
2.96e-06	2e-06	0
2.98e-06	2e-06	0
3e-06	2e-06	0
3e-06	2e-06	6
3e-06	2e-06	6
3e-06	2e-06	6
3e-06	2e-06	6
3e-06	2e-06	6
3e-06	2e-06	6
3e-06	2e-06	6
3e-06	2e-06	6
3e-06	2e-06	6
3e-06	2e-06	6
3e-06	2e-06	6
3e-06	2e-06	6
3e-06	2e-06	6
3e-06	2e-06	6
3e-06	2e-06	6
3e-06	2e-06	6
3e-06	2e-06	6
3e-06	2e-06	6
3e-06	2e-06	6
3e-06	2e-06	6
3e-06	2e-06	6
3e-06	2e-06	6
3e-06	2e-06	6
3e-06	2e-06	6
3e-06	2e-06	6
3e-06	2e-06	0
3.02e-06	2e-06	0
3.04e-06	2e-06	0
3.06e-06	2e-06	0
3.08e-06	2e-06	0
3.1e-06	2e-06	0
3.12e-06	2e-06	0
3.14e-06	2e-06	0
3.16e-06	2e-06	0
3.18e-06	2e-06	0
3.2e-06	2e-06	0
3.22e-06	2e-06	0
3.24e-06	2e-06	0
3.26e-06	2e-06	0
3.28e-06	2e-06	0
3.3e-06	2e-06	0
3.32e-06	2e-06	0
3.34e-06	2e-06	0
3.36e-06	2e-06	0
3.38e-06	2e-06	0
3.4e-06	2e-06	0
3.42e-06	2e-06	0
3.44e-06	2e-06	0
3.46e-06	2e-06	0
3.48e-06	2e-06	0
3.5e-06	2e-06	0
3.52e-06	2e-06	0
3.54e-06	2e-06	0
3.56e-06	2e-06	0
3.58e-06	2e-06	0
3.6e-06	2e-06	0
3.62e-06	2e-06	0
3.64e-06	2e-06	0
3.66e-06	2e-06	0
3.68e-06	2e-06	0
3.7e-06	2e-06	0
3.72e-06	2e-06	0
3.74e-06	2e-06	0
3.76e-06	2e-06	0
3.78e-06	2e-06	0
3.8e-06	2e-06	0
3.82e-06	2e-06	0
3.84e-06	2e-06	0
3.86e-06	2e-06	0
3.88e-06	2e-06	0
3.9e-06	2e-06	0
3.92e-06	2e-06	0
3.94e-06	2e-06	0
3.96e-06	2e-06	0
3.98e-06	2e-06	0
4e-06	2e-06	0
4e-06	2e-06	6
4e-06	2e-06	6
4e-06	2e-06	6
4e-06	2e-06	6
4e-06	2e-06	6
4e-06	2e-06	6
4e-06	2e-06	6
4e-06	2e-06	6
4e-06	2e-06	6
4e-06	2e-06	6
4e-06	2e-06	6
4e-06	2e-06	6
4e-06	2e-06	6
4e-06	2e-06	6
4e-06	2e-06	6
4e-06	2e-06	6
4e-06	2e-06	6
4e-06	2e-06	6
4e-06	2e-06	6
4e-06	2e-06	6
4e-06	2e-06	6
4e-06	2e-06	6
4e-06	2e-06	6
4e-06	2e-06	6
4e-06	2e-06	6
4e-06	2e-06	6
4e-06	2e-06	6
4e-06	2e-06	6
4e-06	2e-06	6
4e-06	2e-06	6
4e-06	2e-06	6
4e-06	2e-06	6
4e-06	2e-06	6
4e-06	2e-06	6
4e-06	2e-06	6
4e-06	2e-06	6
4e-06	2e-06	6
4e-06	2e-06	6
4e-06	2e-06	6
4e-06	2e-06	6
4e-06	2e-06	6
4e-06	2e-06	6
4e-06	2e-06	6
4e-06	2e-06	6
4e-06	2e-06	6
4e-06	2e-06	6
4e-06	2e-06	6
4e-06	2e-06	6
4e-06	2e-06	6
4e-06	2e-06	6
4e-06	2e-06	6
4e-06	2e-06	6
4e-06	2e-06	6
4e-06	2e-06	6
4e-06	2e-06	6
4e-06	2e-06	6
4e-06	2e-06	6
4e-06	2e-06	6
4e-06	2e-06	6
4e-06	2e-06	6
4e-06	2e-06	6
4e-06	2e-06	6
4e-06	2e-06	6
4e-06	2e-06	6
4e-06	2e-06	6
4e-06	2e-06	6
4e-06	2e-06	6
4e-06	2e-06	6
4e-06	2e-06	6
4e-06	2e-06	6
4e-06	2e-06	6
4e-06	2e-06	6
4e-06	2e-06	6
4e-06	2e-06	6
4e-06	2e-06	6
4e-06	2e-06	6
4e-06	2e-06	6
4e-06	2e-06	6
4e-06	2e-06	6
4e-06	2e-06	6
4e-06	2e-06	6
4e-06	2e-06	6
4e-06	2e-06	6
4e-06	2e-06	6
4e-06	2e-06	6
4e-06	2e-06	6
4e-06	2e-06	6
4e-06	2e-06	6
4e-06	2e-06	6
4e-06	2e-06	6
4e-06	2e-06	6
4e-06	2e-06	6
4e-06	2e-06	6
4e-06	2e-06	6
4e-06	2e-06	6
4e-06	2e-06	6
4e-06	2e-06	6
4e-06	2e-06	6
4e-06	2e-06	6
4e-06	2e-06	6
4e-06	2e-06	6
4e-06	2e-06	6
4e-06	2e-06	6
4e-06	2e-06	6
4e-06	2e-06	6
4e-06	2e-06	6
4e-06	2e-06	6
4e-06	2e-06	6
4e-06	2e-06	6
4e-06	2e-06	6
4e-06	2e-06	6
4e-06	2e-06	6
4e-06	2e-06	6
4e-06	2e-06	6
4e-06	2e-06	6
4e-06	2e-06	6
4e-06	2e-06	6
4e-06	2e-06	6
4e-06	2e-06	6
4e-06	2e-06	6
4e-06	2e-06	6
4e-06	2e-06	6
4e-06	2e-06	6
4e-06	2e-06	6
4e-06	2e-06	6
4e-06	2e-06	0
3.981132075e-06	2.006289308e-06	0
3.962264151e-06	2.012578616e-06	0
3.943396226e-06	2.018867925e-06	0
3.924528302e-06	2.025157233e-06	0
3.905660377e-06	2.031446541e-06	0
3.886792453e-06	2.037735849e-06	0
3.867924528e-06	2.044025157e-06	0
3.849056604e-06	2.050314465e-06	0
3.830188679e-06	2.056603774e-06	0
3.811320755e-06	2.062893082e-06	0
3.79245283e-06	2.06918239e-06	0
3.773584906e-06	2.075471698e-06	0
3.754716981e-06	2.081761006e-06	0
3.735849057e-06	2.088050314e-06	0
3.716981132e-06	2.094339623e-06	0
3.698113208e-06	2.100628931e-06	0
3.679245283e-06	2.106918239e-06	0
3.660377358e-06	2.113207547e-06	0
3.641509434e-06	2.119496855e-06	0
3.622641509e-06	2.125786164e-06	0
3.603773585e-06	2.132075472e-06	0
3.58490566e-06	2.13836478e-06	0
3.566037736e-06	2.144654088e-06	0
3.547169811e-06	2.150943396e-06	0
3.528301887e-06	2.157232704e-06	0
3.509433962e-06	2.163522013e-06	0
3.490566038e-06	2.169811321e-06	0
3.471698113e-06	2.176100629e-06	0
3.452830189e-06	2.182389937e-06	0
3.433962264e-06	2.188679245e-06	0
3.41509434e-06	2.194968553e-06	0
3.396226415e-06	2.201257862e-06	0
3.377358491e-06	2.20754717e-06	0
3.358490566e-06	2.213836478e-06	0
3.339622642e-06	2.220125786e-06	0
3.320754717e-06	2.226415094e-06	0
3.301886792e-06	2.232704403e-06	0
3.283018868e-06	2.238993711e-06	0
3.264150943e-06	2.245283019e-06	0
3.245283019e-06	2.251572327e-06	0
3.226415094e-06	2.257861635e-06	0
3.20754717e-06	2.264150943e-06	0
3.188679245e-06	2.270440252e-06	0
3.169811321e-06	2.27672956e-06	0
3.150943396e-06	2.283018868e-06	0
3.132075472e-06	2.289308176e-06	0
3.113207547e-06	2.295597484e-06	0
3.094339623e-06	2.301886792e-06	0
3.075471698e-06	2.308176101e-06	0
3.056603774e-06	2.314465409e-06	0
3.037735849e-06	2.320754717e-06	0
3.018867925e-06	2.327044025e-06	0
3e-06	2.333333333e-06	0
2.981132075e-06	2.339622642e-06	0
2.962264151e-06	2.34591195e-06	0
2.943396226e-06	2.352201258e-06	0
2.924528302e-06	2.358490566e-06	0
2.905660377e-06	2.364779874e-06	0
2.886792453e-06	2.371069182e-06	0
2.867924528e-06	2.377358491e-06	0
2.849056604e-06	2.383647799e-06	0
2.830188679e-06	2.389937107e-06	0
2.811320755e-06	2.396226415e-06	0
2.79245283e-06	2.402515723e-06	0
2.773584906e-06	2.408805031e-06	0
2.754716981e-06	2.41509434e-06	0
2.735849057e-06	2.421383648e-06	0
2.716981132e-06	2.427672956e-06	0
2.698113208e-06	2.433962264e-06	0
2.679245283e-06	2.440251572e-06	0
2.660377358e-06	2.446540881e-06	0
2.641509434e-06	2.452830189e-06	0
2.622641509e-06	2.459119497e-06	0
2.603773585e-06	2.465408805e-06	0
2.58490566e-06	2.471698113e-06	0
2.566037736e-06	2.477987421e-06	0
2.547169811e-06	2.48427673e-06	0
2.528301887e-06	2.490566038e-06	0
2.509433962e-06	2.496855346e-06	0
2.490566038e-06	2.503144654e-06	0
2.471698113e-06	2.509433962e-06	0
2.452830189e-06	2.51572327e-06	0
2.433962264e-06	2.522012579e-06	0
2.41509434e-06	2.528301887e-06	0
2.396226415e-06	2.534591195e-06	0
2.377358491e-06	2.540880503e-06	0
2.358490566e-06	2.547169811e-06	0
2.339622642e-06	2.553459119e-06	0
2.320754717e-06	2.559748428e-06	0
2.301886792e-06	2.566037736e-06	0
2.283018868e-06	2.572327044e-06	0
2.264150943e-06	2.578616352e-06	0
2.245283019e-06	2.58490566e-06	0
2.226415094e-06	2.591194969e-06	0
2.20754717e-06	2.597484277e-06	0
2.188679245e-06	2.603773585e-06	0
2.169811321e-06	2.610062893e-06	0
2.150943396e-06	2.616352201e-06	0
2.132075472e-06	2.622641509e-06	0
2.113207547e-06	2.628930818e-06	0
2.094339623e-06	2.635220126e-06	0
2.075471698e-06	2.641509434e-06	0
2.056603774e-06	2.647798742e-06	0
2.037735849e-06	2.65408805e-06	0
2.018867925e-06	2.660377358e-06	0
2e-06	2.666666667e-06	0
1.981132075e-06	2.672955975e-06	0
1.962264151e-06	2.679245283e-06	0
1.943396226e-06	2.685534591e-06	0
1.924528302e-06	2.691823899e-06	0
1.905660377e-06	2.698113208e-06	0
1.886792453e-06	2.704402516e-06	0
1.867924528e-06	2.710691824e-06	0
1.849056604e-06	2.716981132e-06	0
1.830188679e-06	2.72327044e-06	0
1.811320755e-06	2.729559748e-06	0
1.79245283e-06	2.735849057e-06	0
1.773584906e-06	2.742138365e-06	0
1.754716981e-06	2.748427673e-06	0
1.735849057e-06	2.754716981e-06	0
1.716981132e-06	2.761006289e-06	0
1.698113208e-06	2.767295597e-06	0
1.679245283e-06	2.773584906e-06	0
1.660377358e-06	2.779874214e-06	0
1.641509434e-06	2.786163522e-06	0
1.622641509e-06	2.79245283e-06	0
1.603773585e-06	2.798742138e-06	0
1.58490566e-06	2.805031447e-06	0
1.566037736e-06	2.811320755e-06	0
1.547169811e-06	2.817610063e-06	0
1.528301887e-06	2.823899371e-06	0
1.509433962e-06	2.830188679e-06	0
1.490566038e-06	2.836477987e-06	0
1.471698113e-06	2.842767296e-06	0
1.452830189e-06	2.849056604e-06	0
1.433962264e-06	2.855345912e-06	0
1.41509434e-06	2.86163522e-06	0
1.396226415e-06	2.867924528e-06	0
1.377358491e-06	2.874213836e-06	0
1.358490566e-06	2.880503145e-06	0
1.339622642e-06	2.886792453e-06	0
1.320754717e-06	2.893081761e-06	0
1.301886792e-06	2.899371069e-06	0
1.283018868e-06	2.905660377e-06	0
1.264150943e-06	2.911949686e-06	0
1.245283019e-06	2.918238994e-06	0
1.226415094e-06	2.924528302e-06	0
1.20754717e-06	2.93081761e-06	0
1.188679245e-06	2.937106918e-06	0
1.169811321e-06	2.943396226e-06	0
1.150943396e-06	2.949685535e-06	0
1.132075472e-06	2.955974843e-06	0
1.113207547e-06	2.962264151e-06	0
1.094339623e-06	2.968553459e-06	0
1.075471698e-06	2.974842767e-06	0
1.056603774e-06	2.981132075e-06	0
1.037735849e-06	2.987421384e-06	0
1.018867925e-06	2.993710692e-06	0
1e-06	3e-06	0
1e-06	3e-06	-8
1e-06	3e-06	0
1.02e-06	3e-06	0
1.04e-06	3e-06	0
1.06e-06	3e-06	0
1.08e-06	3e-06	0
1.1e-06	3e-06	0
1.12e-06	3e-06	0
1.14e-06	3e-06	0
1.16e-06	3e-06	0
1.18e-06	3e-06	0
1.2e-06	3e-06	0
1.22e-06	3e-06	0
1.24e-06	3e-06	0
1.26e-06	3e-06	0
1.28e-06	3e-06	0
1.3e-06	3e-06	0
1.32e-06	3e-06	0
1.34e-06	3e-06	0
1.36e-06	3e-06	0
1.38e-06	3e-06	0
1.4e-06	3e-06	0
1.42e-06	3e-06	0
1.44e-06	3e-06	0
1.46e-06	3e-06	0
1.48e-06	3e-06	0
1.5e-06	3e-06	0
1.52e-06	3e-06	0
1.54e-06	3e-06	0
1.56e-06	3e-06	0
1.58e-06	3e-06	0
1.6e-06	3e-06	0
1.62e-06	3e-06	0
1.64e-06	3e-06	0
1.66e-06	3e-06	0
1.68e-06	3e-06	0
1.7e-06	3e-06	0
1.72e-06	3e-06	0
1.74e-06	3e-06	0
1.76e-06	3e-06	0
1.78e-06	3e-06	0
1.8e-06	3e-06	0
1.82e-06	3e-06	0
1.84e-06	3e-06	0
1.86e-06	3e-06	0
1.88e-06	3e-06	0
1.9e-06	3e-06	0
1.92e-06	3e-06	0
1.94e-06	3e-06	0
1.96e-06	3e-06	0
1.98e-06	3e-06	0
2e-06	3e-06	0
2e-06	3e-06	-8
2e-06	3e-06	-8
2e-06	3e-06	-8
2e-06	3e-06	-8
2e-06	3e-06	-8
2e-06	3e-06	0
2.02e-06	3e-06	0
2.04e-06	3e-06	0
2.06e-06	3e-06	0
2.08e-06	3e-06	0
2.1e-06	3e-06	0
2.12e-06	3e-06	0
2.14e-06	3e-06	0
2.16e-06	3e-06	0
2.18e-06	3e-06	0
2.2e-06	3e-06	0
2.22e-06	3e-06	0
2.24e-06	3e-06	0
2.26e-06	3e-06	0
2.28e-06	3e-06	0
2.3e-06	3e-06	0
2.32e-06	3e-06	0
2.34e-06	3e-06	0
2.36e-06	3e-06	0
2.38e-06	3e-06	0
2.4e-06	3e-06	0
2.42e-06	3e-06	0
2.44e-06	3e-06	0
2.46e-06	3e-06	0
2.48e-06	3e-06	0
2.5e-06	3e-06	0
2.52e-06	3e-06	0
2.54e-06	3e-06	0
2.56e-06	3e-06	0
2.58e-06	3e-06	0
2.6e-06	3e-06	0
2.62e-06	3e-06	0
2.64e-06	3e-06	0
2.66e-06	3e-06	0
2.68e-06	3e-06	0
2.7e-06	3e-06	0
2.72e-06	3e-06	0
2.74e-06	3e-06	0
2.76e-06	3e-06	0
2.78e-06	3e-06	0
2.8e-06	3e-06	0
2.82e-06	3e-06	0
2.84e-06	3e-06	0
2.86e-06	3e-06	0
2.88e-06	3e-06	0
2.9e-06	3e-06	0
2.92e-06	3e-06	0
2.94e-06	3e-06	0
2.96e-06	3e-06	0
2.98e-06	3e-06	0
3e-06	3e-06	0
3e-06	3e-06	8
3e-06	3e-06	8
3e-06	3e-06	8
3e-06	3e-06	8
3e-06	3e-06	8
3e-06	3e-06	8
3e-06	3e-06	8
3e-06	3e-06	8
3e-06	3e-06	8
3e-06	3e-06	8
3e-06	3e-06	8
3e-06	3e-06	8
3e-06	3e-06	8
3e-06	3e-06	8
3e-06	3e-06	8
3e-06	3e-06	8
3e-06	3e-06	8
3e-06	3e-06	8
3e-06	3e-06	8
3e-06	3e-06	8
3e-06	3e-06	8
3e-06	3e-06	8
3e-06	3e-06	8
3e-06	3e-06	8
3e-06	3e-06	8
3e-06	3e-06	0
3.02e-06	3e-06	0
3.04e-06	3e-06	0
3.06e-06	3e-06	0
3.08e-06	3e-06	0
3.1e-06	3e-06	0
3.12e-06	3e-06	0
3.14e-06	3e-06	0
3.16e-06	3e-06	0
3.18e-06	3e-06	0
3.2e-06	3e-06	0
3.22e-06	3e-06	0
3.24e-06	3e-06	0
3.26e-06	3e-06	0
3.28e-06	3e-06	0
3.3e-06	3e-06	0
3.32e-06	3e-06	0
3.34e-06	3e-06	0
3.36e-06	3e-06	0
3.38e-06	3e-06	0
3.4e-06	3e-06	0
3.42e-06	3e-06	0
3.44e-06	3e-06	0
3.46e-06	3e-06	0
3.48e-06	3e-06	0
3.5e-06	3e-06	0
3.52e-06	3e-06	0
3.54e-06	3e-06	0
3.56e-06	3e-06	0
3.58e-06	3e-06	0
3.6e-06	3e-06	0
3.62e-06	3e-06	0
3.64e-06	3e-06	0
3.66e-06	3e-06	0
3.68e-06	3e-06	0
3.7e-06	3e-06	0
3.72e-06	3e-06	0
3.74e-06	3e-06	0
3.76e-06	3e-06	0
3.78e-06	3e-06	0
3.8e-06	3e-06	0
3.82e-06	3e-06	0
3.84e-06	3e-06	0
3.86e-06	3e-06	0
3.88e-06	3e-06	0
3.9e-06	3e-06	0
3.92e-06	3e-06	0
3.94e-06	3e-06	0
3.96e-06	3e-06	0
3.98e-06	3e-06	0
4e-06	3e-06	0
4e-06	3e-06	8
4e-06	3e-06	8
4e-06	3e-06	8
4e-06	3e-06	8
4e-06	3e-06	8
4e-06	3e-06	8
4e-06	3e-06	8
4e-06	3e-06	8
4e-06	3e-06	8
4e-06	3e-06	8
4e-06	3e-06	8
4e-06	3e-06	8
4e-06	3e-06	8
4e-06	3e-06	8
4e-06	3e-06	8
4e-06	3e-06	8
4e-06	3e-06	8
4e-06	3e-06	8
4e-06	3e-06	8
4e-06	3e-06	8
4e-06	3e-06	8
4e-06	3e-06	8
4e-06	3e-06	8
4e-06	3e-06	8
4e-06	3e-06	8
4e-06	3e-06	8
4e-06	3e-06	8
4e-06	3e-06	8
4e-06	3e-06	8
4e-06	3e-06	8
4e-06	3e-06	8
4e-06	3e-06	8
4e-06	3e-06	8
4e-06	3e-06	8
4e-06	3e-06	8
4e-06	3e-06	8
4e-06	3e-06	8
4e-06	3e-06	8
4e-06	3e-06	8
4e-06	3e-06	8
4e-06	3e-06	8
4e-06	3e-06	8
4e-06	3e-06	8
4e-06	3e-06	8
4e-06	3e-06	8
4e-06	3e-06	8
4e-06	3e-06	8
4e-06	3e-06	8
4e-06	3e-06	8
4e-06	3e-06	8
4e-06	3e-06	8
4e-06	3e-06	8
4e-06	3e-06	8
4e-06	3e-06	8
4e-06	3e-06	8
4e-06	3e-06	8
4e-06	3e-06	8
4e-06	3e-06	8
4e-06	3e-06	8
4e-06	3e-06	8
4e-06	3e-06	8
4e-06	3e-06	8
4e-06	3e-06	8
4e-06	3e-06	8
4e-06	3e-06	8
4e-06	3e-06	8
4e-06	3e-06	8
4e-06	3e-06	8
4e-06	3e-06	8
4e-06	3e-06	8
4e-06	3e-06	8
4e-06	3e-06	8
4e-06	3e-06	8
4e-06	3e-06	8
4e-06	3e-06	8
4e-06	3e-06	8
4e-06	3e-06	8
4e-06	3e-06	8
4e-06	3e-06	8
4e-06	3e-06	8
4e-06	3e-06	8
4e-06	3e-06	8
4e-06	3e-06	8
4e-06	3e-06	8
4e-06	3e-06	8
4e-06	3e-06	8
4e-06	3e-06	8
4e-06	3e-06	8
4e-06	3e-06	8
4e-06	3e-06	8
4e-06	3e-06	8
4e-06	3e-06	8
4e-06	3e-06	8
4e-06	3e-06	8
4e-06	3e-06	8
4e-06	3e-06	8
4e-06	3e-06	8
4e-06	3e-06	8
4e-06	3e-06	8
4e-06	3e-06	8
4e-06	3e-06	8
4e-06	3e-06	8
4e-06	3e-06	8
4e-06	3e-06	8
4e-06	3e-06	8
4e-06	3e-06	8
4e-06	3e-06	8
4e-06	3e-06	8
4e-06	3e-06	8
4e-06	3e-06	8
4e-06	3e-06	8
4e-06	3e-06	8
4e-06	3e-06	8
4e-06	3e-06	8
4e-06	3e-06	8
4e-06	3e-06	8
4e-06	3e-06	8
4e-06	3e-06	8
4e-06	3e-06	8
4e-06	3e-06	8
4e-06	3e-06	8
4e-06	3e-06	8
4e-06	3e-06	8
4e-06	3e-06	8
4e-06	3e-06	8
4e-06	3e-06	0
3.981132075e-06	3.006289308e-06	0
3.962264151e-06	3.012578616e-06	0
3.943396226e-06	3.018867925e-06	0
3.924528302e-06	3.025157233e-06	0
3.905660377e-06	3.031446541e-06	0
3.886792453e-06	3.037735849e-06	0
3.867924528e-06	3.044025157e-06	0
3.849056604e-06	3.050314465e-06	0
3.830188679e-06	3.056603774e-06	0
3.811320755e-06	3.062893082e-06	0
3.79245283e-06	3.06918239e-06	0
3.773584906e-06	3.075471698e-06	0
3.754716981e-06	3.081761006e-06	0
3.735849057e-06	3.088050314e-06	0
3.716981132e-06	3.094339623e-06	0
3.698113208e-06	3.100628931e-06	0
3.679245283e-06	3.106918239e-06	0
3.660377358e-06	3.113207547e-06	0
3.641509434e-06	3.119496855e-06	0
3.622641509e-06	3.125786164e-06	0
3.603773585e-06	3.132075472e-06	0
3.58490566e-06	3.13836478e-06	0
3.566037736e-06	3.144654088e-06	0
3.547169811e-06	3.150943396e-06	0
3.528301887e-06	3.157232704e-06	0
3.509433962e-06	3.163522013e-06	0
3.490566038e-06	3.169811321e-06	0
3.471698113e-06	3.176100629e-06	0
3.452830189e-06	3.182389937e-06	0
3.433962264e-06	3.188679245e-06	0
3.41509434e-06	3.194968553e-06	0
3.396226415e-06	3.201257862e-06	0
3.377358491e-06	3.20754717e-06	0
3.358490566e-06	3.213836478e-06	0
3.339622642e-06	3.220125786e-06	0
3.320754717e-06	3.226415094e-06	0
3.301886792e-06	3.232704403e-06	0
3.283018868e-06	3.238993711e-06	0
3.264150943e-06	3.245283019e-06	0
3.245283019e-06	3.251572327e-06	0
3.226415094e-06	3.257861635e-06	0
3.20754717e-06	3.264150943e-06	0
3.188679245e-06	3.270440252e-06	0
3.169811321e-06	3.27672956e-06	0
3.150943396e-06	3.283018868e-06	0
3.132075472e-06	3.289308176e-06	0
3.113207547e-06	3.295597484e-06	0
3.094339623e-06	3.301886792e-06	0
3.075471698e-06	3.308176101e-06	0
3.056603774e-06	3.314465409e-06	0
3.037735849e-06	3.320754717e-06	0
3.018867925e-06	3.327044025e-06	0
3e-06	3.333333333e-06	0
2.981132075e-06	3.339622642e-06	0
2.962264151e-06	3.34591195e-06	0
2.943396226e-06	3.352201258e-06	0
2.924528302e-06	3.358490566e-06	0
2.905660377e-06	3.364779874e-06	0
2.886792453e-06	3.371069182e-06	0
2.867924528e-06	3.377358491e-06	0
2.849056604e-06	3.383647799e-06	0
2.830188679e-06	3.389937107e-06	0
2.811320755e-06	3.396226415e-06	0
2.79245283e-06	3.402515723e-06	0
2.773584906e-06	3.408805031e-06	0
2.754716981e-06	3.41509434e-06	0
2.735849057e-06	3.421383648e-06	0
2.716981132e-06	3.427672956e-06	0
2.698113208e-06	3.433962264e-06	0
2.679245283e-06	3.440251572e-06	0
2.660377358e-06	3.446540881e-06	0
2.641509434e-06	3.452830189e-06	0
2.622641509e-06	3.459119497e-06	0
2.603773585e-06	3.465408805e-06	0
2.58490566e-06	3.471698113e-06	0
2.566037736e-06	3.477987421e-06	0
2.547169811e-06	3.48427673e-06	0
2.528301887e-06	3.490566038e-06	0
2.509433962e-06	3.496855346e-06	0
2.490566038e-06	3.503144654e-06	0
2.471698113e-06	3.509433962e-06	0
2.452830189e-06	3.51572327e-06	0
2.433962264e-06	3.522012579e-06	0
2.41509434e-06	3.528301887e-06	0
2.396226415e-06	3.534591195e-06	0
2.377358491e-06	3.540880503e-06	0
2.358490566e-06	3.547169811e-06	0
2.339622642e-06	3.553459119e-06	0
2.320754717e-06	3.559748428e-06	0
2.301886792e-06	3.566037736e-06	0
2.283018868e-06	3.572327044e-06	0
2.264150943e-06	3.578616352e-06	0
2.245283019e-06	3.58490566e-06	0
2.226415094e-06	3.591194969e-06	0
2.20754717e-06	3.597484277e-06	0
2.188679245e-06	3.603773585e-06	0
2.169811321e-06	3.610062893e-06	0
2.150943396e-06	3.616352201e-06	0
2.132075472e-06	3.622641509e-06	0
2.113207547e-06	3.628930818e-06	0
2.094339623e-06	3.635220126e-06	0
2.075471698e-06	3.641509434e-06	0
2.056603774e-06	3.647798742e-06	0
2.037735849e-06	3.65408805e-06	0
2.018867925e-06	3.660377358e-06	0
2e-06	3.666666667e-06	0
1.981132075e-06	3.672955975e-06	0
1.962264151e-06	3.679245283e-06	0
1.943396226e-06	3.685534591e-06	0
1.924528302e-06	3.691823899e-06	0
1.905660377e-06	3.698113208e-06	0
1.886792453e-06	3.704402516e-06	0
1.867924528e-06	3.710691824e-06	0
1.849056604e-06	3.716981132e-06	0
1.830188679e-06	3.72327044e-06	0
1.811320755e-06	3.729559748e-06	0
1.79245283e-06	3.735849057e-06	0
1.773584906e-06	3.742138365e-06	0
1.754716981e-06	3.748427673e-06	0
1.735849057e-06	3.754716981e-06	0
1.716981132e-06	3.761006289e-06	0
1.698113208e-06	3.767295597e-06	0
1.679245283e-06	3.773584906e-06	0
1.660377358e-06	3.779874214e-06	0
1.641509434e-06	3.786163522e-06	0
1.622641509e-06	3.79245283e-06	0
1.603773585e-06	3.798742138e-06	0
1.58490566e-06	3.805031447e-06	0
1.566037736e-06	3.811320755e-06	0
1.547169811e-06	3.817610063e-06	0
1.528301887e-06	3.823899371e-06	0
1.509433962e-06	3.830188679e-06	0
1.490566038e-06	3.836477987e-06	0
1.471698113e-06	3.842767296e-06	0
1.452830189e-06	3.849056604e-06	0
1.433962264e-06	3.855345912e-06	0
1.41509434e-06	3.86163522e-06	0
1.396226415e-06	3.867924528e-06	0
1.377358491e-06	3.874213836e-06	0
1.358490566e-06	3.880503145e-06	0
1.339622642e-06	3.886792453e-06	0
1.320754717e-06	3.893081761e-06	0
1.301886792e-06	3.899371069e-06	0
1.283018868e-06	3.905660377e-06	0
1.264150943e-06	3.911949686e-06	0
1.245283019e-06	3.918238994e-06	0
1.226415094e-06	3.924528302e-06	0
1.20754717e-06	3.93081761e-06	0
1.188679245e-06	3.937106918e-06	0
1.169811321e-06	3.943396226e-06	0
1.150943396e-06	3.949685535e-06	0
1.132075472e-06	3.955974843e-06	0
1.113207547e-06	3.962264151e-06	0
1.094339623e-06	3.968553459e-06	0
1.075471698e-06	3.974842767e-06	0
1.056603774e-06	3.981132075e-06	0
1.037735849e-06	3.987421384e-06	0
1.018867925e-06	3.993710692e-06	0
1e-06	4e-06	0
1e-06	4e-06	10
1e-06	4e-06	0
1.02e-06	4e-06	0
1.04e-06	4e-06	0
1.06e-06	4e-06	0
1.08e-06	4e-06	0
1.1e-06	4e-06	0
1.12e-06	4e-06	0
1.14e-06	4e-06	0
1.16e-06	4e-06	0
1.18e-06	4e-06	0
1.2e-06	4e-06	0
1.22e-06	4e-06	0
1.24e-06	4e-06	0
1.26e-06	4e-06	0
1.28e-06	4e-06	0
1.3e-06	4e-06	0
1.32e-06	4e-06	0
1.34e-06	4e-06	0
1.36e-06	4e-06	0
1.38e-06	4e-06	0
1.4e-06	4e-06	0
1.42e-06	4e-06	0
1.44e-06	4e-06	0
1.46e-06	4e-06	0
1.48e-06	4e-06	0
1.5e-06	4e-06	0
1.52e-06	4e-06	0
1.54e-06	4e-06	0
1.56e-06	4e-06	0
1.58e-06	4e-06	0
1.6e-06	4e-06	0
1.62e-06	4e-06	0
1.64e-06	4e-06	0
1.66e-06	4e-06	0
1.68e-06	4e-06	0
1.7e-06	4e-06	0
1.72e-06	4e-06	0
1.74e-06	4e-06	0
1.76e-06	4e-06	0
1.78e-06	4e-06	0
1.8e-06	4e-06	0
1.82e-06	4e-06	0
1.84e-06	4e-06	0
1.86e-06	4e-06	0
1.88e-06	4e-06	0
1.9e-06	4e-06	0
1.92e-06	4e-06	0
1.94e-06	4e-06	0
1.96e-06	4e-06	0
1.98e-06	4e-06	0
2e-06	4e-06	0
2e-06	4e-06	10
2e-06	4e-06	10
2e-06	4e-06	10
2e-06	4e-06	10
2e-06	4e-06	10
2e-06	4e-06	0
2.02e-06	4e-06	0
2.04e-06	4e-06	0
2.06e-06	4e-06	0
2.08e-06	4e-06	0
2.1e-06	4e-06	0
2.12e-06	4e-06	0
2.14e-06	4e-06	0
2.16e-06	4e-06	0
2.18e-06	4e-06	0
2.2e-06	4e-06	0
2.22e-06	4e-06	0
2.24e-06	4e-06	0
2.26e-06	4e-06	0
2.28e-06	4e-06	0
2.3e-06	4e-06	0
2.32e-06	4e-06	0
2.34e-06	4e-06	0
2.36e-06	4e-06	0
2.38e-06	4e-06	0
2.4e-06	4e-06	0
2.42e-06	4e-06	0
2.44e-06	4e-06	0
2.46e-06	4e-06	0
2.48e-06	4e-06	0
2.5e-06	4e-06	0
2.52e-06	4e-06	0
2.54e-06	4e-06	0
2.56e-06	4e-06	0
2.58e-06	4e-06	0
2.6e-06	4e-06	0
2.62e-06	4e-06	0
2.64e-06	4e-06	0
2.66e-06	4e-06	0
2.68e-06	4e-06	0
2.7e-06	4e-06	0
2.72e-06	4e-06	0
2.74e-06	4e-06	0
2.76e-06	4e-06	0
2.78e-06	4e-06	0
2.8e-06	4e-06	0
2.82e-06	4e-06	0
2.84e-06	4e-06	0
2.86e-06	4e-06	0
2.88e-06	4e-06	0
2.9e-06	4e-06	0
2.92e-06	4e-06	0
2.94e-06	4e-06	0
2.96e-06	4e-06	0
2.98e-06	4e-06	0
3e-06	4e-06	0
3e-06	4e-06	-10
3e-06	4e-06	-10
3e-06	4e-06	-10
3e-06	4e-06	-10
3e-06	4e-06	-10
3e-06	4e-06	-10
3e-06	4e-06	-10
3e-06	4e-06	-10
3e-06	4e-06	-10
3e-06	4e-06	-10
3e-06	4e-06	-10
3e-06	4e-06	-10
3e-06	4e-06	-10
3e-06	4e-06	-10
3e-06	4e-06	-10
3e-06	4e-06	-10
3e-06	4e-06	-10
3e-06	4e-06	-10
3e-06	4e-06	-10
3e-06	4e-06	-10
3e-06	4e-06	-10
3e-06	4e-06	-10
3e-06	4e-06	-10
3e-06	4e-06	-10
3e-06	4e-06	-10
3e-06	4e-06	0
3.02e-06	4e-06	0
3.04e-06	4e-06	0
3.06e-06	4e-06	0
3.08e-06	4e-06	0
3.1e-06	4e-06	0
3.12e-06	4e-06	0
3.14e-06	4e-06	0
3.16e-06	4e-06	0
3.18e-06	4e-06	0
3.2e-06	4e-06	0
3.22e-06	4e-06	0
3.24e-06	4e-06	0
3.26e-06	4e-06	0
3.28e-06	4e-06	0
3.3e-06	4e-06	0
3.32e-06	4e-06	0
3.34e-06	4e-06	0
3.36e-06	4e-06	0
3.38e-06	4e-06	0
3.4e-06	4e-06	0
3.42e-06	4e-06	0
3.44e-06	4e-06	0
3.46e-06	4e-06	0
3.48e-06	4e-06	0
3.5e-06	4e-06	0
3.52e-06	4e-06	0
3.54e-06	4e-06	0
3.56e-06	4e-06	0
3.58e-06	4e-06	0
3.6e-06	4e-06	0
3.62e-06	4e-06	0
3.64e-06	4e-06	0
3.66e-06	4e-06	0
3.68e-06	4e-06	0
3.7e-06	4e-06	0
3.72e-06	4e-06	0
3.74e-06	4e-06	0
3.76e-06	4e-06	0
3.78e-06	4e-06	0
3.8e-06	4e-06	0
3.82e-06	4e-06	0
3.84e-06	4e-06	0
3.86e-06	4e-06	0
3.88e-06	4e-06	0
3.9e-06	4e-06	0
3.92e-06	4e-06	0
3.94e-06	4e-06	0
3.96e-06	4e-06	0
3.98e-06	4e-06	0
4e-06	4e-06	0
4e-06	4e-06	-10
4e-06	4e-06	-10
4e-06	4e-06	-10
4e-06	4e-06	-10
4e-06	4e-06	-10
4e-06	4e-06	-10
4e-06	4e-06	-10
4e-06	4e-06	-10
4e-06	4e-06	-10
4e-06	4e-06	-10
4e-06	4e-06	-10
4e-06	4e-06	-10
4e-06	4e-06	-10
4e-06	4e-06	-10
4e-06	4e-06	-10
4e-06	4e-06	-10
4e-06	4e-06	-10
4e-06	4e-06	-10
4e-06	4e-06	-10
4e-06	4e-06	-10
4e-06	4e-06	-10
4e-06	4e-06	-10
4e-06	4e-06	-10
4e-06	4e-06	-10
4e-06	4e-06	-10
4e-06	4e-06	-10
4e-06	4e-06	-10
4e-06	4e-06	-10
4e-06	4e-06	-10
4e-06	4e-06	-10
4e-06	4e-06	-10
4e-06	4e-06	-10
4e-06	4e-06	-10
4e-06	4e-06	-10
4e-06	4e-06	-10
4e-06	4e-06	-10
4e-06	4e-06	-10
4e-06	4e-06	-10
4e-06	4e-06	-10
4e-06	4e-06	-10
4e-06	4e-06	-10
4e-06	4e-06	-10
4e-06	4e-06	-10
4e-06	4e-06	-10
4e-06	4e-06	-10
4e-06	4e-06	-10
4e-06	4e-06	-10
4e-06	4e-06	-10
4e-06	4e-06	-10
4e-06	4e-06	-10
4e-06	4e-06	-10
4e-06	4e-06	-10
4e-06	4e-06	-10
4e-06	4e-06	-10
4e-06	4e-06	-10
4e-06	4e-06	-10
4e-06	4e-06	-10
4e-06	4e-06	-10
4e-06	4e-06	-10
4e-06	4e-06	-10
4e-06	4e-06	-10
4e-06	4e-06	-10
4e-06	4e-06	-10
4e-06	4e-06	-10
4e-06	4e-06	-10
4e-06	4e-06	-10
4e-06	4e-06	-10
4e-06	4e-06	-10
4e-06	4e-06	-10
4e-06	4e-06	-10
4e-06	4e-06	-10
4e-06	4e-06	-10
4e-06	4e-06	-10
4e-06	4e-06	-10
4e-06	4e-06	-10
4e-06	4e-06	-10
4e-06	4e-06	-10
4e-06	4e-06	-10
4e-06	4e-06	-10
4e-06	4e-06	-10
4e-06	4e-06	-10
4e-06	4e-06	-10
4e-06	4e-06	-10
4e-06	4e-06	-10
4e-06	4e-06	-10
4e-06	4e-06	-10
4e-06	4e-06	-10
4e-06	4e-06	-10
4e-06	4e-06	-10
4e-06	4e-06	-10
4e-06	4e-06	-10
4e-06	4e-06	-10
4e-06	4e-06	-10
4e-06	4e-06	-10
4e-06	4e-06	-10
4e-06	4e-06	-10
4e-06	4e-06	-10
4e-06	4e-06	-10
4e-06	4e-06	-10
4e-06	4e-06	-10
4e-06	4e-06	-10
4e-06	4e-06	-10
4e-06	4e-06	-10
4e-06	4e-06	-10
4e-06	4e-06	-10
4e-06	4e-06	-10
4e-06	4e-06	-10
4e-06	4e-06	-10
4e-06	4e-06	-10
4e-06	4e-06	-10
4e-06	4e-06	-10
4e-06	4e-06	-10
4e-06	4e-06	-10
4e-06	4e-06	-10
4e-06	4e-06	-10
4e-06	4e-06	-10
4e-06	4e-06	-10
4e-06	4e-06	-10
4e-06	4e-06	-10
4e-06	4e-06	-10
4e-06	4e-06	-10
4e-06	4e-06	-10
4e-06	4e-06	-10
4e-06	4e-06	-10
4e-06	4e-06	-10
