# X_m	Y_m	V
2e-06	2e-06	10
2e-06	2e-06	10
2e-06	2e-06	10
2e-06	2e-06	10
2e-06	2e-06	10
2e-06	2e-06	10
2e-06	2e-06	10
2e-06	2e-06	10
2e-06	2e-06	10
2e-06	2e-06	10
2e-06	2e-06	10
2e-06	2e-06	10
2e-06	2e-06	10
2e-06	2e-06	10
2e-06	2e-06	10
2e-06	2e-06	10
2e-06	2e-06	10
2e-06	2e-06	10
2e-06	2e-06	10
2e-06	2e-06	10
2e-06	2e-06	10
2e-06	2e-06	10
2e-06	2e-06	10
2e-06	2e-06	10
2e-06	2e-06	10
2e-06	2e-06	0
2.02e-06	2e-06	0
2.04e-06	2e-06	0
2.06e-06	2e-06	0
2.08e-06	2e-06	0
2.1e-06	2e-06	0
2.12e-06	2e-06	0
2.14e-06	2e-06	0
2.16e-06	2e-06	0
2.18e-06	2e-06	0
2.2e-06	2e-06	0
2.22e-06	2e-06	0
2.24e-06	2e-06	0
2.26e-06	2e-06	0
2.28e-06	2e-06	0
2.3e-06	2e-06	0
2.32e-06	2e-06	0
2.34e-06	2e-06	0
2.36e-06	2e-06	0
2.38e-06	2e-06	0
2.4e-06	2e-06	0
2.42e-06	2e-06	0
2.44e-06	2e-06	0
2.46e-06	2e-06	0
2.48e-06	2e-06	0
2.5e-06	2e-06	0
2.52e-06	2e-06	0
2.54e-06	2e-06	0
2.56e-06	2e-06	0
2.58e-06	2e-06	0
2.6e-06	2e-06	0
2.62e-06	2e-06	0
2.64e-06	2e-06	0
2.66e-06	2e-06	0
2.68e-06	2e-06	0
2.7e-06	2e-06	0
2.72e-06	2e-06	0
2.74e-06	2e-06	0
2.76e-06	2e-06	0
2.78e-06	2e-06	0
2.8e-06	2e-06	0
2.82e-06	2e-06	0
2.84e-06	2e-06	0
2.86e-06	2e-06	0
2.88e-06	2e-06	0
2.9e-06	2e-06	0
2.92e-06	2e-06	0
2.94e-06	2e-06	0
2.96e-06	2e-06	0
2.98e-06	2e-06	0
3e-06	2e-06	0
3.02e-06	2e-06	0
3.04e-06	2e-06	0
3.06e-06	2e-06	0
3.08e-06	2e-06	0
3.1e-06	2e-06	0
3.12e-06	2e-06	0
3.14e-06	2e-06	0
3.16e-06	2e-06	0
3.18e-06	2e-06	0
3.2e-06	2e-06	0
3.22e-06	2e-06	0
3.24e-06	2e-06	0
3.26e-06	2e-06	0
3.28e-06	2e-06	0
3.3e-06	2e-06	0
3.32e-06	2e-06	0
3.34e-06	2e-06	0
3.36e-06	2e-06	0
3.38e-06	2e-06	0
3.4e-06	2e-06	0
3.42e-06	2e-06	0
3.44e-06	2e-06	0
3.46e-06	2e-06	0
3.48e-06	2e-06	0
3.5e-06	2e-06	0
3.52e-06	2e-06	0
3.54e-06	2e-06	0
3.56e-06	2e-06	0
3.58e-06	2e-06	0
3.6e-06	2e-06	0
3.62e-06	2e-06	0
3.64e-06	2e-06	0
3.66e-06	2e-06	0
3.68e-06	2e-06	0
3.7e-06	2e-06	0
3.72e-06	2e-06	0
3.74e-06	2e-06	0
3.76e-06	2e-06	0
3.78e-06	2e-06	0
3.8e-06	2e-06	0
3.82e-06	2e-06	0
3.84e-06	2e-06	0
3.86e-06	2e-06	0
3.88e-06	2e-06	0
3.9e-06	2e-06	0
3.92e-06	2e-06	0
3.94e-06	2e-06	0
3.96e-06	2e-06	0
3.98e-06	2e-06	0
4e-06	2e-06	0
4.02e-06	2e-06	0
4.04e-06	2e-06	0
4.06e-06	2e-06	0
4.08e-06	2e-06	0
4.1e-06	2e-06	0
4.12e-06	2e-06	0
4.14e-06	2e-06	0
4.16e-06	2e-06	0
4.18e-06	2e-06	0
4.2e-06	2e-06	0
4.2e-06	2e-06	-10
4.2e-06	2e-06	-10
4.2e-06	2e-06	-10
4.2e-06	2e-06	-10
4.2e-06	2e-06	-10
4.2e-06	2e-06	-10
4.2e-06	2e-06	-10
4.2e-06	2e-06	-10
4.2e-06	2e-06	-10
4.2e-06	2e-06	-10
4.2e-06	2e-06	-10
4.2e-06	2e-06	-10
4.2e-06	2e-06	-10
4.2e-06	2e-06	-10
4.2e-06	2e-06	-10
4.2e-06	2e-06	-10
4.2e-06	2e-06	-10
4.2e-06	2e-06	-10
4.2e-06	2e-06	-10
4.2e-06	2e-06	-10
4.2e-06	2e-06	-10
4.2e-06	2e-06	-10
4.2e-06	2e-06	-10
4.2e-06	2e-06	-10
4.2e-06	2e-06	-10
4.2e-06	2e-06	-10
4.2e-06	2e-06	-10
4.2e-06	2e-06	-10
4.2e-06	2e-06	-10
4.2e-06	2e-06	-10
4.2e-06	2e-06	-10
4.2e-06	2e-06	-10
4.2e-06	2e-06	-10
4.2e-06	2e-06	-10
4.2e-06	2e-06	-10
4.2e-06	2e-06	-10
4.2e-06	2e-06	-10
4.2e-06	2e-06	-10
4.2e-06	2e-06	-10
4.2e-06	2e-06	-10
4.2e-06	2e-06	-10
4.2e-06	2e-06	-10
4.2e-06	2e-06	-10
4.2e-06	2e-06	-10
4.2e-06	2e-06	-10
4.2e-06	2e-06	-10
4.2e-06	2e-06	-10
4.2e-06	2e-06	-10
4.2e-06	2e-06	-10
4.2e-06	2e-06	-10
4.2e-06	2e-06	0
4.22e-06	2e-06	0
4.24e-06	2e-06	0
4.26e-06	2e-06	0
4.28e-06	2e-06	0
4.3e-06	2e-06	0
4.32e-06	2e-06	0
4.34e-06	2e-06	0
4.36e-06	2e-06	0
4.38e-06	2e-06	0
4.4e-06	2e-06	0
4.42e-06	2e-06	0
4.44e-06	2e-06	0
4.46e-06	2e-06	0
4.48e-06	2e-06	0
4.5e-06	2e-06	0
4.52e-06	2e-06	0
4.54e-06	2e-06	0
4.56e-06	2e-06	0
4.58e-06	2e-06	0
4.6e-06	2e-06	0
4.62e-06	2e-06	0
4.64e-06	2e-06	0
4.66e-06	2e-06	0
4.68e-06	2e-06	0
4.7e-06	2e-06	0
4.72e-06	2e-06	0
4.74e-06	2e-06	0
4.76e-06	2e-06	0
4.78e-06	2e-06	0
4.8e-06	2e-06	0
4.82e-06	2e-06	0
4.84e-06	2e-06	0
4.86e-06	2e-06	0
4.88e-06	2e-06	0
4.9e-06	2e-06	0
4.92e-06	2e-06	0
4.94e-06	2e-06	0
4.96e-06	2e-06	0
4.98e-06	2e-06	0
5e-06	2e-06	0
5.02e-06	2e-06	0
5.04e-06	2e-06	0
5.06e-06	2e-06	0
5.08e-06	2e-06	0
5.1e-06	2e-06	0
5.12e-06	2e-06	0
5.14e-06	2e-06	0
5.16e-06	2e-06	0
5.18e-06	2e-06	0
5.2e-06	2e-06	0
5.22e-06	2e-06	0
5.24e-06	2e-06	0
5.26e-06	2e-06	0
5.28e-06	2e-06	0
5.3e-06	2e-06	0
5.32e-06	2e-06	0
5.34e-06	2e-06	0
5.36e-06	2e-06	0
5.38e-06	2e-06	0
5.4e-06	2e-06	0
5.42e-06	2e-06	0
5.44e-06	2e-06	0
5.46e-06	2e-06	0
5.48e-06	2e-06	0
5.5e-06	2e-06	0
5.52e-06	2e-06	0
5.54e-06	2e-06	0
5.56e-06	2e-06	0
5.58e-06	2e-06	0
5.6e-06	2e-06	0
5.62e-06	2e-06	0
5.64e-06	2e-06	0
5.66e-06	2e-06	0
5.68e-06	2e-06	0
5.7e-06	2e-06	0
5.72e-06	2e-06	0
5.74e-06	2e-06	0
5.76e-06	2e-06	0
5.78e-06	2e-06	0
5.8e-06	2e-06	0
5.82e-06	2e-06	0
5.84e-06	2e-06	0
5.86e-06	2e-06	0
5.88e-06	2e-06	0
5.9e-06	2e-06	0
5.92e-06	2e-06	0
5.94e-06	2e-06	0
5.96e-06	2e-06	0
5.98e-06	2e-06	0
6e-06	2e-06	0
6.02e-06	2e-06	0
6.04e-06	2e-06	0
6.06e-06	2e-06	0
6.08e-06	2e-06	0
6.1e-06	2e-06	0
6.12e-06	2e-06	0
6.14e-06	2e-06	0
6.16e-06	2e-06	0
6.18e-06	2e-06	0
6.2e-06	2e-06	0
6.22e-06	2e-06	0
6.24e-06	2e-06	0
6.26e-06	2e-06	0
6.28e-06	2e-06	0
6.3e-06	2e-06	0
6.32e-06	2e-06	0
6.34e-06	2e-06	0
6.36e-06	2e-06	0
6.38e-06	2e-06	0
6.4e-06	2e-06	0
6.4e-06	2e-06	10
6.4e-06	2e-06	10
6.4e-06	2e-06	10
6.4e-06	2e-06	10
6.4e-06	2e-06	10
6.4e-06	2e-06	10
6.4e-06	2e-06	10
6.4e-06	2e-06	10
6.4e-06	2e-06	10
6.4e-06	2e-06	10
6.4e-06	2e-06	10
6.4e-06	2e-06	10
6.4e-06	2e-06	10
6.4e-06	2e-06	10
6.4e-06	2e-06	10
6.4e-06	2e-06	10
6.4e-06	2e-06	10
6.4e-06	2e-06	10
6.4e-06	2e-06	10
6.4e-06	2e-06	10
6.4e-06	2e-06	10
6.4e-06	2e-06	10
6.4e-06	2e-06	10
6.4e-06	2e-06	10
6.4e-06	2e-06	10
6.4e-06	2e-06	10
6.4e-06	2e-06	10
6.4e-06	2e-06	10
6.4e-06	2e-06	10
6.4e-06	2e-06	10
6.4e-06	2e-06	10
6.4e-06	2e-06	10
6.4e-06	2e-06	10
6.4e-06	2e-06	10
6.4e-06	2e-06	10
6.4e-06	2e-06	10
6.4e-06	2e-06	10
6.4e-06	2e-06	10
6.4e-06	2e-06	10
6.4e-06	2e-06	10
6.4e-06	2e-06	10
6.4e-06	2e-06	10
6.4e-06	2e-06	10
6.4e-06	2e-06	10
6.4e-06	2e-06	10
6.4e-06	2e-06	10
6.4e-06	2e-06	10
6.4e-06	2e-06	10
6.4e-06	2e-06	10
6.4e-06	2e-06	10
6.4e-06	2e-06	10
6.4e-06	2e-06	10
6.4e-06	2e-06	10
6.4e-06	2e-06	10
6.4e-06	2e-06	10
6.4e-06	2e-06	10
6.4e-06	2e-06	10
6.4e-06	2e-06	10
6.4e-06	2e-06	10
6.4e-06	2e-06	10
6.4e-06	2e-06	10
6.4e-06	2e-06	10
6.4e-06	2e-06	10
6.4e-06	2e-06	10
6.4e-06	2e-06	10
6.4e-06	2e-06	10
6.4e-06	2e-06	10
6.4e-06	2e-06	10
6.4e-06	2e-06	10
6.4e-06	2e-06	10
6.4e-06	2e-06	10
6.4e-06	2e-06	10
6.4e-06	2e-06	10
6.4e-06	2e-06	10
6.4e-06	2e-06	10
6.4e-06	2e-06	10
6.4e-06	2e-06	10
6.4e-06	2e-06	10
6.4e-06	2e-06	10
6.4e-06	2e-06	10
6.4e-06	2e-06	10
6.4e-06	2e-06	10
6.4e-06	2e-06	10
6.4e-06	2e-06	10
6.4e-06	2e-06	10
6.4e-06	2e-06	10
6.4e-06	2e-06	10
6.4e-06	2e-06	10
6.4e-06	2e-06	10
6.4e-06	2e-06	10
6.4e-06	2e-06	10
6.4e-06	2e-06	10
6.4e-06	2e-06	10
6.4e-06	2e-06	10
6.4e-06	2e-06	10
6.4e-06	2e-06	10
6.4e-06	2e-06	10
6.4e-06	2e-06	10
6.4e-06	2e-06	10
6.4e-06	2e-06	10
6.4e-06	2e-06	10
6.4e-06	2e-06	10
6.4e-06	2e-06	10
6.4e-06	2e-06	10
6.4e-06	2e-06	10
6.4e-06	2e-06	10
6.4e-06	2e-06	10
6.4e-06	2e-06	10
6.4e-06	2e-06	10
6.4e-06	2e-06	10
6.4e-06	2e-06	10
6.4e-06	2e-06	10
6.4e-06	2e-06	10
6.4e-06	2e-06	10
6.4e-06	2e-06	10
6.4e-06	2e-06	10
6.4e-06	2e-06	10
6.4e-06	2e-06	10
6.4e-06	2e-06	10
6.4e-06	2e-06	10
6.4e-06	2e-06	10
6.4e-06	2e-06	10
6.4e-06	2e-06	10
6.4e-06	2e-06	10
6.4e-06	2e-06	10
6.4e-06	2e-06	0
6.382113821e-06	2.008943089e-06	0
6.364227642e-06	2.017886179e-06	0
6.346341463e-06	2.026829268e-06	0
6.328455285e-06	2.035772358e-06	0
6.310569106e-06	2.044715447e-06	0
6.292682927e-06	2.053658537e-06	0
6.274796748e-06	2.062601626e-06	0
6.256910569e-06	2.071544715e-06	0
6.23902439e-06	2.080487805e-06	0
6.221138211e-06	2.089430894e-06	0
6.203252033e-06	2.098373984e-06	0
6.185365854e-06	2.107317073e-06	0
6.167479675e-06	2.116260163e-06	0
6.149593496e-06	2.125203252e-06	0
6.131707317e-06	2.134146341e-06	0
6.113821138e-06	2.143089431e-06	0
6.095934959e-06	2.15203252e-06	0
6.07804878e-06	2.16097561e-06	0
6.060162602e-06	2.169918699e-06	0
6.042276423e-06	2.178861789e-06	0
6.024390244e-06	2.187804878e-06	0
6.006504065e-06	2.196747967e-06	0
5.988617886e-06	2.205691057e-06	0
5.970731707e-06	2.214634146e-06	0
5.952845528e-06	2.223577236e-06	0
5.93495935e-06	2.232520325e-06	0
5.917073171e-06	2.241463415e-06	0
5.899186992e-06	2.250406504e-06	0
5.881300813e-06	2.259349593e-06	0
5.863414634e-06	2.268292683e-06	0
5.845528455e-06	2.277235772e-06	0
5.827642276e-06	2.286178862e-06	0
5.809756098e-06	2.295121951e-06	0
5.791869919e-06	2.304065041e-06	0
5.77398374e-06	2.31300813e-06	0
5.756097561e-06	2.32195122e-06	0
5.738211382e-06	2.330894309e-06	0
5.720325203e-06	2.339837398e-06	0
5.702439024e-06	2.348780488e-06	0
5.684552846e-06	2.357723577e-06	0
5.666666667e-06	2.366666667e-06	0
5.648780488e-06	2.375609756e-06	0
5.630894309e-06	2.384552846e-06	0
5.61300813e-06	2.393495935e-06	0
5.595121951e-06	2.402439024e-06	0
5.577235772e-06	2.411382114e-06	0
5.559349593e-06	2.420325203e-06	0
5.541463415e-06	2.429268293e-06	0
5.523577236e-06	2.438211382e-06	0
5.505691057e-06	2.447154472e-06	0
5.487804878e-06	2.456097561e-06	0
5.469918699e-06	2.46504065e-06	0
5.45203252e-06	2.47398374e-06	0
5.434146341e-06	2.482926829e-06	0
5.416260163e-06	2.491869919e-06	0
5.398373984e-06	2.500813008e-06	0
5.380487805e-06	2.509756098e-06	0
5.362601626e-06	2.518699187e-06	0
5.344715447e-06	2.527642276e-06	0
5.326829268e-06	2.536585366e-06	0
5.308943089e-06	2.545528455e-06	0
5.291056911e-06	2.554471545e-06	0
5.273170732e-06	2.563414634e-06	0
5.255284553e-06	2.572357724e-06	0
5.237398374e-06	2.581300813e-06	0
5.219512195e-06	2.590243902e-06	0
5.201626016e-06	2.599186992e-06	0
5.183739837e-06	2.608130081e-06	0
5.165853659e-06	2.617073171e-06	0
5.14796748e-06	2.62601626e-06	0
5.130081301e-06	2.63495935e-06	0
5.112195122e-06	2.643902439e-06	0
5.094308943e-06	2.652845528e-06	0
5.076422764e-06	2.661788618e-06	0
5.058536585e-06	2.670731707e-06	0
5.040650407e-06	2.679674797e-06	0
5.022764228e-06	2.688617886e-06	0
5.004878049e-06	2.697560976e-06	0
4.98699187e-06	2.706504065e-06	0
4.969105691e-06	2.715447154e-06	0
4.951219512e-06	2.724390244e-06	0
4.933333333e-06	2.733333333e-06	0
4.915447154e-06	2.742276423e-06	0
4.897560976e-06	2.751219512e-06	0
4.879674797e-06	2.760162602e-06	0
4.861788618e-06	2.769105691e-06	0
4.843902439e-06	2.77804878e-06	0
4.82601626e-06	2.78699187e-06	0
4.808130081e-06	2.795934959e-06	0
4.790243902e-06	2.804878049e-06	0
4.772357724e-06	2.813821138e-06	0
4.754471545e-06	2.822764228e-06	0
4.736585366e-06	2.831707317e-06	0
4.718699187e-06	2.840650407e-06	0
4.700813008e-06	2.849593496e-06	0
4.682926829e-06	2.858536585e-06	0
4.66504065e-06	2.867479675e-06	0
4.647154472e-06	2.876422764e-06	0
4.629268293e-06	2.885365854e-06	0
4.611382114e-06	2.894308943e-06	0
4.593495935e-06	2.903252033e-06	0
4.575609756e-06	2.912195122e-06	0
4.557723577e-06	2.921138211e-06	0
4.539837398e-06	2.930081301e-06	0
4.52195122e-06	2.93902439e-06	0
4.504065041e-06	2.94796748e-06	0
4.486178862e-06	2.956910569e-06	0
4.468292683e-06	2.965853659e-06	0
4.450406504e-06	2.974796748e-06	0
4.432520325e-06	2.983739837e-06	0
4.414634146e-06	2.992682927e-06	0
4.396747967e-06	3.001626016e-06	0
4.378861789e-06	3.010569106e-06	0
4.36097561e-06	3.019512195e-06	0
4.343089431e-06	3.028455285e-06	0
4.325203252e-06	3.037398374e-06	0
4.307317073e-06	3.046341463e-06	0
4.289430894e-06	3.055284553e-06	0
4.271544715e-06	3.064227642e-06	0
4.253658537e-06	3.073170732e-06	0
4.235772358e-06	3.082113821e-06	0
4.217886179e-06	3.091056911e-06	0
4.2e-06	3.1e-06	0
4.182113821e-06	3.108943089e-06	0
4.164227642e-06	3.117886179e-06	0
4.146341463e-06	3.126829268e-06	0
4.128455285e-06	3.135772358e-06	0
4.110569106e-06	3.144715447e-06	0
4.092682927e-06	3.153658537e-06	0
4.074796748e-06	3.162601626e-06	0
4.056910569e-06	3.171544715e-06	0
4.03902439e-06	3.180487805e-06	0
4.021138211e-06	3.189430894e-06	0
4.003252033e-06	3.198373984e-06	0
3.985365854e-06	3.207317073e-06	0
3.967479675e-06	3.216260163e-06	0
3.949593496e-06	3.225203252e-06	0
3.931707317e-06	3.234146341e-06	0
3.913821138e-06	3.243089431e-06	0
3.895934959e-06	3.25203252e-06	0
3.87804878e-06	3.26097561e-06	0
3.860162602e-06	3.269918699e-06	0
3.842276423e-06	3.278861789e-06	0
3.824390244e-06	3.287804878e-06	0
3.806504065e-06	3.296747967e-06	0
3.788617886e-06	3.305691057e-06	0
3.770731707e-06	3.314634146e-06	0
3.752845528e-06	3.323577236e-06	0
3.73495935e-06	3.332520325e-06	0
3.717073171e-06	3.341463415e-06	0
3.699186992e-06	3.350406504e-06	0
3.681300813e-06	3.359349593e-06	0
3.663414634e-06	3.368292683e-06	0
3.645528455e-06	3.377235772e-06	0
3.627642276e-06	3.386178862e-06	0
3.609756098e-06	3.395121951e-06	0
3.591869919e-06	3.404065041e-06	0
3.57398374e-06	3.41300813e-06	0
3.556097561e-06	3.42195122e-06	0
3.538211382e-06	3.430894309e-06	0
3.520325203e-06	3.439837398e-06	0
3.502439024e-06	3.448780488e-06	0
3.484552846e-06	3.457723577e-06	0
3.466666667e-06	3.466666667e-06	0
3.448780488e-06	3.475609756e-06	0
3.430894309e-06	3.484552846e-06	0
3.41300813e-06	3.493495935e-06	0
3.395121951e-06	3.502439024e-06	0
3.377235772e-06	3.511382114e-06	0
3.359349593e-06	3.520325203e-06	0
3.341463415e-06	3.529268293e-06	0
3.323577236e-06	3.538211382e-06	0
3.305691057e-06	3.547154472e-06	0
3.287804878e-06	3.556097561e-06	0
3.269918699e-06	3.56504065e-06	0
3.25203252e-06	3.57398374e-06	0
3.234146341e-06	3.582926829e-06	0
3.216260163e-06	3.591869919e-06	0
3.198373984e-06	3.600813008e-06	0
3.180487805e-06	3.609756098e-06	0
3.162601626e-06	3.618699187e-06	0
3.144715447e-06	3.627642276e-06	0
3.126829268e-06	3.636585366e-06	0
3.108943089e-06	3.645528455e-06	0
3.091056911e-06	3.654471545e-06	0
3.073170732e-06	3.663414634e-06	0
3.055284553e-06	3.672357724e-06	0
3.037398374e-06	3.681300813e-06	0
3.019512195e-06	3.690243902e-06	0
3.001626016e-06	3.699186992e-06	0
2.983739837e-06	3.708130081e-06	0
2.965853659e-06	3.717073171e-06	0
2.94796748e-06	3.72601626e-06	0
2.930081301e-06	3.73495935e-06	0
2.912195122e-06	3.743902439e-06	0
2.894308943e-06	3.752845528e-06	0
2.876422764e-06	3.761788618e-06	0
2.858536585e-06	3.770731707e-06	0
2.840650407e-06	3.779674797e-06	0
2.822764228e-06	3.788617886e-06	0
2.804878049e-06	3.797560976e-06	0
2.78699187e-06	3.806504065e-06	0
2.769105691e-06	3.815447154e-06	0
2.751219512e-06	3.824390244e-06	0
2.733333333e-06	3.833333333e-06	0
2.715447154e-06	3.842276423e-06	0
2.697560976e-06	3.851219512e-06	0
2.679674797e-06	3.860162602e-06	0
2.661788618e-06	3.869105691e-06	0
2.643902439e-06	3.87804878e-06	0
2.62601626e-06	3.88699187e-06	0
2.608130081e-06	3.895934959e-06	0
2.590243902e-06	3.904878049e-06	0
2.572357724e-06	3.913821138e-06	0
2.554471545e-06	3.922764228e-06	0
2.536585366e-06	3.931707317e-06	0
2.518699187e-06	3.940650407e-06	0
2.500813008e-06	3.949593496e-06	0
2.482926829e-06	3.958536585e-06	0
2.46504065e-06	3.967479675e-06	0
2.447154472e-06	3.976422764e-06	0
2.429268293e-06	3.985365854e-06	0
2.411382114e-06	3.994308943e-06	0
2.393495935e-06	4.003252033e-06	0
2.375609756e-06	4.012195122e-06	0
2.357723577e-06	4.021138211e-06	0
2.339837398e-06	4.030081301e-06	0
2.32195122e-06	4.03902439e-06	0
2.304065041e-06	4.04796748e-06	0
2.286178862e-06	4.056910569e-06	0
2.268292683e-06	4.065853659e-06	0
2.250406504e-06	4.074796748e-06	0
2.232520325e-06	4.083739837e-06	0
2.214634146e-06	4.092682927e-06	0
2.196747967e-06	4.101626016e-06	0
2.178861789e-06	4.110569106e-06	0
2.16097561e-06	4.119512195e-06	0
2.143089431e-06	4.128455285e-06	0
2.125203252e-06	4.137398374e-06	0
2.107317073e-06	4.146341463e-06	0
2.089430894e-06	4.155284553e-06	0
2.071544715e-06	4.164227642e-06	0
2.053658537e-06	4.173170732e-06	0
2.035772358e-06	4.182113821e-06	0
2.017886179e-06	4.191056911e-06	0
2e-06	4.2e-06	0
2e-06	4.2e-06	-10
2e-06	4.2e-06	-10
2e-06	4.2e-06	-10
2e-06	4.2e-06	-10
2e-06	4.2e-06	-10
2e-06	4.2e-06	-10
2e-06	4.2e-06	-10
2e-06	4.2e-06	-10
2e-06	4.2e-06	-10
2e-06	4.2e-06	-10
2e-06	4.2e-06	-10
2e-06	4.2e-06	-10
2e-06	4.2e-06	-10
2e-06	4.2e-06	-10
2e-06	4.2e-06	-10
2e-06	4.2e-06	-10
2e-06	4.2e-06	-10
2e-06	4.2e-06	-10
2e-06	4.2e-06	-10
2e-06	4.2e-06	-10
2e-06	4.2e-06	-10
2e-06	4.2e-06	-10
2e-06	4.2e-06	-10
2e-06	4.2e-06	-10
2e-06	4.2e-06	-10
2e-06	4.2e-06	-10
2e-06	4.2e-06	-10
2e-06	4.2e-06	-10
2e-06	4.2e-06	-10
2e-06	4.2e-06	-10
2e-06	4.2e-06	-10
2e-06	4.2e-06	-10
2e-06	4.2e-06	-10
2e-06	4.2e-06	-10
2e-06	4.2e-06	-10
2e-06	4.2e-06	-10
2e-06	4.2e-06	-10
2e-06	4.2e-06	-10
2e-06	4.2e-06	-10
2e-06	4.2e-06	-10
2e-06	4.2e-06	-10
2e-06	4.2e-06	-10
2e-06	4.2e-06	-10
2e-06	4.2e-06	-10
2e-06	4.2e-06	-10
2e-06	4.2e-06	-10
2e-06	4.2e-06	-10
2e-06	4.2e-06	-10
2e-06	4.2e-06	-10
2e-06	4.2e-06	-10
2e-06	4.2e-06	-10
2e-06	4.2e-06	-10
2e-06	4.2e-06	-10
2e-06	4.2e-06	-10
2e-06	4.2e-06	-10
2e-06	4.2e-06	-10
2e-06	4.2e-06	-10
2e-06	4.2e-06	-10
2e-06	4.2e-06	-10
2e-06	4.2e-06	-10
2e-06	4.2e-06	-10
2e-06	4.2e-06	-10
2e-06	4.2e-06	-10
2e-06	4.2e-06	-10
2e-06	4.2e-06	-10
2e-06	4.2e-06	-10
2e-06	4.2e-06	-10
2e-06	4.2e-06	-10
2e-06	4.2e-06	-10
2e-06	4.2e-06	-10
2e-06	4.2e-06	-10
2e-06	4.2e-06	-10
2e-06	4.2e-06	-10
2e-06	4.2e-06	-10
2e-06	4.2e-06	-10
2e-06	4.2e-06	-10
2e-06	4.2e-06	-10
2e-06	4.2e-06	-10
2e-06	4.2e-06	-10
2e-06	4.2e-06	-10
2e-06	4.2e-06	-10
2e-06	4.2e-06	-10
2e-06	4.2e-06	-10
2e-06	4.2e-06	-10
2e-06	4.2e-06	-10
2e-06	4.2e-06	-10
2e-06	4.2e-06	-10
2e-06	4.2e-06	-10
2e-06	4.2e-06	-10
2e-06	4.2e-06	-10
2e-06	4.2e-06	-10
2e-06	4.2e-06	-10
2e-06	4.2e-06	-10
2e-06	4.2e-06	-10
2e-06	4.2e-06	-10
2e-06	4.2e-06	-10
2e-06	4.2e-06	-10
2e-06	4.2e-06	-10
2e-06	4.2e-06	-10
2e-06	4.2e-06	-10
2e-06	4.2e-06	-10
2e-06	4.2e-06	-10
2e-06	4.2e-06	-10
2e-06	4.2e-06	-10
2e-06	4.2e-06	-10
2e-06	4.2e-06	-10
2e-06	4.2e-06	-10
2e-06	4.2e-06	-10
2e-06	4.2e-06	-10
2e-06	4.2e-06	-10
2e-06	4.2e-06	-10
2e-06	4.2e-06	-10
2e-06	4.2e-06	-10
2e-06	4.2e-06	-10
2e-06	4.2e-06	-10
2e-06	4.2e-06	-10
2e-06	4.2e-06	-10
2e-06	4.2e-06	-10
2e-06	4.2e-06	-10
2e-06	4.2e-06	-10
2e-06	4.2e-06	-10
2e-06	4.2e-06	-10
2e-06	4.2e-06	-10
2e-06	4.2e-06	-10
2e-06	4.2e-06	-10
2e-06	4.2e-06	-10
2e-06	4.2e-06	-10
2e-06	4.2e-06	-10
2e-06	4.2e-06	-10
2e-06	4.2e-06	-10
2e-06	4.2e-06	-10
2e-06	4.2e-06	-10
2e-06	4.2e-06	-10
2e-06	4.2e-06	-10
2e-06	4.2e-06	-10
2e-06	4.2e-06	-10
2e-06	4.2e-06	-10
2e-06	4.2e-06	-10
2e-06	4.2e-06	-10
2e-06	4.2e-06	-10
2e-06	4.2e-06	-10
2e-06	4.2e-06	-10
2e-06	4.2e-06	-10
2e-06	4.2e-06	-10
2e-06	4.2e-06	-10
2e-06	4.2e-06	-10
2e-06	4.2e-06	-10
2e-06	4.2e-06	-10
2e-06	4.2e-06	-10
2e-06	4.2e-06	-10
2e-06	4.2e-06	-10
2e-06	4.2e-06	-10
2e-06	4.2e-06	-10
2e-06	4.2e-06	-10
2e-06	4.2e-06	-10
2e-06	4.2e-06	-10
2e-06	4.2e-06	-10
2e-06	4.2e-06	-10
2e-06	4.2e-06	-10
2e-06	4.2e-06	-10
2e-06	4.2e-06	-10
2e-06	4.2e-06	-10
2e-06	4.2e-06	-10
2e-06	4.2e-06	-10
2e-06	4.2e-06	-10
2e-06	4.2e-06	-10
2e-06	4.2e-06	-10
2e-06	4.2e-06	-10
2e-06	4.2e-06	-10
2e-06	4.2e-06	-10
2e-06	4.2e-06	-10
2e-06	4.2e-06	-10
2e-06	4.2e-06	-10
2e-06	4.2e-06	-10
2e-06	4.2e-06	-10
2e-06	4.2e-06	-10
2e-06	4.2e-06	-10
2e-06	4.2e-06	-10
2e-06	4.2e-06	-10
2e-06	4.2e-06	-10
2e-06	4.2e-06	-10
2e-06	4.2e-06	-10
2e-06	4.2e-06	-10
2e-06	4.2e-06	-10
2e-06	4.2e-06	-10
2e-06	4.2e-06	-10
2e-06	4.2e-06	-10
2e-06	4.2e-06	-10
2e-06	4.2e-06	-10
2e-06	4.2e-06	-10
2e-06	4.2e-06	-10
2e-06	4.2e-06	-10
2e-06	4.2e-06	-10
2e-06	4.2e-06	-10
2e-06	4.2e-06	-10
2e-06	4.2e-06	-10
2e-06	4.2e-06	-10
2e-06	4.2e-06	-10
2e-06	4.2e-06	-10
2e-06	4.2e-06	-10
2e-06	4.2e-06	-10
2e-06	4.2e-06	-10
2e-06	4.2e-06	-10
2e-06	4.2e-06	-10
2e-06	4.2e-06	-10
2e-06	4.2e-06	-10
2e-06	4.2e-06	-10
2e-06	4.2e-06	-10
2e-06	4.2e-06	-10
2e-06	4.2e-06	-10
2e-06	4.2e-06	-10
2e-06	4.2e-06	-10
2e-06	4.2e-06	-10
2e-06	4.2e-06	-10
2e-06	4.2e-06	-10
2e-06	4.2e-06	-10
2e-06	4.2e-06	-10
2e-06	4.2e-06	-10
2e-06	4.2e-06	-10
2e-06	4.2e-06	-10
2e-06	4.2e-06	-10
2e-06	4.2e-06	-10
2e-06	4.2e-06	-10
2e-06	4.2e-06	-10
2e-06	4.2e-06	-10
2e-06	4.2e-06	-10
2e-06	4.2e-06	-10
2e-06	4.2e-06	-10
2e-06	4.2e-06	-10
2e-06	4.2e-06	-10
2e-06	4.2e-06	-10
2e-06	4.2e-06	-10
2e-06	4.2e-06	-10
2e-06	4.2e-06	-10
2e-06	4.2e-06	-10
2e-06	4.2e-06	-10
2e-06	4.2e-06	-10
2e-06	4.2e-06	-10
2e-06	4.2e-06	-10
2e-06	4.2e-06	-10
2e-06	4.2e-06	-10
2e-06	4.2e-06	-10
2e-06	4.2e-06	-10
2e-06	4.2e-06	-10
2e-06	4.2e-06	-10
2e-06	4.2e-06	-10
2e-06	4.2e-06	-10
2e-06	4.2e-06	-10
2e-06	4.2e-06	-10
2e-06	4.2e-06	-10
2e-06	4.2e-06	0
2.02e-06	4.2e-06	0
2.04e-06	4.2e-06	0
2.06e-06	4.2e-06	0
2.08e-06	4.2e-06	0
2.1e-06	4.2e-06	0
2.12e-06	4.2e-06	0
2.14e-06	4.2e-06	0
2.16e-06	4.2e-06	0
2.18e-06	4.2e-06	0
2.2e-06	4.2e-06	0
2.22e-06	4.2e-06	0
2.24e-06	4.2e-06	0
2.26e-06	4.2e-06	0
2.28e-06	4.2e-06	0
2.3e-06	4.2e-06	0
2.32e-06	4.2e-06	0
2.34e-06	4.2e-06	0
2.36e-06	4.2e-06	0
2.38e-06	4.2e-06	0
2.4e-06	4.2e-06	0
2.42e-06	4.2e-06	0
2.44e-06	4.2e-06	0
2.46e-06	4.2e-06	0
2.48e-06	4.2e-06	0
2.5e-06	4.2e-06	0
2.52e-06	4.2e-06	0
2.54e-06	4.2e-06	0
2.56e-06	4.2e-06	0
2.58e-06	4.2e-06	0
2.6e-06	4.2e-06	0
2.62e-06	4.2e-06	0
2.64e-06	4.2e-06	0
2.66e-06	4.2e-06	0
2.68e-06	4.2e-06	0
2.7e-06	4.2e-06	0
2.72e-06	4.2e-06	0
2.74e-06	4.2e-06	0
2.76e-06	4.2e-06	0
2.78e-06	4.2e-06	0
2.8e-06	4.2e-06	0
2.82e-06	4.2e-06	0
2.84e-06	4.2e-06	0
2.86e-06	4.2e-06	0
2.88e-06	4.2e-06	0
2.9e-06	4.2e-06	0
2.92e-06	4.2e-06	0
2.94e-06	4.2e-06	0
2.96e-06	4.2e-06	0
2.98e-06	4.2e-06	0
3e-06	4.2e-06	0
3.02e-06	4.2e-06	0
3.04e-06	4.2e-06	0
3.06e-06	4.2e-06	0
3.08e-06	4.2e-06	0
3.1e-06	4.2e-06	0
3.12e-06	4.2e-06	0
3.14e-06	4.2e-06	0
3.16e-06	4.2e-06	0
3.18e-06	4.2e-06	0
3.2e-06	4.2e-06	0
3.22e-06	4.2e-06	0
3.24e-06	4.2e-06	0
3.26e-06	4.2e-06	0
3.28e-06	4.2e-06	0
3.3e-06	4.2e-06	0
3.32e-06	4.2e-06	0
3.34e-06	4.2e-06	0
3.36e-06	4.2e-06	0
3.38e-06	4.2e-06	0
3.4e-06	4.2e-06	0
3.42e-06	4.2e-06	0
3.44e-06	4.2e-06	0
3.46e-06	4.2e-06	0
3.48e-06	4.2e-06	0
3.5e-06	4.2e-06	0
3.52e-06	4.2e-06	0
3.54e-06	4.2e-06	0
3.56e-06	4.2e-06	0
3.58e-06	4.2e-06	0
3.6e-06	4.2e-06	0
3.62e-06	4.2e-06	0
3.64e-06	4.2e-06	0
3.66e-06	4.2e-06	0
3.68e-06	4.2e-06	0
3.7e-06	4.2e-06	0
3.72e-06	4.2e-06	0
3.74e-06	4.2e-06	0
3.76e-06	4.2e-06	0
3.78e-06	4.2e-06	0
3.8e-06	4.2e-06	0
3.82e-06	4.2e-06	0
3.84e-06	4.2e-06	0
3.86e-06	4.2e-06	0
3.88e-06	4.2e-06	0
3.9e-06	4.2e-06	0
3.92e-06	4.2e-06	0
3.94e-06	4.2e-06	0
3.96e-06	4.2e-06	0
3.98e-06	4.2e-06	0
4e-06	4.2e-06	0
4.02e-06	4.2e-06	0
4.04e-06	4.2e-06	0
4.06e-06	4.2e-06	0
4.08e-06	4.2e-06	0
4.1e-06	4.2e-06	0
4.12e-06	4.2e-06	0
4.14e-06	4.2e-06	0
4.16e-06	4.2e-06	0
4.18e-06	4.2e-06	0
4.2e-06	4.2e-06	0
4.2e-06	4.2e-06	10
4.2e-06	4.2e-06	10
4.2e-06	4.2e-06	10
4.2e-06	4.2e-06	10
4.2e-06	4.2e-06	10
4.2e-06	4.2e-06	10
4.2e-06	4.2e-06	10
4.2e-06	4.2e-06	10
4.2e-06	4.2e-06	10
4.2e-06	4.2e-06	10
4.2e-06	4.2e-06	10
4.2e-06	4.2e-06	10
4.2e-06	4.2e-06	10
4.2e-06	4.2e-06	10
4.2e-06	4.2e-06	10
4.2e-06	4.2e-06	10
4.2e-06	4.2e-06	10
4.2e-06	4.2e-06	10
4.2e-06	4.2e-06	10
4.2e-06	4.2e-06	10
4.2e-06	4.2e-06	10
4.2e-06	4.2e-06	10
4.2e-06	4.2e-06	10
4.2e-06	4.2e-06	10
4.2e-06	4.2e-06	10
4.2e-06	4.2e-06	10
4.2e-06	4.2e-06	10
4.2e-06	4.2e-06	10
4.2e-06	4.2e-06	10
4.2e-06	4.2e-06	10
4.2e-06	4.2e-06	10
4.2e-06	4.2e-06	10
4.2e-06	4.2e-06	10
4.2e-06	4.2e-06	10
4.2e-06	4.2e-06	10
4.2e-06	4.2e-06	10
4.2e-06	4.2e-06	10
4.2e-06	4.2e-06	10
4.2e-06	4.2e-06	10
4.2e-06	4.2e-06	10
4.2e-06	4.2e-06	10
4.2e-06	4.2e-06	10
4.2e-06	4.2e-06	10
4.2e-06	4.2e-06	10
4.2e-06	4.2e-06	10
4.2e-06	4.2e-06	10
4.2e-06	4.2e-06	10
4.2e-06	4.2e-06	10
4.2e-06	4.2e-06	10
4.2e-06	4.2e-06	10
4.2e-06	4.2e-06	10
4.2e-06	4.2e-06	10
4.2e-06	4.2e-06	10
4.2e-06	4.2e-06	10
4.2e-06	4.2e-06	10
4.2e-06	4.2e-06	10
4.2e-06	4.2e-06	10
4.2e-06	4.2e-06	10
4.2e-06	4.2e-06	10
4.2e-06	4.2e-06	10
4.2e-06	4.2e-06	10
4.2e-06	4.2e-06	10
4.2e-06	4.2e-06	10
4.2e-06	4.2e-06	10
4.2e-06	4.2e-06	10
4.2e-06	4.2e-06	10
4.2e-06	4.2e-06	10
4.2e-06	4.2e-06	10
4.2e-06	4.2e-06	10
4.2e-06	4.2e-06	10
4.2e-06	4.2e-06	10
4.2e-06	4.2e-06	10
4.2e-06	4.2e-06	10
4.2e-06	4.2e-06	10
4.2e-06	4.2e-06	10
4.2e-06	4.2e-06	10
4.2e-06	4.2e-06	10
4.2e-06	4.2e-06	10
4.2e-06	4.2e-06	10
4.2e-06	4.2e-06	10
4.2e-06	4.2e-06	10
4.2e-06	4.2e-06	10
4.2e-06	4.2e-06	10
4.2e-06	4.2e-06	10
4.2e-06	4.2e-06	10
4.2e-06	4.2e-06	10
4.2e-06	4.2e-06	10
4.2e-06	4.2e-06	10
4.2e-06	4.2e-06	10
4.2e-06	4.2e-06	10
4.2e-06	4.2e-06	10
4.2e-06	4.2e-06	10
4.2e-06	4.2e-06	10
4.2e-06	4.2e-06	10
4.2e-06	4.2e-06	10
4.2e-06	4.2e-06	10
4.2e-06	4.2e-06	10
4.2e-06	4.2e-06	10
4.2e-06	4.2e-06	10
4.2e-06	4.2e-06	10
4.2e-06	4.2e-06	10
4.2e-06	4.2e-06	10
4.2e-06	4.2e-06	10
4.2e-06	4.2e-06	10
4.2e-06	4.2e-06	10
4.2e-06	4.2e-06	10
4.2e-06	4.2e-06	10
4.2e-06	4.2e-06	10
4.2e-06	4.2e-06	10
4.2e-06	4.2e-06	10
4.2e-06	4.2e-06	10
4.2e-06	4.2e-06	10
4.2e-06	4.2e-06	10
4.2e-06	4.2e-06	10
4.2e-06	4.2e-06	10
4.2e-06	4.2e-06	10
4.2e-06	4.2e-06	10
4.2e-06	4.2e-06	10
4.2e-06	4.2e-06	10
4.2e-06	4.2e-06	10
4.2e-06	4.2e-06	10
4.2e-06	4.2e-06	10
4.2e-06	4.2e-06	10
4.2e-06	4.2e-06	10
4.2e-06	4.2e-06	10
4.2e-06	4.2e-06	10
4.2e-06	4.2e-06	10
4.2e-06	4.2e-06	10
4.2e-06	4.2e-06	10
4.2e-06	4.2e-06	10
4.2e-06	4.2e-06	10
4.2e-06	4.2e-06	10
4.2e-06	4.2e-06	10
4.2e-06	4.2e-06	10
4.2e-06	4.2e-06	10
4.2e-06	4.2e-06	10
4.2e-06	4.2e-06	10
4.2e-06	4.2e-06	10
4.2e-06	4.2e-06	10
4.2e-06	4.2e-06	10
4.2e-06	4.2e-06	10
4.2e-06	4.2e-06	10
4.2e-06	4.2e-06	10
4.2e-06	4.2e-06	10
4.2e-06	4.2e-06	10
4.2e-06	4.2e-06	10
4.2e-06	4.2e-06	10
4.2e-06	4.2e-06	10
4.2e-06	4.2e-06	10
4.2e-06	4.2e-06	10
4.2e-06	4.2e-06	10
4.2e-06	4.2e-06	10
4.2e-06	4.2e-06	10
4.2e-06	4.2e-06	10
4.2e-06	4.2e-06	10
4.2e-06	4.2e-06	10
4.2e-06	4.2e-06	10
4.2e-06	4.2e-06	10
4.2e-06	4.2e-06	10
4.2e-06	4.2e-06	10
4.2e-06	4.2e-06	10
4.2e-06	4.2e-06	10
4.2e-06	4.2e-06	10
4.2e-06	4.2e-06	10
4.2e-06	4.2e-06	10
4.2e-06	4.2e-06	10
4.2e-06	4.2e-06	10
4.2e-06	4.2e-06	10
4.2e-06	4.2e-06	10
4.2e-06	4.2e-06	10
4.2e-06	4.2e-06	10
4.2e-06	4.2e-06	10
4.2e-06	4.2e-06	10
4.2e-06	4.2e-06	10
4.2e-06	4.2e-06	10
4.2e-06	4.2e-06	10
4.2e-06	4.2e-06	10
4.2e-06	4.2e-06	10
4.2e-06	4.2e-06	10
4.2e-06	4.2e-06	10
4.2e-06	4.2e-06	10
4.2e-06	4.2e-06	10
4.2e-06	4.2e-06	10
4.2e-06	4.2e-06	10
4.2e-06	4.2e-06	10
4.2e-06	4.2e-06	10
4.2e-06	4.2e-06	10
4.2e-06	4.2e-06	10
4.2e-06	4.2e-06	10
4.2e-06	4.2e-06	10
4.2e-06	4.2e-06	10
4.2e-06	4.2e-06	10
4.2e-06	4.2e-06	10
4.2e-06	4.2e-06	10
4.2e-06	4.2e-06	10
4.2e-06	4.2e-06	10
4.2e-06	4.2e-06	10
4.2e-06	4.2e-06	10
4.2e-06	4.2e-06	10
4.2e-06	4.2e-06	10
4.2e-06	4.2e-06	10
4.2e-06	4.2e-06	10
4.2e-06	4.2e-06	10
4.2e-06	4.2e-06	10
4.2e-06	4.2e-06	10
4.2e-06	4.2e-06	10
4.2e-06	4.2e-06	10
4.2e-06	4.2e-06	10
4.2e-06	4.2e-06	10
4.2e-06	4.2e-06	10
4.2e-06	4.2e-06	10
4.2e-06	4.2e-06	10
4.2e-06	4.2e-06	10
4.2e-06	4.2e-06	10
4.2e-06	4.2e-06	10
4.2e-06	4.2e-06	10
4.2e-06	4.2e-06	10
4.2e-06	4.2e-06	10
4.2e-06	4.2e-06	10
4.2e-06	4.2e-06	10
4.2e-06	4.2e-06	10
4.2e-06	4.2e-06	10
4.2e-06	4.2e-06	10
4.2e-06	4.2e-06	10
4.2e-06	4.2e-06	10
4.2e-06	4.2e-06	10
4.2e-06	4.2e-06	10
4.2e-06	4.2e-06	10
4.2e-06	4.2e-06	10
4.2e-06	4.2e-06	10
4.2e-06	4.2e-06	10
4.2e-06	4.2e-06	10
4.2e-06	4.2e-06	10
4.2e-06	4.2e-06	10
4.2e-06	4.2e-06	10
4.2e-06	4.2e-06	10
4.2e-06	4.2e-06	10
4.2e-06	4.2e-06	10
4.2e-06	4.2e-06	10
4.2e-06	4.2e-06	10
4.2e-06	4.2e-06	10
4.2e-06	4.2e-06	10
4.2e-06	4.2e-06	10
4.2e-06	4.2e-06	10
4.2e-06	4.2e-06	10
4.2e-06	4.2e-06	10
4.2e-06	4.2e-06	10
4.2e-06	4.2e-06	10
4.2e-06	4.2e-06	10
4.2e-06	4.2e-06	10
4.2e-06	4.2e-06	10
4.2e-06	4.2e-06	10
4.2e-06	4.2e-06	10
4.2e-06	4.2e-06	10
4.2e-06	4.2e-06	10
4.2e-06	4.2e-06	10
4.2e-06	4.2e-06	10
4.2e-06	4.2e-06	10
4.2e-06	4.2e-06	10
4.2e-06	4.2e-06	10
4.2e-06	4.2e-06	10
4.2e-06	4.2e-06	10
4.2e-06	4.2e-06	10
4.2e-06	4.2e-06	10
4.2e-06	4.2e-06	10
4.2e-06	4.2e-06	10
4.2e-06	4.2e-06	10
4.2e-06	4.2e-06	10
4.2e-06	4.2e-06	10
4.2e-06	4.2e-06	10
4.2e-06	4.2e-06	10
4.2e-06	4.2e-06	10
4.2e-06	4.2e-06	10
4.2e-06	4.2e-06	10
4.2e-06	4.2e-06	10
4.2e-06	4.2e-06	10
4.2e-06	4.2e-06	10
4.2e-06	4.2e-06	10
4.2e-06	4.2e-06	10
4.2e-06	4.2e-06	10
4.2e-06	4.2e-06	10
4.2e-06	4.2e-06	10
4.2e-06	4.2e-06	10
4.2e-06	4.2e-06	10
4.2e-06	4.2e-06	10
4.2e-06	4.2e-06	10
4.2e-06	4.2e-06	10
4.2e-06	4.2e-06	10
4.2e-06	4.2e-06	10
4.2e-06	4.2e-06	10
4.2e-06	4.2e-06	10
4.2e-06	4.2e-06	10
4.2e-06	4.2e-06	10
4.2e-06	4.2e-06	10
4.2e-06	4.2e-06	10
4.2e-06	4.2e-06	10
4.2e-06	4.2e-06	10
4.2e-06	4.2e-06	10
4.2e-06	4.2e-06	10
4.2e-06	4.2e-06	10
4.2e-06	4.2e-06	10
4.2e-06	4.2e-06	10
4.2e-06	4.2e-06	10
4.2e-06	4.2e-06	10
4.2e-06	4.2e-06	10
4.2e-06	4.2e-06	10
4.2e-06	4.2e-06	10
4.2e-06	4.2e-06	10
4.2e-06	4.2e-06	10
4.2e-06	4.2e-06	10
4.2e-06	4.2e-06	10
4.2e-06	4.2e-06	10
4.2e-06	4.2e-06	10
4.2e-06	4.2e-06	10
4.2e-06	4.2e-06	10
4.2e-06	4.2e-06	10
4.2e-06	4.2e-06	10
4.2e-06	4.2e-06	10
4.2e-06	4.2e-06	10
4.2e-06	4.2e-06	10
4.2e-06	4.2e-06	10
4.2e-06	4.2e-06	10
4.2e-06	4.2e-06	10
4.2e-06	4.2e-06	10
4.2e-06	4.2e-06	10
4.2e-06	4.2e-06	10
4.2e-06	4.2e-06	10
4.2e-06	4.2e-06	10
4.2e-06	4.2e-06	10
4.2e-06	4.2e-06	10
4.2e-06	4.2e-06	10
4.2e-06	4.2e-06	10
4.2e-06	4.2e-06	10
4.2e-06	4.2e-06	10
4.2e-06	4.2e-06	10
4.2e-06	4.2e-06	10
4.2e-06	4.2e-06	10
4.2e-06	4.2e-06	10
4.2e-06	4.2e-06	10
4.2e-06	4.2e-06	10
4.2e-06	4.2e-06	10
4.2e-06	4.2e-06	10
4.2e-06	4.2e-06	10
4.2e-06	4.2e-06	10
4.2e-06	4.2e-06	10
4.2e-06	4.2e-06	10
4.2e-06	4.2e-06	10
4.2e-06	4.2e-06	10
4.2e-06	4.2e-06	10
4.2e-06	4.2e-06	10
4.2e-06	4.2e-06	10
4.2e-06	4.2e-06	10
4.2e-06	4.2e-06	10
4.2e-06	4.2e-06	10
4.2e-06	4.2e-06	10
4.2e-06	4.2e-06	10
4.2e-06	4.2e-06	10
4.2e-06	4.2e-06	10
4.2e-06	4.2e-06	10
4.2e-06	4.2e-06	10
4.2e-06	4.2e-06	10
4.2e-06	4.2e-06	10
4.2e-06	4.2e-06	10
4.2e-06	4.2e-06	10
4.2e-06	4.2e-06	10
4.2e-06	4.2e-06	10
4.2e-06	4.2e-06	10
4.2e-06	4.2e-06	10
4.2e-06	4.2e-06	10
4.2e-06	4.2e-06	10
4.2e-06	4.2e-06	10
4.2e-06	4.2e-06	10
4.2e-06	4.2e-06	10
4.2e-06	4.2e-06	10
4.2e-06	4.2e-06	10
4.2e-06	4.2e-06	10
4.2e-06	4.2e-06	10
4.2e-06	4.2e-06	10
4.2e-06	4.2e-06	10
4.2e-06	4.2e-06	10
4.2e-06	4.2e-06	10
4.2e-06	4.2e-06	10
4.2e-06	4.2e-06	10
4.2e-06	4.2e-06	10
4.2e-06	4.2e-06	10
4.2e-06	4.2e-06	10
4.2e-06	4.2e-06	10
4.2e-06	4.2e-06	10
4.2e-06	4.2e-06	10
4.2e-06	4.2e-06	10
4.2e-06	4.2e-06	10
4.2e-06	4.2e-06	10
4.2e-06	4.2e-06	10
4.2e-06	4.2e-06	10
4.2e-06	4.2e-06	10
4.2e-06	4.2e-06	10
4.2e-06	4.2e-06	10
4.2e-06	4.2e-06	10
4.2e-06	4.2e-06	10
4.2e-06	4.2e-06	10
4.2e-06	4.2e-06	10
4.2e-06	4.2e-06	10
4.2e-06	4.2e-06	10
4.2e-06	4.2e-06	10
4.2e-06	4.2e-06	10
4.2e-06	4.2e-06	10
4.2e-06	4.2e-06	10
4.2e-06	4.2e-06	10
4.2e-06	4.2e-06	10
4.2e-06	4.2e-06	10
4.2e-06	4.2e-06	10
4.2e-06	4.2e-06	10
4.2e-06	4.2e-06	10
4.2e-06	4.2e-06	10
4.2e-06	4.2e-06	10
4.2e-06	4.2e-06	10
4.2e-06	4.2e-06	10
4.2e-06	4.2e-06	10
4.2e-06	4.2e-06	10
4.2e-06	4.2e-06	10
4.2e-06	4.2e-06	10
4.2e-06	4.2e-06	10
4.2e-06	4.2e-06	10
4.2e-06	4.2e-06	10
4.2e-06	4.2e-06	10
4.2e-06	4.2e-06	10
4.2e-06	4.2e-06	10
4.2e-06	4.2e-06	10
4.2e-06	4.2e-06	10
4.2e-06	4.2e-06	10
4.2e-06	4.2e-06	10
4.2e-06	4.2e-06	10
4.2e-06	4.2e-06	10
4.2e-06	4.2e-06	10
4.2e-06	4.2e-06	10
4.2e-06	4.2e-06	10
4.2e-06	4.2e-06	10
4.2e-06	4.2e-06	10
4.2e-06	4.2e-06	10
4.2e-06	4.2e-06	10
4.2e-06	4.2e-06	10
4.2e-06	4.2e-06	10
4.2e-06	4.2e-06	10
4.2e-06	4.2e-06	10
4.2e-06	4.2e-06	10
4.2e-06	4.2e-06	10
4.2e-06	4.2e-06	10
4.2e-06	4.2e-06	10
4.2e-06	4.2e-06	10
4.2e-06	4.2e-06	10
4.2e-06	4.2e-06	10
4.2e-06	4.2e-06	10
4.2e-06	4.2e-06	10
4.2e-06	4.2e-06	10
4.2e-06	4.2e-06	10
4.2e-06	4.2e-06	10
4.2e-06	4.2e-06	10
4.2e-06	4.2e-06	10
4.2e-06	4.2e-06	10
4.2e-06	4.2e-06	10
4.2e-06	4.2e-06	10
4.2e-06	4.2e-06	10
4.2e-06	4.2e-06	10
4.2e-06	4.2e-06	10
4.2e-06	4.2e-06	10
4.2e-06	4.2e-06	10
4.2e-06	4.2e-06	10
4.2e-06	4.2e-06	10
4.2e-06	4.2e-06	10
4.2e-06	4.2e-06	10
4.2e-06	4.2e-06	10
4.2e-06	4.2e-06	10
4.2e-06	4.2e-06	10
4.2e-06	4.2e-06	10
4.2e-06	4.2e-06	10
4.2e-06	4.2e-06	10
4.2e-06	4.2e-06	10
4.2e-06	4.2e-06	10
4.2e-06	4.2e-06	10
4.2e-06	4.2e-06	10
4.2e-06	4.2e-06	10
4.2e-06	4.2e-06	10
4.2e-06	4.2e-06	10
4.2e-06	4.2e-06	10
4.2e-06	4.2e-06	10
4.2e-06	4.2e-06	10
4.2e-06	4.2e-06	10
4.2e-06	4.2e-06	10
4.2e-06	4.2e-06	10
4.2e-06	4.2e-06	10
4.2e-06	4.2e-06	10
4.2e-06	4.2e-06	10
4.2e-06	4.2e-06	10
4.2e-06	4.2e-06	10
4.2e-06	4.2e-06	10
4.2e-06	4.2e-06	10
4.2e-06	4.2e-06	10
4.2e-06	4.2e-06	10
4.2e-06	4.2e-06	10
4.2e-06	4.2e-06	10
4.2e-06	4.2e-06	0
4.22e-06	4.2e-06	0
4.24e-06	4.2e-06	0
4.26e-06	4.2e-06	0
4.28e-06	4.2e-06	0
4.3e-06	4.2e-06	0
4.32e-06	4.2e-06	0
4.34e-06	4.2e-06	0
4.36e-06	4.2e-06	0
4.38e-06	4.2e-06	0
4.4e-06	4.2e-06	0
4.42e-06	4.2e-06	0
4.44e-06	4.2e-06	0
4.46e-06	4.2e-06	0
4.48e-06	4.2e-06	0
4.5e-06	4.2e-06	0
4.52e-06	4.2e-06	0
4.54e-06	4.2e-06	0
4.56e-06	4.2e-06	0
4.58e-06	4.2e-06	0
4.6e-06	4.2e-06	0
4.62e-06	4.2e-06	0
4.64e-06	4.2e-06	0
4.66e-06	4.2e-06	0
4.68e-06	4.2e-06	0
4.7e-06	4.2e-06	0
4.72e-06	4.2e-06	0
4.74e-06	4.2e-06	0
4.76e-06	4.2e-06	0
4.78e-06	4.2e-06	0
4.8e-06	4.2e-06	0
4.82e-06	4.2e-06	0
4.84e-06	4.2e-06	0
4.86e-06	4.2e-06	0
4.88e-06	4.2e-06	0
4.9e-06	4.2e-06	0
4.92e-06	4.2e-06	0
4.94e-06	4.2e-06	0
4.96e-06	4.2e-06	0
4.98e-06	4.2e-06	0
5e-06	4.2e-06	0
5.02e-06	4.2e-06	0
5.04e-06	4.2e-06	0
5.06e-06	4.2e-06	0
5.08e-06	4.2e-06	0
5.1e-06	4.2e-06	0
5.12e-06	4.2e-06	0
5.14e-06	4.2e-06	0
5.16e-06	4.2e-06	0
5.18e-06	4.2e-06	0
5.2e-06	4.2e-06	0
5.22e-06	4.2e-06	0
5.24e-06	4.2e-06	0
5.26e-06	4.2e-06	0
5.28e-06	4.2e-06	0
5.3e-06	4.2e-06	0
5.32e-06	4.2e-06	0
5.34e-06	4.2e-06	0
5.36e-06	4.2e-06	0
5.38e-06	4.2e-06	0
5.4e-06	4.2e-06	0
5.42e-06	4.2e-06	0
5.44e-06	4.2e-06	0
5.46e-06	4.2e-06	0
5.48e-06	4.2e-06	0
5.5e-06	4.2e-06	0
5.52e-06	4.2e-06	0
5.54e-06	4.2e-06	0
5.56e-06	4.2e-06	0
5.58e-06	4.2e-06	0
5.6e-06	4.2e-06	0
5.62e-06	4.2e-06	0
5.64e-06	4.2e-06	0
5.66e-06	4.2e-06	0
5.68e-06	4.2e-06	0
5.7e-06	4.2e-06	0
5.72e-06	4.2e-06	0
5.74e-06	4.2e-06	0
5.76e-06	4.2e-06	0
5.78e-06	4.2e-06	0
5.8e-06	4.2e-06	0
5.82e-06	4.2e-06	0
5.84e-06	4.2e-06	0
5.86e-06	4.2e-06	0
5.88e-06	4.2e-06	0
5.9e-06	4.2e-06	0
5.92e-06	4.2e-06	0
5.94e-06	4.2e-06	0
5.96e-06	4.2e-06	0
5.98e-06	4.2e-06	0
6e-06	4.2e-06	0
6.02e-06	4.2e-06	0
6.04e-06	4.2e-06	0
6.06e-06	4.2e-06	0
6.08e-06	4.2e-06	0
6.1e-06	4.2e-06	0
6.12e-06	4.2e-06	0
6.14e-06	4.2e-06	0
6.16e-06	4.2e-06	0
6.18e-06	4.2e-06	0
6.2e-06	4.2e-06	0
6.22e-06	4.2e-06	0
6.24e-06	4.2e-06	0
6.26e-06	4.2e-06	0
6.28e-06	4.2e-06	0
6.3e-06	4.2e-06	0
6.32e-06	4.2e-06	0
6.34e-06	4.2e-06	0
6.36e-06	4.2e-06	0
6.38e-06	4.2e-06	0
6.4e-06	4.2e-06	0
6.4e-06	4.2e-06	-10
6.4e-06	4.2e-06	-10
6.4e-06	4.2e-06	-10
6.4e-06	4.2e-06	-10
6.4e-06	4.2e-06	-10
6.4e-06	4.2e-06	-10
6.4e-06	4.2e-06	-10
6.4e-06	4.2e-06	-10
6.4e-06	4.2e-06	-10
6.4e-06	4.2e-06	-10
6.4e-06	4.2e-06	-10
6.4e-06	4.2e-06	-10
6.4e-06	4.2e-06	-10
6.4e-06	4.2e-06	-10
6.4e-06	4.2e-06	-10
6.4e-06	4.2e-06	-10
6.4e-06	4.2e-06	-10
6.4e-06	4.2e-06	-10
6.4e-06	4.2e-06	-10
6.4e-06	4.2e-06	-10
6.4e-06	4.2e-06	-10
6.4e-06	4.2e-06	-10
6.4e-06	4.2e-06	-10
6.4e-06	4.2e-06	-10
6.4e-06	4.2e-06	-10
6.4e-06	4.2e-06	-10
6.4e-06	4.2e-06	-10
6.4e-06	4.2e-06	-10
6.4e-06	4.2e-06	-10
6.4e-06	4.2e-06	-10
6.4e-06	4.2e-06	-10
6.4e-06	4.2e-06	-10
6.4e-06	4.2e-06	-10
6.4e-06	4.2e-06	-10
6.4e-06	4.2e-06	-10
6.4e-06	4.2e-06	-10
6.4e-06	4.2e-06	-10
6.4e-06	4.2e-06	-10
6.4e-06	4.2e-06	-10
6.4e-06	4.2e-06	-10
6.4e-06	4.2e-06	-10
6.4e-06	4.2e-06	-10
6.4e-06	4.2e-06	-10
6.4e-06	4.2e-06	-10
6.4e-06	4.2e-06	-10
6.4e-06	4.2e-06	-10
6.4e-06	4.2e-06	-10
6.4e-06	4.2e-06	-10
6.4e-06	4.2e-06	-10
6.4e-06	4.2e-06	-10
6.4e-06	4.2e-06	-10
6.4e-06	4.2e-06	-10
6.4e-06	4.2e-06	-10
6.4e-06	4.2e-06	-10
6.4e-06	4.2e-06	-10
6.4e-06	4.2e-06	-10
6.4e-06	4.2e-06	-10
6.4e-06	4.2e-06	-10
6.4e-06	4.2e-06	-10
6.4e-06	4.2e-06	-10
6.4e-06	4.2e-06	-10
6.4e-06	4.2e-06	-10
6.4e-06	4.2e-06	-10
6.4e-06	4.2e-06	-10
6.4e-06	4.2e-06	-10
6.4e-06	4.2e-06	-10
6.4e-06	4.2e-06	-10
6.4e-06	4.2e-06	-10
6.4e-06	4.2e-06	-10
6.4e-06	4.2e-06	-10
6.4e-06	4.2e-06	-10
6.4e-06	4.2e-06	-10
6.4e-06	4.2e-06	-10
6.4e-06	4.2e-06	-10
6.4e-06	4.2e-06	-10
6.4e-06	4.2e-06	-10
6.4e-06	4.2e-06	-10
6.4e-06	4.2e-06	-10
6.4e-06	4.2e-06	-10
6.4e-06	4.2e-06	-10
6.4e-06	4.2e-06	-10
6.4e-06	4.2e-06	-10
6.4e-06	4.2e-06	-10
6.4e-06	4.2e-06	-10
6.4e-06	4.2e-06	-10
6.4e-06	4.2e-06	-10
6.4e-06	4.2e-06	-10
6.4e-06	4.2e-06	-10
6.4e-06	4.2e-06	-10
6.4e-06	4.2e-06	-10
6.4e-06	4.2e-06	-10
6.4e-06	4.2e-06	-10
6.4e-06	4.2e-06	-10
6.4e-06	4.2e-06	-10
6.4e-06	4.2e-06	-10
6.4e-06	4.2e-06	-10
6.4e-06	4.2e-06	-10
6.4e-06	4.2e-06	-10
6.4e-06	4.2e-06	-10
6.4e-06	4.2e-06	-10
6.4e-06	4.2e-06	-10
6.4e-06	4.2e-06	-10
6.4e-06	4.2e-06	-10
6.4e-06	4.2e-06	-10
6.4e-06	4.2e-06	-10
6.4e-06	4.2e-06	-10
6.4e-06	4.2e-06	-10
6.4e-06	4.2e-06	-10
6.4e-06	4.2e-06	-10
6.4e-06	4.2e-06	-10
6.4e-06	4.2e-06	-10
6.4e-06	4.2e-06	-10
6.4e-06	4.2e-06	-10
6.4e-06	4.2e-06	-10
6.4e-06	4.2e-06	-10
6.4e-06	4.2e-06	-10
6.4e-06	4.2e-06	-10
6.4e-06	4.2e-06	-10
6.4e-06	4.2e-06	-10
6.4e-06	4.2e-06	-10
6.4e-06	4.2e-06	-10
6.4e-06	4.2e-06	-10
6.4e-06	4.2e-06	-10
6.4e-06	4.2e-06	-10
6.4e-06	4.2e-06	-10
6.4e-06	4.2e-06	-10
6.4e-06	4.2e-06	-10
6.4e-06	4.2e-06	-10
6.4e-06	4.2e-06	-10
6.4e-06	4.2e-06	-10
6.4e-06	4.2e-06	-10
6.4e-06	4.2e-06	-10
6.4e-06	4.2e-06	-10
6.4e-06	4.2e-06	-10
6.4e-06	4.2e-06	-10
6.4e-06	4.2e-06	-10
6.4e-06	4.2e-06	-10
6.4e-06	4.2e-06	-10
6.4e-06	4.2e-06	-10
6.4e-06	4.2e-06	-10
6.4e-06	4.2e-06	-10
6.4e-06	4.2e-06	-10
6.4e-06	4.2e-06	-10
6.4e-06	4.2e-06	-10
6.4e-06	4.2e-06	-10
6.4e-06	4.2e-06	-10
6.4e-06	4.2e-06	-10
6.4e-06	4.2e-06	-10
6.4e-06	4.2e-06	-10
6.4e-06	4.2e-06	-10
6.4e-06	4.2e-06	-10
6.4e-06	4.2e-06	-10
6.4e-06	4.2e-06	-10
6.4e-06	4.2e-06	-10
6.4e-06	4.2e-06	-10
6.4e-06	4.2e-06	-10
6.4e-06	4.2e-06	-10
6.4e-06	4.2e-06	-10
6.4e-06	4.2e-06	-10
6.4e-06	4.2e-06	-10
6.4e-06	4.2e-06	-10
6.4e-06	4.2e-06	-10
6.4e-06	4.2e-06	-10
6.4e-06	4.2e-06	-10
6.4e-06	4.2e-06	-10
6.4e-06	4.2e-06	-10
6.4e-06	4.2e-06	-10
6.4e-06	4.2e-06	-10
6.4e-06	4.2e-06	-10
6.4e-06	4.2e-06	-10
6.4e-06	4.2e-06	-10
6.4e-06	4.2e-06	-10
6.4e-06	4.2e-06	-10
6.4e-06	4.2e-06	-10
6.4e-06	4.2e-06	-10
6.4e-06	4.2e-06	-10
6.4e-06	4.2e-06	-10
6.4e-06	4.2e-06	-10
6.4e-06	4.2e-06	-10
6.4e-06	4.2e-06	-10
6.4e-06	4.2e-06	-10
6.4e-06	4.2e-06	-10
6.4e-06	4.2e-06	-10
6.4e-06	4.2e-06	-10
6.4e-06	4.2e-06	-10
6.4e-06	4.2e-06	-10
6.4e-06	4.2e-06	-10
6.4e-06	4.2e-06	-10
6.4e-06	4.2e-06	-10
6.4e-06	4.2e-06	-10
6.4e-06	4.2e-06	-10
6.4e-06	4.2e-06	-10
6.4e-06	4.2e-06	-10
6.4e-06	4.2e-06	-10
6.4e-06	4.2e-06	-10
6.4e-06	4.2e-06	-10
6.4e-06	4.2e-06	-10
6.4e-06	4.2e-06	-10
6.4e-06	4.2e-06	-10
6.4e-06	4.2e-06	-10
6.4e-06	4.2e-06	-10
6.4e-06	4.2e-06	-10
6.4e-06	4.2e-06	-10
6.4e-06	4.2e-06	-10
6.4e-06	4.2e-06	-10
6.4e-06	4.2e-06	-10
6.4e-06	4.2e-06	-10
6.4e-06	4.2e-06	-10
6.4e-06	4.2e-06	-10
6.4e-06	4.2e-06	-10
6.4e-06	4.2e-06	-10
6.4e-06	4.2e-06	-10
6.4e-06	4.2e-06	-10
6.4e-06	4.2e-06	-10
6.4e-06	4.2e-06	-10
6.4e-06	4.2e-06	-10
6.4e-06	4.2e-06	-10
6.4e-06	4.2e-06	-10
6.4e-06	4.2e-06	-10
6.4e-06	4.2e-06	-10
6.4e-06	4.2e-06	-10
6.4e-06	4.2e-06	-10
6.4e-06	4.2e-06	-10
6.4e-06	4.2e-06	-10
6.4e-06	4.2e-06	-10
6.4e-06	4.2e-06	-10
6.4e-06	4.2e-06	-10
6.4e-06	4.2e-06	-10
6.4e-06	4.2e-06	-10
6.4e-06	4.2e-06	-10
6.4e-06	4.2e-06	-10
6.4e-06	4.2e-06	-10
6.4e-06	4.2e-06	-10
6.4e-06	4.2e-06	-10
6.4e-06	4.2e-06	-10
6.4e-06	4.2e-06	-10
6.4e-06	4.2e-06	-10
6.4e-06	4.2e-06	-10
6.4e-06	4.2e-06	-10
6.4e-06	4.2e-06	-10
6.4e-06	4.2e-06	-10
6.4e-06	4.2e-06	-10
6.4e-06	4.2e-06	-10
6.4e-06	4.2e-06	-10
6.4e-06	4.2e-06	-10
6.4e-06	4.2e-06	-10
6.4e-06	4.2e-06	-10
6.4e-06	4.2e-06	-10
6.4e-06	4.2e-06	-10
6.4e-06	4.2e-06	-10
6.4e-06	4.2e-06	-10
6.4e-06	4.2e-06	-10
6.4e-06	4.2e-06	-10
6.4e-06	4.2e-06	-10
6.4e-06	4.2e-06	-10
6.4e-06	4.2e-06	-10
6.4e-06	4.2e-06	-10
6.4e-06	4.2e-06	-10
6.4e-06	4.2e-06	-10
6.4e-06	4.2e-06	-10
6.4e-06	4.2e-06	-10
6.4e-06	4.2e-06	-10
6.4e-06	4.2e-06	-10
6.4e-06	4.2e-06	-10
6.4e-06	4.2e-06	-10
6.4e-06	4.2e-06	-10
6.4e-06	4.2e-06	-10
6.4e-06	4.2e-06	-10
6.4e-06	4.2e-06	-10
6.4e-06	4.2e-06	-10
6.4e-06	4.2e-06	-10
6.4e-06	4.2e-06	-10
6.4e-06	4.2e-06	-10
6.4e-06	4.2e-06	-10
6.4e-06	4.2e-06	-10
6.4e-06	4.2e-06	-10
6.4e-06	4.2e-06	-10
6.4e-06	4.2e-06	-10
6.4e-06	4.2e-06	-10
6.4e-06	4.2e-06	-10
6.4e-06	4.2e-06	-10
6.4e-06	4.2e-06	-10
6.4e-06	4.2e-06	-10
6.4e-06	4.2e-06	-10
6.4e-06	4.2e-06	-10
6.4e-06	4.2e-06	-10
6.4e-06	4.2e-06	-10
6.4e-06	4.2e-06	-10
6.4e-06	4.2e-06	-10
6.4e-06	4.2e-06	-10
6.4e-06	4.2e-06	-10
6.4e-06	4.2e-06	-10
6.4e-06	4.2e-06	-10
6.4e-06	4.2e-06	-10
6.4e-06	4.2e-06	-10
6.4e-06	4.2e-06	-10
6.4e-06	4.2e-06	-10
6.4e-06	4.2e-06	-10
6.4e-06	4.2e-06	-10
6.4e-06	4.2e-06	-10
6.4e-06	4.2e-06	-10
6.4e-06	4.2e-06	-10
6.4e-06	4.2e-06	-10
6.4e-06	4.2e-06	-10
6.4e-06	4.2e-06	-10
6.4e-06	4.2e-06	-10
6.4e-06	4.2e-06	-10
6.4e-06	4.2e-06	-10
6.4e-06	4.2e-06	-10
6.4e-06	4.2e-06	-10
6.4e-06	4.2e-06	-10
6.4e-06	4.2e-06	-10
6.4e-06	4.2e-06	-10
6.4e-06	4.2e-06	-10
6.4e-06	4.2e-06	-10
6.4e-06	4.2e-06	-10
6.4e-06	4.2e-06	-10
6.4e-06	4.2e-06	-10
6.4e-06	4.2e-06	-10
6.4e-06	4.2e-06	-10
6.4e-06	4.2e-06	-10
6.4e-06	4.2e-06	-10
6.4e-06	4.2e-06	-10
6.4e-06	4.2e-06	-10
6.4e-06	4.2e-06	-10
6.4e-06	4.2e-06	-10
6.4e-06	4.2e-06	-10
6.4e-06	4.2e-06	-10
6.4e-06	4.2e-06	-10
6.4e-06	4.2e-06	-10
6.4e-06	4.2e-06	-10
6.4e-06	4.2e-06	-10
6.4e-06	4.2e-06	-10
6.4e-06	4.2e-06	-10
6.4e-06	4.2e-06	-10
6.4e-06	4.2e-06	-10
6.4e-06	4.2e-06	-10
6.4e-06	4.2e-06	-10
6.4e-06	4.2e-06	-10
6.4e-06	4.2e-06	-10
6.4e-06	4.2e-06	-10
6.4e-06	4.2e-06	-10
6.4e-06	4.2e-06	-10
6.4e-06	4.2e-06	-10
6.4e-06	4.2e-06	-10
6.4e-06	4.2e-06	-10
6.4e-06	4.2e-06	-10
6.4e-06	4.2e-06	-10
6.4e-06	4.2e-06	-10
6.4e-06	4.2e-06	-10
6.4e-06	4.2e-06	-10
6.4e-06	4.2e-06	-10
6.4e-06	4.2e-06	-10
6.4e-06	4.2e-06	-10
6.4e-06	4.2e-06	-10
6.4e-06	4.2e-06	-10
6.4e-06	4.2e-06	-10
6.4e-06	4.2e-06	-10
6.4e-06	4.2e-06	-10
6.4e-06	4.2e-06	-10
6.4e-06	4.2e-06	-10
6.4e-06	4.2e-06	-10
6.4e-06	4.2e-06	-10
6.4e-06	4.2e-06	-10
6.4e-06	4.2e-06	-10
6.4e-06	4.2e-06	-10
6.4e-06	4.2e-06	-10
6.4e-06	4.2e-06	-10
6.4e-06	4.2e-06	-10
6.4e-06	4.2e-06	-10
6.4e-06	4.2e-06	-10
6.4e-06	4.2e-06	-10
6.4e-06	4.2e-06	-10
6.4e-06	4.2e-06	-10
6.4e-06	4.2e-06	-10
6.4e-06	4.2e-06	-10
6.4e-06	4.2e-06	-10
6.4e-06	4.2e-06	-10
6.4e-06	4.2e-06	-10
6.4e-06	4.2e-06	-10
6.4e-06	4.2e-06	-10
6.4e-06	4.2e-06	-10
6.4e-06	4.2e-06	-10
6.4e-06	4.2e-06	-10
6.4e-06	4.2e-06	-10
6.4e-06	4.2e-06	-10
6.4e-06	4.2e-06	-10
6.4e-06	4.2e-06	-10
6.4e-06	4.2e-06	-10
6.4e-06	4.2e-06	-10
6.4e-06	4.2e-06	-10
6.4e-06	4.2e-06	-10
6.4e-06	4.2e-06	-10
6.4e-06	4.2e-06	-10
6.4e-06	4.2e-06	-10
6.4e-06	4.2e-06	-10
6.4e-06	4.2e-06	-10
6.4e-06	4.2e-06	-10
6.4e-06	4.2e-06	-10
6.4e-06	4.2e-06	-10
6.4e-06	4.2e-06	-10
6.4e-06	4.2e-06	-10
6.4e-06	4.2e-06	-10
6.4e-06	4.2e-06	-10
6.4e-06	4.2e-06	-10
6.4e-06	4.2e-06	-10
6.4e-06	4.2e-06	-10
6.4e-06	4.2e-06	-10
6.4e-06	4.2e-06	-10
6.4e-06	4.2e-06	-10
6.4e-06	4.2e-06	-10
6.4e-06	4.2e-06	-10
6.4e-06	4.2e-06	-10
6.4e-06	4.2e-06	-10
6.4e-06	4.2e-06	-10
6.4e-06	4.2e-06	-10
6.4e-06	4.2e-06	-10
6.4e-06	4.2e-06	-10
6.4e-06	4.2e-06	-10
6.4e-06	4.2e-06	-10
6.4e-06	4.2e-06	-10
6.4e-06	4.2e-06	-10
6.4e-06	4.2e-06	-10
6.4e-06	4.2e-06	-10
6.4e-06	4.2e-06	-10
6.4e-06	4.2e-06	-10
6.4e-06	4.2e-06	-10
6.4e-06	4.2e-06	-10
6.4e-06	4.2e-06	-10
6.4e-06	4.2e-06	-10
6.4e-06	4.2e-06	-10
6.4e-06	4.2e-06	-10
6.4e-06	4.2e-06	-10
6.4e-06	4.2e-06	-10
6.4e-06	4.2e-06	-10
6.4e-06	4.2e-06	-10
6.4e-06	4.2e-06	-10
6.4e-06	4.2e-06	-10
6.4e-06	4.2e-06	-10
6.4e-06	4.2e-06	-10
6.4e-06	4.2e-06	-10
6.4e-06	4.2e-06	-10
6.4e-06	4.2e-06	-10
6.4e-06	4.2e-06	-10
6.4e-06	4.2e-06	-10
6.4e-06	4.2e-06	-10
6.4e-06	4.2e-06	-10
6.4e-06	4.2e-06	-10
6.4e-06	4.2e-06	-10
6.4e-06	4.2e-06	-10
6.4e-06	4.2e-06	-10
6.4e-06	4.2e-06	-10
6.4e-06	4.2e-06	-10
6.4e-06	4.2e-06	-10
6.4e-06	4.2e-06	-10
6.4e-06	4.2e-06	-10
6.4e-06	4.2e-06	-10
6.4e-06	4.2e-06	-10
6.4e-06	4.2e-06	-10
6.4e-06	4.2e-06	-10
6.4e-06	4.2e-06	-10
6.4e-06	4.2e-06	-10
6.4e-06	4.2e-06	-10
6.4e-06	4.2e-06	-10
6.4e-06	4.2e-06	-10
6.4e-06	4.2e-06	-10
6.4e-06	4.2e-06	-10
6.4e-06	4.2e-06	-10
6.4e-06	4.2e-06	-10
6.4e-06	4.2e-06	-10
6.4e-06	4.2e-06	-10
6.4e-06	4.2e-06	-10
6.4e-06	4.2e-06	-10
6.4e-06	4.2e-06	-10
6.4e-06	4.2e-06	-10
6.4e-06	4.2e-06	-10
6.4e-06	4.2e-06	-10
6.4e-06	4.2e-06	-10
6.4e-06	4.2e-06	-10
6.4e-06	4.2e-06	-10
6.4e-06	4.2e-06	-10
6.4e-06	4.2e-06	-10
6.4e-06	4.2e-06	-10
6.4e-06	4.2e-06	-10
6.4e-06	4.2e-06	-10
6.4e-06	4.2e-06	-10
6.4e-06	4.2e-06	-10
6.4e-06	4.2e-06	-10
6.4e-06	4.2e-06	-10
6.4e-06	4.2e-06	-10
6.4e-06	4.2e-06	-10
6.4e-06	4.2e-06	-10
6.4e-06	4.2e-06	-10
6.4e-06	4.2e-06	-10
6.4e-06	4.2e-06	-10
6.4e-06	4.2e-06	-10
6.4e-06	4.2e-06	-10
6.4e-06	4.2e-06	-10
6.4e-06	4.2e-06	-10
6.4e-06	4.2e-06	-10
6.4e-06	4.2e-06	-10
6.4e-06	4.2e-06	-10
6.4e-06	4.2e-06	-10
6.4e-06	4.2e-06	-10
6.4e-06	4.2e-06	-10
6.4e-06	4.2e-06	-10
6.4e-06	4.2e-06	-10
6.4e-06	4.2e-06	-10
6.4e-06	4.2e-06	-10
6.4e-06	4.2e-06	-10
6.4e-06	4.2e-06	-10
6.4e-06	4.2e-06	-10
6.4e-06	4.2e-06	-10
6.4e-06	4.2e-06	-10
6.4e-06	4.2e-06	-10
6.4e-06	4.2e-06	-10
6.4e-06	4.2e-06	-10
6.4e-06	4.2e-06	-10
6.4e-06	4.2e-06	-10
6.4e-06	4.2e-06	-10
6.4e-06	4.2e-06	-10
6.4e-06	4.2e-06	-10
6.4e-06	4.2e-06	-10
6.4e-06	4.2e-06	-10
6.4e-06	4.2e-06	-10
6.4e-06	4.2e-06	-10
6.4e-06	4.2e-06	-10
6.4e-06	4.2e-06	-10
6.4e-06	4.2e-06	-10
6.4e-06	4.2e-06	-10
6.4e-06	4.2e-06	-10
6.4e-06	4.2e-06	-10
6.4e-06	4.2e-06	-10
6.4e-06	4.2e-06	-10
6.4e-06	4.2e-06	-10
6.4e-06	4.2e-06	-10
6.4e-06	4.2e-06	-10
6.4e-06	4.2e-06	-10
6.4e-06	4.2e-06	-10
6.4e-06	4.2e-06	-10
6.4e-06	4.2e-06	-10
6.4e-06	4.2e-06	-10
6.4e-06	4.2e-06	-10
6.4e-06	4.2e-06	-10
6.4e-06	4.2e-06	-10
6.4e-06	4.2e-06	-10
6.4e-06	4.2e-06	-10
6.4e-06	4.2e-06	-10
6.4e-06	4.2e-06	-10
6.4e-06	4.2e-06	-10
6.4e-06	4.2e-06	-10
6.4e-06	4.2e-06	-10
6.4e-06	4.2e-06	-10
6.4e-06	4.2e-06	-10
6.4e-06	4.2e-06	-10
6.4e-06	4.2e-06	-10
6.4e-06	4.2e-06	-10
6.4e-06	4.2e-06	-10
6.4e-06	4.2e-06	-10
6.4e-06	4.2e-06	-10
6.4e-06	4.2e-06	-10
6.4e-06	4.2e-06	-10
6.4e-06	4.2e-06	-10
6.4e-06	4.2e-06	-10
6.4e-06	4.2e-06	-10
6.4e-06	4.2e-06	-10
6.4e-06	4.2e-06	-10
6.4e-06	4.2e-06	-10
6.4e-06	4.2e-06	-10
6.4e-06	4.2e-06	-10
6.4e-06	4.2e-06	-10
6.4e-06	4.2e-06	-10
6.4e-06	4.2e-06	-10
6.4e-06	4.2e-06	-10
6.4e-06	4.2e-06	-10
6.4e-06	4.2e-06	-10
6.4e-06	4.2e-06	-10
6.4e-06	4.2e-06	-10
6.4e-06	4.2e-06	-10
6.4e-06	4.2e-06	-10
6.4e-06	4.2e-06	-10
6.4e-06	4.2e-06	-10
6.4e-06	4.2e-06	-10
6.4e-06	4.2e-06	-10
6.4e-06	4.2e-06	-10
6.4e-06	4.2e-06	-10
6.4e-06	4.2e-06	-10
6.4e-06	4.2e-06	-10
6.4e-06	4.2e-06	-10
6.4e-06	4.2e-06	-10
6.4e-06	4.2e-06	-10
6.4e-06	4.2e-06	-10
6.4e-06	4.2e-06	-10
6.4e-06	4.2e-06	-10
6.4e-06	4.2e-06	-10
6.4e-06	4.2e-06	-10
6.4e-06	4.2e-06	-10
6.4e-06	4.2e-06	-10
6.4e-06	4.2e-06	-10
6.4e-06	4.2e-06	-10
6.4e-06	4.2e-06	-10
6.4e-06	4.2e-06	-10
6.4e-06	4.2e-06	-10
6.4e-06	4.2e-06	-10
6.4e-06	4.2e-06	-10
6.4e-06	4.2e-06	-10
6.4e-06	4.2e-06	-10
6.4e-06	4.2e-06	-10
6.4e-06	4.2e-06	-10
6.4e-06	4.2e-06	-10
6.4e-06	4.2e-06	-10
6.4e-06	4.2e-06	-10
6.4e-06	4.2e-06	-10
6.4e-06	4.2e-06	-10
6.4e-06	4.2e-06	-10
6.4e-06	4.2e-06	-10
6.4e-06	4.2e-06	-10
6.4e-06	4.2e-06	-10
6.4e-06	4.2e-06	-10
6.4e-06	4.2e-06	-10
6.4e-06	4.2e-06	-10
6.4e-06	4.2e-06	-10
6.4e-06	4.2e-06	-10
6.4e-06	4.2e-06	-10
6.4e-06	4.2e-06	-10
6.4e-06	4.2e-06	-10
6.4e-06	4.2e-06	-10
6.4e-06	4.2e-06	-10
6.4e-06	4.2e-06	-10
6.4e-06	4.2e-06	-10
6.4e-06	4.2e-06	-10
6.4e-06	4.2e-06	-10
6.4e-06	4.2e-06	-10
6.4e-06	4.2e-06	-10
6.4e-06	4.2e-06	-10
6.4e-06	4.2e-06	-10
6.4e-06	4.2e-06	-10
6.4e-06	4.2e-06	-10
6.4e-06	4.2e-06	-10
6.4e-06	4.2e-06	-10
6.4e-06	4.2e-06	-10
6.4e-06	4.2e-06	-10
6.4e-06	4.2e-06	-10
6.4e-06	4.2e-06	-10
6.4e-06	4.2e-06	-10
6.4e-06	4.2e-06	-10
6.4e-06	4.2e-06	-10
6.4e-06	4.2e-06	-10
6.4e-06	4.2e-06	-10
6.4e-06	4.2e-06	-10
6.4e-06	4.2e-06	-10
6.4e-06	4.2e-06	-10
6.4e-06	4.2e-06	-10
6.4e-06	4.2e-06	-10
6.4e-06	4.2e-06	-10
6.4e-06	4.2e-06	-10
6.4e-06	4.2e-06	-10
6.4e-06	4.2e-06	-10
6.4e-06	4.2e-06	-10
6.4e-06	4.2e-06	-10
6.4e-06	4.2e-06	-10
6.4e-06	4.2e-06	-10
6.4e-06	4.2e-06	-10
6.4e-06	4.2e-06	-10
6.4e-06	4.2e-06	-10
6.4e-06	4.2e-06	-10
6.4e-06	4.2e-06	-10
6.4e-06	4.2e-06	-10
6.4e-06	4.2e-06	-10
6.4e-06	4.2e-06	-10
6.4e-06	4.2e-06	-10
6.4e-06	4.2e-06	-10
6.4e-06	4.2e-06	-10
6.4e-06	4.2e-06	-10
6.4e-06	4.2e-06	-10
6.4e-06	4.2e-06	-10
6.4e-06	4.2e-06	-10
6.4e-06	4.2e-06	-10
6.4e-06	4.2e-06	-10
6.4e-06	4.2e-06	-10
6.4e-06	4.2e-06	-10
6.4e-06	4.2e-06	-10
6.4e-06	4.2e-06	-10
6.4e-06	4.2e-06	-10
6.4e-06	4.2e-06	-10
6.4e-06	4.2e-06	-10
6.4e-06	4.2e-06	-10
6.4e-06	4.2e-06	-10
6.4e-06	4.2e-06	-10
6.4e-06	4.2e-06	-10
6.4e-06	4.2e-06	-10
6.4e-06	4.2e-06	-10
6.4e-06	4.2e-06	-10
6.4e-06	4.2e-06	-10
6.4e-06	4.2e-06	-10
6.4e-06	4.2e-06	-10
6.4e-06	4.2e-06	-10
6.4e-06	4.2e-06	-10
6.4e-06	4.2e-06	-10
6.4e-06	4.2e-06	-10
6.4e-06	4.2e-06	-10
6.4e-06	4.2e-06	-10
6.4e-06	4.2e-06	-10
6.4e-06	4.2e-06	-10
6.4e-06	4.2e-06	-10
6.4e-06	4.2e-06	-10
6.4e-06	4.2e-06	-10
6.4e-06	4.2e-06	-10
6.4e-06	4.2e-06	-10
6.4e-06	4.2e-06	-10
6.4e-06	4.2e-06	-10
6.4e-06	4.2e-06	-10
6.4e-06	4.2e-06	-10
6.4e-06	4.2e-06	-10
6.4e-06	4.2e-06	-10
6.4e-06	4.2e-06	-10
6.4e-06	4.2e-06	-10
6.4e-06	4.2e-06	-10
6.4e-06	4.2e-06	-10
6.4e-06	4.2e-06	-10
6.4e-06	4.2e-06	-10
6.4e-06	4.2e-06	-10
6.4e-06	4.2e-06	-10
6.4e-06	4.2e-06	-10
6.4e-06	4.2e-06	-10
6.4e-06	4.2e-06	-10
6.4e-06	4.2e-06	-10
6.4e-06	4.2e-06	-10
6.4e-06	4.2e-06	-10
6.4e-06	4.2e-06	-10
6.4e-06	4.2e-06	-10
6.4e-06	4.2e-06	-10
6.4e-06	4.2e-06	-10
6.4e-06	4.2e-06	-10
6.4e-06	4.2e-06	-10
6.4e-06	4.2e-06	-10
6.4e-06	4.2e-06	-10
6.4e-06	4.2e-06	-10
6.4e-06	4.2e-06	-10
6.4e-06	4.2e-06	-10
6.4e-06	4.2e-06	-10
6.4e-06	4.2e-06	-10
6.4e-06	4.2e-06	-10
6.4e-06	4.2e-06	-10
6.4e-06	4.2e-06	-10
6.4e-06	4.2e-06	-10
6.4e-06	4.2e-06	-10
6.4e-06	4.2e-06	-10
6.4e-06	4.2e-06	-10
6.4e-06	4.2e-06	-10
6.4e-06	4.2e-06	-10
6.4e-06	4.2e-06	-10
6.4e-06	4.2e-06	-10
6.4e-06	4.2e-06	-10
6.4e-06	4.2e-06	-10
6.4e-06	4.2e-06	-10
6.4e-06	4.2e-06	-10
6.4e-06	4.2e-06	-10
6.4e-06	4.2e-06	-10
6.4e-06	4.2e-06	-10
6.4e-06	4.2e-06	-10
6.4e-06	4.2e-06	-10
6.4e-06	4.2e-06	-10
6.4e-06	4.2e-06	-10
6.4e-06	4.2e-06	-10
6.4e-06	4.2e-06	-10
6.4e-06	4.2e-06	-10
6.4e-06	4.2e-06	-10
6.4e-06	4.2e-06	-10
6.4e-06	4.2e-06	-10
6.4e-06	4.2e-06	-10
6.4e-06	4.2e-06	-10
6.4e-06	4.2e-06	-10
6.4e-06	4.2e-06	-10
6.4e-06	4.2e-06	-10
6.4e-06	4.2e-06	-10
6.4e-06	4.2e-06	-10
6.4e-06	4.2e-06	-10
6.4e-06	4.2e-06	-10
6.4e-06	4.2e-06	-10
6.4e-06	4.2e-06	-10
6.4e-06	4.2e-06	-10
6.4e-06	4.2e-06	-10
6.4e-06	4.2e-06	-10
6.4e-06	4.2e-06	-10
6.4e-06	4.2e-06	-10
6.4e-06	4.2e-06	-10
6.4e-06	4.2e-06	-10
6.4e-06	4.2e-06	-10
6.4e-06	4.2e-06	-10
6.4e-06	4.2e-06	-10
6.4e-06	4.2e-06	-10
6.4e-06	4.2e-06	-10
6.4e-06	4.2e-06	-10
6.4e-06	4.2e-06	-10
6.4e-06	4.2e-06	-10
6.4e-06	4.2e-06	-10
6.4e-06	4.2e-06	-10
6.4e-06	4.2e-06	-10
6.4e-06	4.2e-06	-10
6.4e-06	4.2e-06	-10
6.4e-06	4.2e-06	-10
6.4e-06	4.2e-06	-10
6.4e-06	4.2e-06	-10
6.4e-06	4.2e-06	-10
6.4e-06	4.2e-06	-10
6.4e-06	4.2e-06	-10
6.4e-06	4.2e-06	-10
6.4e-06	4.2e-06	-10
6.4e-06	4.2e-06	-10
6.4e-06	4.2e-06	-10
6.4e-06	4.2e-06	-10
6.4e-06	4.2e-06	-10
6.4e-06	4.2e-06	-10
6.4e-06	4.2e-06	-10
6.4e-06	4.2e-06	-10
6.4e-06	4.2e-06	-10
6.4e-06	4.2e-06	-10
6.4e-06	4.2e-06	-10
6.4e-06	4.2e-06	-10
6.4e-06	4.2e-06	-10
6.4e-06	4.2e-06	-10
6.4e-06	4.2e-06	-10
6.4e-06	4.2e-06	-10
6.4e-06	4.2e-06	-10
6.4e-06	4.2e-06	-10
6.4e-06	4.2e-06	-10
6.4e-06	4.2e-06	-10
6.4e-06	4.2e-06	-10
6.4e-06	4.2e-06	-10
6.4e-06	4.2e-06	-10
6.4e-06	4.2e-06	-10
6.4e-06	4.2e-06	-10
6.4e-06	4.2e-06	-10
6.4e-06	4.2e-06	-10
6.4e-06	4.2e-06	-10
6.4e-06	4.2e-06	-10
6.4e-06	4.2e-06	-10
6.4e-06	4.2e-06	-10
6.4e-06	4.2e-06	-10
6.4e-06	4.2e-06	-10
6.4e-06	4.2e-06	-10
6.4e-06	4.2e-06	-10
6.4e-06	4.2e-06	-10
6.4e-06	4.2e-06	-10
6.4e-06	4.2e-06	-10
6.4e-06	4.2e-06	-10
6.4e-06	4.2e-06	-10
6.4e-06	4.2e-06	-10
6.4e-06	4.2e-06	-10
6.4e-06	4.2e-06	-10
6.4e-06	4.2e-06	-10
6.4e-06	4.2e-06	-10
6.4e-06	4.2e-06	-10
6.4e-06	4.2e-06	-10
6.4e-06	4.2e-06	-10
6.4e-06	4.2e-06	-10
6.4e-06	4.2e-06	-10
6.4e-06	4.2e-06	-10
6.4e-06	4.2e-06	-10
6.4e-06	4.2e-06	-10
6.4e-06	4.2e-06	-10
6.4e-06	4.2e-06	-10
6.4e-06	4.2e-06	-10
6.4e-06	4.2e-06	-10
6.4e-06	4.2e-06	-10
6.4e-06	4.2e-06	-10
6.4e-06	4.2e-06	-10
6.4e-06	4.2e-06	-10
6.4e-06	4.2e-06	-10
6.4e-06	4.2e-06	-10
6.4e-06	4.2e-06	-10
6.4e-06	4.2e-06	-10
6.4e-06	4.2e-06	-10
6.4e-06	4.2e-06	-10
6.4e-06	4.2e-06	-10
6.4e-06	4.2e-06	-10
6.4e-06	4.2e-06	-10
6.4e-06	4.2e-06	-10
6.4e-06	4.2e-06	-10
6.4e-06	4.2e-06	-10
6.4e-06	4.2e-06	-10
6.4e-06	4.2e-06	-10
6.4e-06	4.2e-06	-10
6.4e-06	4.2e-06	-10
6.4e-06	4.2e-06	-10
6.4e-06	4.2e-06	-10
6.4e-06	4.2e-06	-10
6.4e-06	4.2e-06	-10
6.4e-06	4.2e-06	-10
6.4e-06	4.2e-06	-10
6.4e-06	4.2e-06	-10
6.4e-06	4.2e-06	-10
6.4e-06	4.2e-06	-10
6.4e-06	4.2e-06	-10
6.4e-06	4.2e-06	-10
6.4e-06	4.2e-06	-10
6.4e-06	4.2e-06	-10
6.4e-06	4.2e-06	-10
6.4e-06	4.2e-06	-10
6.4e-06	4.2e-06	-10
6.4e-06	4.2e-06	-10
6.4e-06	4.2e-06	-10
6.4e-06	4.2e-06	-10
6.4e-06	4.2e-06	-10
6.4e-06	4.2e-06	-10
6.4e-06	4.2e-06	-10
6.4e-06	4.2e-06	-10
6.4e-06	4.2e-06	-10
6.4e-06	4.2e-06	-10
6.4e-06	4.2e-06	-10
6.4e-06	4.2e-06	-10
6.4e-06	4.2e-06	-10
6.4e-06	4.2e-06	-10
6.4e-06	4.2e-06	-10
6.4e-06	4.2e-06	-10
6.4e-06	4.2e-06	-10
6.4e-06	4.2e-06	-10
6.4e-06	4.2e-06	-10
6.4e-06	4.2e-06	-10
6.4e-06	4.2e-06	-10
6.4e-06	4.2e-06	-10
6.4e-06	4.2e-06	-10
6.4e-06	4.2e-06	-10
6.4e-06	4.2e-06	-10
6.4e-06	4.2e-06	-10
6.4e-06	4.2e-06	-10
6.4e-06	4.2e-06	-10
6.4e-06	4.2e-06	-10
6.4e-06	4.2e-06	-10
6.4e-06	4.2e-06	-10
6.4e-06	4.2e-06	-10
6.4e-06	4.2e-06	-10
6.4e-06	4.2e-06	-10
6.4e-06	4.2e-06	-10
6.4e-06	4.2e-06	-10
6.4e-06	4.2e-06	-10
6.4e-06	4.2e-06	-10
6.4e-06	4.2e-06	-10
6.4e-06	4.2e-06	-10
6.4e-06	4.2e-06	-10
6.4e-06	4.2e-06	-10
6.4e-06	4.2e-06	-10
6.4e-06	4.2e-06	-10
6.4e-06	4.2e-06	-10
6.4e-06	4.2e-06	-10
6.4e-06	4.2e-06	-10
6.4e-06	4.2e-06	-10
6.4e-06	4.2e-06	-10
6.4e-06	4.2e-06	-10
6.4e-06	4.2e-06	-10
6.4e-06	4.2e-06	-10
6.4e-06	4.2e-06	-10
6.4e-06	4.2e-06	-10
6.4e-06	4.2e-06	-10
6.4e-06	4.2e-06	-10
6.4e-06	4.2e-06	-10
6.4e-06	4.2e-06	-10
6.4e-06	4.2e-06	-10
6.4e-06	4.2e-06	-10
6.4e-06	4.2e-06	-10
6.4e-06	4.2e-06	-10
6.4e-06	4.2e-06	-10
6.4e-06	4.2e-06	-10
6.4e-06	4.2e-06	-10
6.4e-06	4.2e-06	-10
6.4e-06	4.2e-06	-10
6.4e-06	4.2e-06	-10
6.4e-06	4.2e-06	-10
6.4e-06	4.2e-06	-10
6.4e-06	4.2e-06	-10
6.4e-06	4.2e-06	-10
6.4e-06	4.2e-06	-10
6.4e-06	4.2e-06	-10
6.4e-06	4.2e-06	-10
6.4e-06	4.2e-06	-10
6.4e-06	4.2e-06	-10
6.4e-06	4.2e-06	-10
6.4e-06	4.2e-06	-10
6.4e-06	4.2e-06	-10
6.4e-06	4.2e-06	-10
6.4e-06	4.2e-06	-10
6.4e-06	4.2e-06	-10
6.4e-06	4.2e-06	-10
6.4e-06	4.2e-06	-10
6.4e-06	4.2e-06	-10
6.4e-06	4.2e-06	-10
6.4e-06	4.2e-06	-10
6.4e-06	4.2e-06	-10
6.4e-06	4.2e-06	-10
6.4e-06	4.2e-06	-10
6.4e-06	4.2e-06	-10
6.4e-06	4.2e-06	-10
6.4e-06	4.2e-06	-10
6.4e-06	4.2e-06	-10
6.4e-06	4.2e-06	-10
6.4e-06	4.2e-06	-10
6.4e-06	4.2e-06	-10
6.4e-06	4.2e-06	-10
6.4e-06	4.2e-06	-10
