# X_m	Y_m	V
1.7e-06	1e-06	8
1.7e-06	1e-06	8
1.7e-06	1e-06	8
1.7e-06	1e-06	8
1.7e-06	1e-06	8
1.7e-06	1e-06	8
1.7e-06	1e-06	8
1.7e-06	1e-06	8
1.7e-06	1e-06	8
1.7e-06	1e-06	8
1.7e-06	1e-06	8
1.7e-06	1e-06	8
1.7e-06	1e-06	8
1.7e-06	1e-06	8
1.7e-06	1e-06	8
1.7e-06	1e-06	8
1.7e-06	1e-06	8
1.7e-06	1e-06	8
1.7e-06	1e-06	8
1.7e-06	1e-06	8
1.7e-06	1e-06	8
1.7e-06	1e-06	8
1.7e-06	1e-06	8
1.7e-06	1e-06	8
1.7e-06	1e-06	8
1.7e-06	1e-06	0
1.72e-06	1e-06	0
1.74e-06	1e-06	0
1.76e-06	1e-06	0
1.78e-06	1e-06	0
1.8e-06	1e-06	0
1.82e-06	1e-06	0
1.84e-06	1e-06	0
1.86e-06	1e-06	0
1.88e-06	1e-06	0
1.9e-06	1e-06	0
1.92e-06	1e-06	0
1.94e-06	1e-06	0
1.96e-06	1e-06	0
1.98e-06	1e-06	0
2e-06	1e-06	0
2.02e-06	1e-06	0
2.04e-06	1e-06	0
2.06e-06	1e-06	0
2.08e-06	1e-06	0
2.1e-06	1e-06	0
2.12e-06	1e-06	0
2.14e-06	1e-06	0
2.16e-06	1e-06	0
2.18e-06	1e-06	0
2.2e-06	1e-06	0
2.22e-06	1e-06	0
2.24e-06	1e-06	0
2.26e-06	1e-06	0
2.28e-06	1e-06	0
2.3e-06	1e-06	0
2.32e-06	1e-06	0
2.32e-06	1e-06	-8
2.32e-06	1e-06	-8
2.32e-06	1e-06	-8
2.32e-06	1e-06	-8
2.32e-06	1e-06	-8
2.32e-06	1e-06	-8
2.32e-06	1e-06	-8
2.32e-06	1e-06	-8
2.32e-06	1e-06	-8
2.32e-06	1e-06	-8
2.32e-06	1e-06	-8
2.32e-06	1e-06	-8
2.32e-06	1e-06	-8
2.32e-06	1e-06	-8
2.32e-06	1e-06	-8
2.32e-06	1e-06	-8
2.32e-06	1e-06	-8
2.32e-06	1e-06	-8
2.32e-06	1e-06	-8
2.32e-06	1e-06	-8
2.32e-06	1e-06	-8
2.32e-06	1e-06	-8
2.32e-06	1e-06	-8
2.32e-06	1e-06	-8
2.32e-06	1e-06	-8
2.32e-06	1e-06	0
2.339375e-06	1e-06	0
2.35875e-06	1e-06	0
2.378125e-06	1e-06	0
2.3975e-06	1e-06	0
2.416875e-06	1e-06	0
2.43625e-06	1e-06	0
2.455625e-06	1e-06	0
2.475e-06	1e-06	0
2.494375e-06	1e-06	0
2.51375e-06	1e-06	0
2.533125e-06	1e-06	0
2.5525e-06	1e-06	0
2.571875e-06	1e-06	0
2.59125e-06	1e-06	0
2.610625e-06	1e-06	0
2.63e-06	1e-06	0
2.649375e-06	1e-06	0
2.66875e-06	1e-06	0
2.688125e-06	1e-06	0
2.7075e-06	1e-06	0
2.726875e-06	1e-06	0
2.74625e-06	1e-06	0
2.765625e-06	1e-06	0
2.785e-06	1e-06	0
2.804375e-06	1e-06	0
2.82375e-06	1e-06	0
2.843125e-06	1e-06	0
2.8625e-06	1e-06	0
2.881875e-06	1e-06	0
2.90125e-06	1e-06	0
2.920625e-06	1e-06	0
2.94e-06	1e-06	0
2.94e-06	1e-06	8
2.94e-06	1e-06	8
2.94e-06	1e-06	8
2.94e-06	1e-06	8
2.94e-06	1e-06	8
2.94e-06	1e-06	8
2.94e-06	1e-06	8
2.94e-06	1e-06	8
2.94e-06	1e-06	8
2.94e-06	1e-06	8
2.94e-06	1e-06	8
2.94e-06	1e-06	8
2.94e-06	1e-06	8
2.94e-06	1e-06	8
2.94e-06	1e-06	8
2.94e-06	1e-06	8
2.94e-06	1e-06	8
2.94e-06	1e-06	8
2.94e-06	1e-06	8
2.94e-06	1e-06	8
2.94e-06	1e-06	8
2.94e-06	1e-06	8
2.94e-06	1e-06	8
2.94e-06	1e-06	8
2.94e-06	1e-06	8
2.94e-06	1e-06	0
2.95e-06	1.017320508e-06	0
2.96e-06	1.034641016e-06	0
2.97e-06	1.051961524e-06	0
2.98e-06	1.069282032e-06	0
2.99e-06	1.08660254e-06	0
3e-06	1.103923048e-06	0
3.01e-06	1.121243557e-06	0
3.02e-06	1.138564065e-06	0
3.03e-06	1.155884573e-06	0
3.04e-06	1.173205081e-06	0
3.05e-06	1.190525589e-06	0
3.06e-06	1.207846097e-06	0
3.07e-06	1.225166605e-06	0
3.08e-06	1.242487113e-06	0
3.09e-06	1.259807621e-06	0
3.1e-06	1.277128129e-06	0
3.11e-06	1.294448637e-06	0
3.12e-06	1.311769145e-06	0
3.13e-06	1.329089653e-06	0
3.14e-06	1.346410162e-06	0
3.15e-06	1.36373067e-06	0
3.16e-06	1.381051178e-06	0
3.17e-06	1.398371686e-06	0
3.18e-06	1.415692194e-06	0
3.19e-06	1.433012702e-06	0
3.2e-06	1.45033321e-06	0
3.21e-06	1.467653718e-06	0
3.22e-06	1.484974226e-06	0
3.23e-06	1.502294734e-06	0
3.24e-06	1.519615242e-06	0
3.25e-06	1.53693575e-06	0
3.25e-06	1.53693575e-06	-8
3.25e-06	1.53693575e-06	-8
3.25e-06	1.53693575e-06	-8
3.25e-06	1.53693575e-06	-8
3.25e-06	1.53693575e-06	-8
3.25e-06	1.53693575e-06	-8
3.25e-06	1.53693575e-06	-8
3.25e-06	1.53693575e-06	-8
3.25e-06	1.53693575e-06	-8
3.25e-06	1.53693575e-06	-8
3.25e-06	1.53693575e-06	-8
3.25e-06	1.53693575e-06	-8
3.25e-06	1.53693575e-06	-8
3.25e-06	1.53693575e-06	-8
3.25e-06	1.53693575e-06	-8
3.25e-06	1.53693575e-06	-8
3.25e-06	1.53693575e-06	-8
3.25e-06	1.53693575e-06	-8
3.25e-06	1.53693575e-06	-8
3.25e-06	1.53693575e-06	-8
3.25e-06	1.53693575e-06	-8
3.25e-06	1.53693575e-06	-8
3.25e-06	1.53693575e-06	-8
3.25e-06	1.53693575e-06	-8
3.25e-06	1.53693575e-06	-8
3.25e-06	1.53693575e-06	0
3.230625e-06	1.53693575e-06	0
3.21125e-06	1.53693575e-06	0
3.191875e-06	1.53693575e-06	0
3.1725e-06	1.53693575e-06	0
3.153125e-06	1.53693575e-06	0
3.13375e-06	1.53693575e-06	0
3.114375e-06	1.53693575e-06	0
3.095e-06	1.53693575e-06	0
3.075625e-06	1.53693575e-06	0
3.05625e-06	1.53693575e-06	0
3.036875e-06	1.53693575e-06	0
3.0175e-06	1.53693575e-06	0
2.998125e-06	1.53693575e-06	0
2.97875e-06	1.53693575e-06	0
2.959375e-06	1.53693575e-06	0
2.94e-06	1.53693575e-06	0
2.920625e-06	1.53693575e-06	0
2.90125e-06	1.53693575e-06	0
2.881875e-06	1.53693575e-06	0
2.8625e-06	1.53693575e-06	0
2.843125e-06	1.53693575e-06	0
2.82375e-06	1.53693575e-06	0
2.804375e-06	1.53693575e-06	0
2.785e-06	1.53693575e-06	0
2.765625e-06	1.53693575e-06	0
2.74625e-06	1.53693575e-06	0
2.726875e-06	1.53693575e-06	0
2.7075e-06	1.53693575e-06	0
2.688125e-06	1.53693575e-06	0
2.66875e-06	1.53693575e-06	0
2.649375e-06	1.53693575e-06	0
2.63e-06	1.53693575e-06	0
2.63e-06	1.53693575e-06	8
2.63e-06	1.53693575e-06	8
2.63e-06	1.53693575e-06	8
2.63e-06	1.53693575e-06	8
2.63e-06	1.53693575e-06	8
2.63e-06	1.53693575e-06	8
2.63e-06	1.53693575e-06	8
2.63e-06	1.53693575e-06	8
2.63e-06	1.53693575e-06	8
2.63e-06	1.53693575e-06	8
2.63e-06	1.53693575e-06	8
2.63e-06	1.53693575e-06	8
2.63e-06	1.53693575e-06	8
2.63e-06	1.53693575e-06	8
2.63e-06	1.53693575e-06	8
2.63e-06	1.53693575e-06	8
2.63e-06	1.53693575e-06	8
2.63e-06	1.53693575e-06	8
2.63e-06	1.53693575e-06	8
2.63e-06	1.53693575e-06	8
2.63e-06	1.53693575e-06	8
2.63e-06	1.53693575e-06	8
2.63e-06	1.53693575e-06	8
2.63e-06	1.53693575e-06	8
2.63e-06	1.53693575e-06	8
2.63e-06	1.53693575e-06	0
2.610625e-06	1.53693575e-06	0
2.59125e-06	1.53693575e-06	0
2.571875e-06	1.53693575e-06	0
2.5525e-06	1.53693575e-06	0
2.533125e-06	1.53693575e-06	0
2.51375e-06	1.53693575e-06	0
2.494375e-06	1.53693575e-06	0
2.475e-06	1.53693575e-06	0
2.455625e-06	1.53693575e-06	0
2.43625e-06	1.53693575e-06	0
2.416875e-06	1.53693575e-06	0
2.3975e-06	1.53693575e-06	0
2.378125e-06	1.53693575e-06	0
2.35875e-06	1.53693575e-06	0
2.339375e-06	1.53693575e-06	0
2.32e-06	1.53693575e-06	0
2.300625e-06	1.53693575e-06	0
2.28125e-06	1.53693575e-06	0
2.261875e-06	1.53693575e-06	0
2.2425e-06	1.53693575e-06	0
2.223125e-06	1.53693575e-06	0
2.20375e-06	1.53693575e-06	0
2.184375e-06	1.53693575e-06	0
2.165e-06	1.53693575e-06	0
2.145625e-06	1.53693575e-06	0
2.12625e-06	1.53693575e-06	0
2.106875e-06	1.53693575e-06	0
2.0875e-06	1.53693575e-06	0
2.068125e-06	1.53693575e-06	0
2.04875e-06	1.53693575e-06	0
2.029375e-06	1.53693575e-06	0
2.01e-06	1.53693575e-06	0
2.01e-06	1.53693575e-06	-8
2.01e-06	1.53693575e-06	-8
2.01e-06	1.53693575e-06	-8
2.01e-06	1.53693575e-06	-8
2.01e-06	1.53693575e-06	-8
2.01e-06	1.53693575e-06	-8
2.01e-06	1.53693575e-06	-8
2.01e-06	1.53693575e-06	-8
2.01e-06	1.53693575e-06	-8
2.01e-06	1.53693575e-06	-8
2.01e-06	1.53693575e-06	-8
2.01e-06	1.53693575e-06	-8
2.01e-06	1.53693575e-06	-8
2.01e-06	1.53693575e-06	-8
2.01e-06	1.53693575e-06	-8
2.01e-06	1.53693575e-06	-8
2.01e-06	1.53693575e-06	-8
2.01e-06	1.53693575e-06	-8
2.01e-06	1.53693575e-06	-8
2.01e-06	1.53693575e-06	-8
2.01e-06	1.53693575e-06	-8
2.01e-06	1.53693575e-06	-8
2.01e-06	1.53693575e-06	-8
2.01e-06	1.53693575e-06	-8
2.01e-06	1.53693575e-06	-8
2.01e-06	1.53693575e-06	0
2e-06	1.554256258e-06	0
1.99e-06	1.571576766e-06	0
1.98e-06	1.588897275e-06	0
1.97e-06	1.606217783e-06	0
1.96e-06	1.623538291e-06	0
1.95e-06	1.640858799e-06	0
1.94e-06	1.658179307e-06	0
1.93e-06	1.675499815e-06	0
1.92e-06	1.692820323e-06	0
1.91e-06	1.710140831e-06	0
1.9e-06	1.727461339e-06	0
1.89e-06	1.744781847e-06	0
1.88e-06	1.762102355e-06	0
1.87e-06	1.779422863e-06	0
1.86e-06	1.796743371e-06	0
1.85e-06	1.81406388e-06	0
1.84e-06	1.831384388e-06	0
1.83e-06	1.848704896e-06	0
1.82e-06	1.866025404e-06	0
1.81e-06	1.883345912e-06	0
1.8e-06	1.90066642e-06	0
1.79e-06	1.917986928e-06	0
1.78e-06	1.935307436e-06	0
1.77e-06	1.952627944e-06	0
1.76e-06	1.969948452e-06	0
1.75e-06	1.98726896e-06	0
1.74e-06	2.004589468e-06	0
1.73e-06	2.021909976e-06	0
1.72e-06	2.039230485e-06	0
1.71e-06	2.056550993e-06	0
1.7e-06	2.073871501e-06	0
1.7e-06	2.073871501e-06	8
1.7e-06	2.073871501e-06	8
1.7e-06	2.073871501e-06	8
1.7e-06	2.073871501e-06	8
1.7e-06	2.073871501e-06	8
1.7e-06	2.073871501e-06	8
1.7e-06	2.073871501e-06	8
1.7e-06	2.073871501e-06	8
1.7e-06	2.073871501e-06	8
1.7e-06	2.073871501e-06	8
1.7e-06	2.073871501e-06	8
1.7e-06	2.073871501e-06	8
1.7e-06	2.073871501e-06	8
1.7e-06	2.073871501e-06	8
1.7e-06	2.073871501e-06	8
1.7e-06	2.073871501e-06	8
1.7e-06	2.073871501e-06	8
1.7e-06	2.073871501e-06	8
1.7e-06	2.073871501e-06	8
1.7e-06	2.073871501e-06	8
1.7e-06	2.073871501e-06	8
1.7e-06	2.073871501e-06	8
1.7e-06	2.073871501e-06	8
1.7e-06	2.073871501e-06	8
1.7e-06	2.073871501e-06	8
1.7e-06	2.073871501e-06	0
1.72e-06	2.073871501e-06	0
1.74e-06	2.073871501e-06	0
1.76e-06	2.073871501e-06	0
1.78e-06	2.073871501e-06	0
1.8e-06	2.073871501e-06	0
1.82e-06	2.073871501e-06	0
1.84e-06	2.073871501e-06	0
1.86e-06	2.073871501e-06	0
1.88e-06	2.073871501e-06	0
1.9e-06	2.073871501e-06	0
1.92e-06	2.073871501e-06	0
1.94e-06	2.073871501e-06	0
1.96e-06	2.073871501e-06	0
1.98e-06	2.073871501e-06	0
2e-06	2.073871501e-06	0
2.02e-06	2.073871501e-06	0
2.04e-06	2.073871501e-06	0
2.06e-06	2.073871501e-06	0
2.08e-06	2.073871501e-06	0
2.1e-06	2.073871501e-06	0
2.12e-06	2.073871501e-06	0
2.14e-06	2.073871501e-06	0
2.16e-06	2.073871501e-06	0
2.18e-06	2.073871501e-06	0
2.2e-06	2.073871501e-06	0
2.22e-06	2.073871501e-06	0
2.24e-06	2.073871501e-06	0
2.26e-06	2.073871501e-06	0
2.28e-06	2.073871501e-06	0
2.3e-06	2.073871501e-06	0
2.32e-06	2.073871501e-06	0
2.32e-06	2.073871501e-06	-8
2.32e-06	2.073871501e-06	-8
2.32e-06	2.073871501e-06	-8
2.32e-06	2.073871501e-06	-8
2.32e-06	2.073871501e-06	-8
2.32e-06	2.073871501e-06	-8
2.32e-06	2.073871501e-06	-8
2.32e-06	2.073871501e-06	-8
2.32e-06	2.073871501e-06	-8
2.32e-06	2.073871501e-06	-8
2.32e-06	2.073871501e-06	-8
2.32e-06	2.073871501e-06	-8
2.32e-06	2.073871501e-06	-8
2.32e-06	2.073871501e-06	-8
2.32e-06	2.073871501e-06	-8
2.32e-06	2.073871501e-06	-8
2.32e-06	2.073871501e-06	-8
2.32e-06	2.073871501e-06	-8
2.32e-06	2.073871501e-06	-8
2.32e-06	2.073871501e-06	-8
2.32e-06	2.073871501e-06	-8
2.32e-06	2.073871501e-06	-8
2.32e-06	2.073871501e-06	-8
2.32e-06	2.073871501e-06	-8
2.32e-06	2.073871501e-06	-8
2.32e-06	2.073871501e-06	0
2.339375e-06	2.073871501e-06	0
2.35875e-06	2.073871501e-06	0
2.378125e-06	2.073871501e-06	0
2.3975e-06	2.073871501e-06	0
2.416875e-06	2.073871501e-06	0
2.43625e-06	2.073871501e-06	0
2.455625e-06	2.073871501e-06	0
2.475e-06	2.073871501e-06	0
2.494375e-06	2.073871501e-06	0
2.51375e-06	2.073871501e-06	0
2.533125e-06	2.073871501e-06	0
2.5525e-06	2.073871501e-06	0
2.571875e-06	2.073871501e-06	0
2.59125e-06	2.073871501e-06	0
2.610625e-06	2.073871501e-06	0
2.63e-06	2.073871501e-06	0
2.649375e-06	2.073871501e-06	0
2.66875e-06	2.073871501e-06	0
2.688125e-06	2.073871501e-06	0
2.7075e-06	2.073871501e-06	0
2.726875e-06	2.073871501e-06	0
2.74625e-06	2.073871501e-06	0
2.765625e-06	2.073871501e-06	0
2.785e-06	2.073871501e-06	0
2.804375e-06	2.073871501e-06	0
2.82375e-06	2.073871501e-06	0
2.843125e-06	2.073871501e-06	0
2.8625e-06	2.073871501e-06	0
2.881875e-06	2.073871501e-06	0
2.90125e-06	2.073871501e-06	0
2.920625e-06	2.073871501e-06	0
2.94e-06	2.073871501e-06	0
2.94e-06	2.073871501e-06	8
2.94e-06	2.073871501e-06	8
2.94e-06	2.073871501e-06	8
2.94e-06	2.073871501e-06	8
2.94e-06	2.073871501e-06	8
2.94e-06	2.073871501e-06	8
2.94e-06	2.073871501e-06	8
2.94e-06	2.073871501e-06	8
2.94e-06	2.073871501e-06	8
2.94e-06	2.073871501e-06	8
2.94e-06	2.073871501e-06	8
2.94e-06	2.073871501e-06	8
2.94e-06	2.073871501e-06	8
2.94e-06	2.073871501e-06	8
2.94e-06	2.073871501e-06	8
2.94e-06	2.073871501e-06	8
2.94e-06	2.073871501e-06	8
2.94e-06	2.073871501e-06	8
2.94e-06	2.073871501e-06	8
2.94e-06	2.073871501e-06	8
2.94e-06	2.073871501e-06	8
2.94e-06	2.073871501e-06	8
2.94e-06	2.073871501e-06	8
2.94e-06	2.073871501e-06	8
2.94e-06	2.073871501e-06	8
2.94e-06	2.073871501e-06	0
2.95e-06	2.091192009e-06	0
2.96e-06	2.108512517e-06	0
2.97e-06	2.125833025e-06	0
2.98e-06	2.143153533e-06	0
2.99e-06	2.160474041e-06	0
3e-06	2.177794549e-06	0
3.01e-06	2.195115057e-06	0
3.02e-06	2.212435565e-06	0
3.03e-06	2.229756073e-06	0
3.04e-06	2.247076581e-06	0
3.05e-06	2.26439709e-06	0
3.06e-06	2.281717598e-06	0
3.07e-06	2.299038106e-06	0
3.08e-06	2.316358614e-06	0
3.09e-06	2.333679122e-06	0
3.1e-06	2.35099963e-06	0
3.11e-06	2.368320138e-06	0
3.12e-06	2.385640646e-06	0
3.13e-06	2.402961154e-06	0
3.14e-06	2.420281662e-06	0
3.15e-06	2.43760217e-06	0
3.16e-06	2.454922678e-06	0
3.17e-06	2.472243186e-06	0
3.18e-06	2.489563695e-06	0
3.19e-06	2.506884203e-06	0
3.2e-06	2.524204711e-06	0
3.21e-06	2.541525219e-06	0
3.22e-06	2.558845727e-06	0
3.23e-06	2.576166235e-06	0
3.24e-06	2.593486743e-06	0
3.25e-06	2.610807251e-06	0
3.25e-06	2.610807251e-06	-8
3.25e-06	2.610807251e-06	-8
3.25e-06	2.610807251e-06	-8
3.25e-06	2.610807251e-06	-8
3.25e-06	2.610807251e-06	-8
3.25e-06	2.610807251e-06	-8
3.25e-06	2.610807251e-06	-8
3.25e-06	2.610807251e-06	-8
3.25e-06	2.610807251e-06	-8
3.25e-06	2.610807251e-06	-8
3.25e-06	2.610807251e-06	-8
3.25e-06	2.610807251e-06	-8
3.25e-06	2.610807251e-06	-8
3.25e-06	2.610807251e-06	-8
3.25e-06	2.610807251e-06	-8
3.25e-06	2.610807251e-06	-8
3.25e-06	2.610807251e-06	-8
3.25e-06	2.610807251e-06	-8
3.25e-06	2.610807251e-06	-8
3.25e-06	2.610807251e-06	-8
3.25e-06	2.610807251e-06	-8
3.25e-06	2.610807251e-06	-8
3.25e-06	2.610807251e-06	-8
3.25e-06	2.610807251e-06	-8
3.25e-06	2.610807251e-06	-8
3.25e-06	2.610807251e-06	0
3.230625e-06	2.610807251e-06	0
3.21125e-06	2.610807251e-06	0
3.191875e-06	2.610807251e-06	0
3.1725e-06	2.610807251e-06	0
3.153125e-06	2.610807251e-06	0
3.13375e-06	2.610807251e-06	0
3.114375e-06	2.610807251e-06	0
3.095e-06	2.610807251e-06	0
3.075625e-06	2.610807251e-06	0
3.05625e-06	2.610807251e-06	0
3.036875e-06	2.610807251e-06	0
3.0175e-06	2.610807251e-06	0
2.998125e-06	2.610807251e-06	0
2.97875e-06	2.610807251e-06	0
2.959375e-06	2.610807251e-06	0
2.94e-06	2.610807251e-06	0
2.920625e-06	2.610807251e-06	0
2.90125e-06	2.610807251e-06	0
2.881875e-06	2.610807251e-06	0
2.8625e-06	2.610807251e-06	0
2.843125e-06	2.610807251e-06	0
2.82375e-06	2.610807251e-06	0
2.804375e-06	2.610807251e-06	0
2.785e-06	2.610807251e-06	0
2.765625e-06	2.610807251e-06	0
2.74625e-06	2.610807251e-06	0
2.726875e-06	2.610807251e-06	0
2.7075e-06	2.610807251e-06	0
2.688125e-06	2.610807251e-06	0
2.66875e-06	2.610807251e-06	0
2.649375e-06	2.610807251e-06	0
2.63e-06	2.610807251e-06	0
2.63e-06	2.610807251e-06	8
2.63e-06	2.610807251e-06	8
2.63e-06	2.610807251e-06	8
2.63e-06	2.610807251e-06	8
2.63e-06	2.610807251e-06	8
2.63e-06	2.610807251e-06	8
2.63e-06	2.610807251e-06	8
2.63e-06	2.610807251e-06	8
2.63e-06	2.610807251e-06	8
2.63e-06	2.610807251e-06	8
2.63e-06	2.610807251e-06	8
2.63e-06	2.610807251e-06	8
2.63e-06	2.610807251e-06	8
2.63e-06	2.610807251e-06	8
2.63e-06	2.610807251e-06	8
2.63e-06	2.610807251e-06	8
2.63e-06	2.610807251e-06	8
2.63e-06	2.610807251e-06	8
2.63e-06	2.610807251e-06	8
2.63e-06	2.610807251e-06	8
2.63e-06	2.610807251e-06	8
2.63e-06	2.610807251e-06	8
2.63e-06	2.610807251e-06	8
2.63e-06	2.610807251e-06	8
2.63e-06	2.610807251e-06	8
2.63e-06	2.610807251e-06	0
2.610625e-06	2.610807251e-06	0
2.59125e-06	2.610807251e-06	0
2.571875e-06	2.610807251e-06	0
2.5525e-06	2.610807251e-06	0
2.533125e-06	2.610807251e-06	0
2.51375e-06	2.610807251e-06	0
2.494375e-06	2.610807251e-06	0
2.475e-06	2.610807251e-06	0
2.455625e-06	2.610807251e-06	0
2.43625e-06	2.610807251e-06	0
2.416875e-06	2.610807251e-06	0
2.3975e-06	2.610807251e-06	0
2.378125e-06	2.610807251e-06	0
2.35875e-06	2.610807251e-06	0
2.339375e-06	2.610807251e-06	0
2.32e-06	2.610807251e-06	0
2.300625e-06	2.610807251e-06	0
2.28125e-06	2.610807251e-06	0
2.261875e-06	2.610807251e-06	0
2.2425e-06	2.610807251e-06	0
2.223125e-06	2.610807251e-06	0
2.20375e-06	2.610807251e-06	0
2.184375e-06	2.610807251e-06	0
2.165e-06	2.610807251e-06	0
2.145625e-06	2.610807251e-06	0
2.12625e-06	2.610807251e-06	0
2.106875e-06	2.610807251e-06	0
2.0875e-06	2.610807251e-06	0
2.068125e-06	2.610807251e-06	0
2.04875e-06	2.610807251e-06	0
2.029375e-06	2.610807251e-06	0
2.01e-06	2.610807251e-06	0
2.01e-06	2.610807251e-06	-8
2.01e-06	2.610807251e-06	-8
2.01e-06	2.610807251e-06	-8
2.01e-06	2.610807251e-06	-8
2.01e-06	2.610807251e-06	-8
2.01e-06	2.610807251e-06	-8
2.01e-06	2.610807251e-06	-8
2.01e-06	2.610807251e-06	-8
2.01e-06	2.610807251e-06	-8
2.01e-06	2.610807251e-06	-8
2.01e-06	2.610807251e-06	-8
2.01e-06	2.610807251e-06	-8
2.01e-06	2.610807251e-06	-8
2.01e-06	2.610807251e-06	-8
2.01e-06	2.610807251e-06	-8
2.01e-06	2.610807251e-06	-8
2.01e-06	2.610807251e-06	-8
2.01e-06	2.610807251e-06	-8
2.01e-06	2.610807251e-06	-8
2.01e-06	2.610807251e-06	-8
2.01e-06	2.610807251e-06	-8
2.01e-06	2.610807251e-06	-8
2.01e-06	2.610807251e-06	-8
2.01e-06	2.610807251e-06	-8
2.01e-06	2.610807251e-06	-8
2.01e-06	2.610807251e-06	0
2e-06	2.628127759e-06	0
1.99e-06	2.645448267e-06	0
1.98e-06	2.662768775e-06	0
1.97e-06	2.680089283e-06	0
1.96e-06	2.697409791e-06	0
1.95e-06	2.714730299e-06	0
1.94e-06	2.732050808e-06	0
1.93e-06	2.749371316e-06	0
1.92e-06	2.766691824e-06	0
1.91e-06	2.784012332e-06	0
1.9e-06	2.80133284e-06	0
1.89e-06	2.818653348e-06	0
1.88e-06	2.835973856e-06	0
1.87e-06	2.853294364e-06	0
1.86e-06	2.870614872e-06	0
1.85e-06	2.88793538e-06	0
1.84e-06	2.905255888e-06	0
1.83e-06	2.922576396e-06	0
1.82e-06	2.939896904e-06	0
1.81e-06	2.957217413e-06	0
1.8e-06	2.974537921e-06	0
1.79e-06	2.991858429e-06	0
1.78e-06	3.009178937e-06	0
1.77e-06	3.026499445e-06	0
1.76e-06	3.043819953e-06	0
1.75e-06	3.061140461e-06	0
1.74e-06	3.078460969e-06	0
1.73e-06	3.095781477e-06	0
1.72e-06	3.113101985e-06	0
1.71e-06	3.130422493e-06	0
1.7e-06	3.147743001e-06	0
1.7e-06	3.147743001e-06	8
1.7e-06	3.147743001e-06	8
1.7e-06	3.147743001e-06	8
1.7e-06	3.147743001e-06	8
1.7e-06	3.147743001e-06	8
1.7e-06	3.147743001e-06	8
1.7e-06	3.147743001e-06	8
1.7e-06	3.147743001e-06	8
1.7e-06	3.147743001e-06	8
1.7e-06	3.147743001e-06	8
1.7e-06	3.147743001e-06	8
1.7e-06	3.147743001e-06	8
1.7e-06	3.147743001e-06	8
1.7e-06	3.147743001e-06	8
1.7e-06	3.147743001e-06	8
1.7e-06	3.147743001e-06	8
1.7e-06	3.147743001e-06	8
1.7e-06	3.147743001e-06	8
1.7e-06	3.147743001e-06	8
1.7e-06	3.147743001e-06	8
1.7e-06	3.147743001e-06	8
1.7e-06	3.147743001e-06	8
1.7e-06	3.147743001e-06	8
1.7e-06	3.147743001e-06	8
1.7e-06	3.147743001e-06	8
1.7e-06	3.147743001e-06	0
1.72e-06	3.147743001e-06	0
1.74e-06	3.147743001e-06	0
1.76e-06	3.147743001e-06	0
1.78e-06	3.147743001e-06	0
1.8e-06	3.147743001e-06	0
1.82e-06	3.147743001e-06	0
1.84e-06	3.147743001e-06	0
1.86e-06	3.147743001e-06	0
1.88e-06	3.147743001e-06	0
1.9e-06	3.147743001e-06	0
1.92e-06	3.147743001e-06	0
1.94e-06	3.147743001e-06	0
1.96e-06	3.147743001e-06	0
1.98e-06	3.147743001e-06	0
2e-06	3.147743001e-06	0
2.02e-06	3.147743001e-06	0
2.04e-06	3.147743001e-06	0
2.06e-06	3.147743001e-06	0
2.08e-06	3.147743001e-06	0
2.1e-06	3.147743001e-06	0
2.12e-06	3.147743001e-06	0
2.14e-06	3.147743001e-06	0
2.16e-06	3.147743001e-06	0
2.18e-06	3.147743001e-06	0
2.2e-06	3.147743001e-06	0
2.22e-06	3.147743001e-06	0
2.24e-06	3.147743001e-06	0
2.26e-06	3.147743001e-06	0
2.28e-06	3.147743001e-06	0
2.3e-06	3.147743001e-06	0
2.32e-06	3.147743001e-06	0
2.32e-06	3.147743001e-06	-8
2.32e-06	3.147743001e-06	-8
2.32e-06	3.147743001e-06	-8
2.32e-06	3.147743001e-06	-8
2.32e-06	3.147743001e-06	-8
2.32e-06	3.147743001e-06	-8
2.32e-06	3.147743001e-06	-8
2.32e-06	3.147743001e-06	-8
2.32e-06	3.147743001e-06	-8
2.32e-06	3.147743001e-06	-8
2.32e-06	3.147743001e-06	-8
2.32e-06	3.147743001e-06	-8
2.32e-06	3.147743001e-06	-8
2.32e-06	3.147743001e-06	-8
2.32e-06	3.147743001e-06	-8
2.32e-06	3.147743001e-06	-8
2.32e-06	3.147743001e-06	-8
2.32e-06	3.147743001e-06	-8
2.32e-06	3.147743001e-06	-8
2.32e-06	3.147743001e-06	-8
2.32e-06	3.147743001e-06	-8
2.32e-06	3.147743001e-06	-8
2.32e-06	3.147743001e-06	-8
2.32e-06	3.147743001e-06	-8
2.32e-06	3.147743001e-06	-8
2.32e-06	3.147743001e-06	0
2.339375e-06	3.147743001e-06	0
2.35875e-06	3.147743001e-06	0
2.378125e-06	3.147743001e-06	0
2.3975e-06	3.147743001e-06	0
2.416875e-06	3.147743001e-06	0
2.43625e-06	3.147743001e-06	0
2.455625e-06	3.147743001e-06	0
2.475e-06	3.147743001e-06	0
2.494375e-06	3.147743001e-06	0
2.51375e-06	3.147743001e-06	0
2.533125e-06	3.147743001e-06	0
2.5525e-06	3.147743001e-06	0
2.571875e-06	3.147743001e-06	0
2.59125e-06	3.147743001e-06	0
2.610625e-06	3.147743001e-06	0
2.63e-06	3.147743001e-06	0
2.649375e-06	3.147743001e-06	0
2.66875e-06	3.147743001e-06	0
2.688125e-06	3.147743001e-06	0
2.7075e-06	3.147743001e-06	0
2.726875e-06	3.147743001e-06	0
2.74625e-06	3.147743001e-06	0
2.765625e-06	3.147743001e-06	0
2.785e-06	3.147743001e-06	0
2.804375e-06	3.147743001e-06	0
2.82375e-06	3.147743001e-06	0
2.843125e-06	3.147743001e-06	0
2.8625e-06	3.147743001e-06	0
2.881875e-06	3.147743001e-06	0
2.90125e-06	3.147743001e-06	0
2.920625e-06	3.147743001e-06	0
2.94e-06	3.147743001e-06	0
2.94e-06	3.147743001e-06	8
2.94e-06	3.147743001e-06	8
2.94e-06	3.147743001e-06	8
2.94e-06	3.147743001e-06	8
2.94e-06	3.147743001e-06	8
2.94e-06	3.147743001e-06	8
2.94e-06	3.147743001e-06	8
2.94e-06	3.147743001e-06	8
2.94e-06	3.147743001e-06	8
2.94e-06	3.147743001e-06	8
2.94e-06	3.147743001e-06	8
2.94e-06	3.147743001e-06	8
2.94e-06	3.147743001e-06	8
2.94e-06	3.147743001e-06	8
2.94e-06	3.147743001e-06	8
2.94e-06	3.147743001e-06	8
2.94e-06	3.147743001e-06	8
2.94e-06	3.147743001e-06	8
2.94e-06	3.147743001e-06	8
2.94e-06	3.147743001e-06	8
2.94e-06	3.147743001e-06	8
2.94e-06	3.147743001e-06	8
2.94e-06	3.147743001e-06	8
2.94e-06	3.147743001e-06	8
2.94e-06	3.147743001e-06	8
2.94e-06	3.147743001e-06	0
2.95e-06	3.165063509e-06	0
2.96e-06	3.182384018e-06	0
2.97e-06	3.199704526e-06	0
2.98e-06	3.217025034e-06	0
2.99e-06	3.234345542e-06	0
3e-06	3.25166605e-06	0
3.01e-06	3.268986558e-06	0
3.02e-06	3.286307066e-06	0
3.03e-06	3.303627574e-06	0
3.04e-06	3.320948082e-06	0
3.05e-06	3.33826859e-06	0
3.06e-06	3.355589098e-06	0
3.07e-06	3.372909606e-06	0
3.08e-06	3.390230114e-06	0
3.09e-06	3.407550623e-06	0
3.1e-06	3.424871131e-06	0
3.11e-06	3.442191639e-06	0
3.12e-06	3.459512147e-06	0
3.13e-06	3.476832655e-06	0
3.14e-06	3.494153163e-06	0
3.15e-06	3.511473671e-06	0
3.16e-06	3.528794179e-06	0
3.17e-06	3.546114687e-06	0
3.18e-06	3.563435195e-06	0
3.19e-06	3.580755703e-06	0
3.2e-06	3.598076211e-06	0
3.21e-06	3.615396719e-06	0
3.22e-06	3.632717228e-06	0
3.23e-06	3.650037736e-06	0
3.24e-06	3.667358244e-06	0
3.25e-06	3.684678752e-06	0
3.25e-06	3.684678752e-06	-8
3.25e-06	3.684678752e-06	-8
3.25e-06	3.684678752e-06	-8
3.25e-06	3.684678752e-06	-8
3.25e-06	3.684678752e-06	-8
3.25e-06	3.684678752e-06	-8
3.25e-06	3.684678752e-06	-8
3.25e-06	3.684678752e-06	-8
3.25e-06	3.684678752e-06	-8
3.25e-06	3.684678752e-06	-8
3.25e-06	3.684678752e-06	-8
3.25e-06	3.684678752e-06	-8
3.25e-06	3.684678752e-06	-8
3.25e-06	3.684678752e-06	-8
3.25e-06	3.684678752e-06	-8
3.25e-06	3.684678752e-06	-8
3.25e-06	3.684678752e-06	-8
3.25e-06	3.684678752e-06	-8
3.25e-06	3.684678752e-06	-8
3.25e-06	3.684678752e-06	-8
3.25e-06	3.684678752e-06	-8
3.25e-06	3.684678752e-06	-8
3.25e-06	3.684678752e-06	-8
3.25e-06	3.684678752e-06	-8
3.25e-06	3.684678752e-06	-8
3.25e-06	3.684678752e-06	0
3.230625e-06	3.684678752e-06	0
3.21125e-06	3.684678752e-06	0
3.191875e-06	3.684678752e-06	0
3.1725e-06	3.684678752e-06	0
3.153125e-06	3.684678752e-06	0
3.13375e-06	3.684678752e-06	0
3.114375e-06	3.684678752e-06	0
3.095e-06	3.684678752e-06	0
3.075625e-06	3.684678752e-06	0
3.05625e-06	3.684678752e-06	0
3.036875e-06	3.684678752e-06	0
3.0175e-06	3.684678752e-06	0
2.998125e-06	3.684678752e-06	0
2.97875e-06	3.684678752e-06	0
2.959375e-06	3.684678752e-06	0
2.94e-06	3.684678752e-06	0
2.920625e-06	3.684678752e-06	0
2.90125e-06	3.684678752e-06	0
2.881875e-06	3.684678752e-06	0
2.8625e-06	3.684678752e-06	0
2.843125e-06	3.684678752e-06	0
2.82375e-06	3.684678752e-06	0
2.804375e-06	3.684678752e-06	0
2.785e-06	3.684678752e-06	0
2.765625e-06	3.684678752e-06	0
2.74625e-06	3.684678752e-06	0
2.726875e-06	3.684678752e-06	0
2.7075e-06	3.684678752e-06	0
2.688125e-06	3.684678752e-06	0
2.66875e-06	3.684678752e-06	0
2.649375e-06	3.684678752e-06	0
2.63e-06	3.684678752e-06	0
2.63e-06	3.684678752e-06	8
2.63e-06	3.684678752e-06	8
2.63e-06	3.684678752e-06	8
2.63e-06	3.684678752e-06	8
2.63e-06	3.684678752e-06	8
2.63e-06	3.684678752e-06	8
2.63e-06	3.684678752e-06	8
2.63e-06	3.684678752e-06	8
2.63e-06	3.684678752e-06	8
2.63e-06	3.684678752e-06	8
2.63e-06	3.684678752e-06	8
2.63e-06	3.684678752e-06	8
2.63e-06	3.684678752e-06	8
2.63e-06	3.684678752e-06	8
2.63e-06	3.684678752e-06	8
2.63e-06	3.684678752e-06	8
2.63e-06	3.684678752e-06	8
2.63e-06	3.684678752e-06	8
2.63e-06	3.684678752e-06	8
2.63e-06	3.684678752e-06	8
2.63e-06	3.684678752e-06	8
2.63e-06	3.684678752e-06	8
2.63e-06	3.684678752e-06	8
2.63e-06	3.684678752e-06	8
2.63e-06	3.684678752e-06	8
2.63e-06	3.684678752e-06	0
2.610625e-06	3.684678752e-06	0
2.59125e-06	3.684678752e-06	0
2.571875e-06	3.684678752e-06	0
2.5525e-06	3.684678752e-06	0
2.533125e-06	3.684678752e-06	0
2.51375e-06	3.684678752e-06	0
2.494375e-06	3.684678752e-06	0
2.475e-06	3.684678752e-06	0
2.455625e-06	3.684678752e-06	0
2.43625e-06	3.684678752e-06	0
2.416875e-06	3.684678752e-06	0
2.3975e-06	3.684678752e-06	0
2.378125e-06	3.684678752e-06	0
2.35875e-06	3.684678752e-06	0
2.339375e-06	3.684678752e-06	0
2.32e-06	3.684678752e-06	0
2.300625e-06	3.684678752e-06	0
2.28125e-06	3.684678752e-06	0
2.261875e-06	3.684678752e-06	0
2.2425e-06	3.684678752e-06	0
2.223125e-06	3.684678752e-06	0
2.20375e-06	3.684678752e-06	0
2.184375e-06	3.684678752e-06	0
2.165e-06	3.684678752e-06	0
2.145625e-06	3.684678752e-06	0
2.12625e-06	3.684678752e-06	0
2.106875e-06	3.684678752e-06	0
2.0875e-06	3.684678752e-06	0
2.068125e-06	3.684678752e-06	0
2.04875e-06	3.684678752e-06	0
2.029375e-06	3.684678752e-06	0
2.01e-06	3.684678752e-06	0
2.01e-06	3.684678752e-06	-8
2.01e-06	3.684678752e-06	-8
2.01e-06	3.684678752e-06	-8
2.01e-06	3.684678752e-06	-8
2.01e-06	3.684678752e-06	-8
2.01e-06	3.684678752e-06	-8
2.01e-06	3.684678752e-06	-8
2.01e-06	3.684678752e-06	-8
2.01e-06	3.684678752e-06	-8
2.01e-06	3.684678752e-06	-8
2.01e-06	3.684678752e-06	-8
2.01e-06	3.684678752e-06	-8
2.01e-06	3.684678752e-06	-8
2.01e-06	3.684678752e-06	-8
2.01e-06	3.684678752e-06	-8
2.01e-06	3.684678752e-06	-8
2.01e-06	3.684678752e-06	-8
2.01e-06	3.684678752e-06	-8
2.01e-06	3.684678752e-06	-8
2.01e-06	3.684678752e-06	-8
2.01e-06	3.684678752e-06	-8
2.01e-06	3.684678752e-06	-8
2.01e-06	3.684678752e-06	-8
2.01e-06	3.684678752e-06	-8
2.01e-06	3.684678752e-06	-8
