# X_m	Y_m	V
1.1e-06	-6.320508076e-07	6
1.1e-06	-6.320508076e-07	6
1.1e-06	-6.320508076e-07	6
1.1e-06	-6.320508076e-07	6
1.1e-06	-6.320508076e-07	6
1.1e-06	-6.320508076e-07	6
1.1e-06	-6.320508076e-07	6
1.1e-06	-6.320508076e-07	6
1.1e-06	-6.320508076e-07	6
1.1e-06	-6.320508076e-07	6
1.1e-06	-6.320508076e-07	6
1.11e-06	-6.147302995e-07	6
1.12e-06	-5.974097914e-07	6
1.13e-06	-5.800892833e-07	6
1.14e-06	-5.627687753e-07	6
1.15e-06	-5.454482672e-07	6
1.16e-06	-5.281277591e-07	6
1.17e-06	-5.10807251e-07	6
1.18e-06	-4.93486743e-07	6
1.19e-06	-4.761662349e-07	6
1.2e-06	-4.588457268e-07	6
1.21e-06	-4.415252187e-07	6
1.22e-06	-4.242047107e-07	6
1.23e-06	-4.068842026e-07	6
1.24e-06	-3.895636945e-07	6
1.25e-06	-3.722431864e-07	6
1.26e-06	-3.549226784e-07	6
1.27e-06	-3.376021703e-07	6
1.28e-06	-3.202816622e-07	6
1.29e-06	-3.029611541e-07	6
1.3e-06	-2.856406461e-07	6
1.31e-06	-2.68320138e-07	6
1.32e-06	-2.509996299e-07	6
1.33e-06	-2.336791218e-07	6
1.34e-06	-2.163586138e-07	6
1.35e-06	-1.990381057e-07	6
1.36e-06	-1.817175976e-07	6
1.37e-06	-1.643970895e-07	6
1.38e-06	-1.470765814e-07	6
1.39e-06	-1.297560734e-07	6
1.4e-06	-1.124355653e-07	6
1.41e-06	-9.511505722e-08	6
1.42e-06	-7.779454915e-08	6
1.43e-06	-6.047404107e-08	6
1.44e-06	-4.3153533e-08	6
1.45e-06	-2.583302492e-08	6
1.46e-06	-8.512516844e-09	6
1.47e-06	8.807991232e-09	6
1.48e-06	2.612849931e-08	6
1.49e-06	4.344900738e-08	6
1.5e-06	6.076951546e-08	6
1.51e-06	7.809002353e-08	6
1.52e-06	9.541053161e-08	6
1.53e-06	1.127310397e-07	6
1.54e-06	1.300515478e-07	6
1.55e-06	1.473720558e-07	6
1.56e-06	1.646925639e-07	6
1.57e-06	1.82013072e-07	6
1.58e-06	1.993335801e-07	6
1.59e-06	2.166540881e-07	6
1.6e-06	2.339745962e-07	6
1.61e-06	2.512951043e-07	6
1.62e-06	2.686156124e-07	6
1.63e-06	2.859361204e-07	6
1.64e-06	3.032566285e-07	6
1.65e-06	3.205771366e-07	6
1.66e-06	3.378976447e-07	6
1.67e-06	3.552181527e-07	6
1.68e-06	3.725386608e-07	6
1.69e-06	3.898591689e-07	6
1.7e-06	4.07179677e-07	6
1.71e-06	4.24500185e-07	6
1.72e-06	4.418206931e-07	6
1.73e-06	4.591412012e-07	6
1.74e-06	4.764617093e-07	6
1.75e-06	4.937822174e-07	6
1.76e-06	5.111027254e-07	6
1.77e-06	5.284232335e-07	6
1.78e-06	5.457437416e-07	6
1.79e-06	5.630642497e-07	6
1.8e-06	5.803847577e-07	6
1.81e-06	5.977052658e-07	6
1.82e-06	6.150257739e-07	6
1.83e-06	6.32346282e-07	6
1.84e-06	6.4966679e-07	6
1.85e-06	6.669872981e-07	6
1.86e-06	6.843078062e-07	6
1.87e-06	7.016283143e-07	6
1.88e-06	7.189488223e-07	6
1.89e-06	7.362693304e-07	6
1.9e-06	7.535898385e-07	6
1.91e-06	7.709103466e-07	6
1.92e-06	7.882308546e-07	6
1.93e-06	8.055513627e-07	6
1.94e-06	8.228718708e-07	6
1.95e-06	8.401923789e-07	6
1.96e-06	8.575128869e-07	6
1.97e-06	8.74833395e-07	6
1.98e-06	8.921539031e-07	6
1.99e-06	9.094744112e-07	6
2e-06	9.267949192e-07	6
2.01e-06	9.441154273e-07	6
2.02e-06	9.614359354e-07	6
2.03e-06	9.787564435e-07	6
2.04e-06	9.960769515e-07	6
2.05e-06	1.01339746e-06	6
2.06e-06	1.030717968e-06	6
2.07e-06	1.048038476e-06	6
2.08e-06	1.065358984e-06	6
2.09e-06	1.082679492e-06	6
2.1e-06	1.1e-06	6
2.1e-06	1.1e-06	6
2.09e-06	1.082679492e-06	6
2.08e-06	1.065358984e-06	6
2.07e-06	1.048038476e-06	6
2.06e-06	1.030717968e-06	6
2.05e-06	1.01339746e-06	6
2.04e-06	9.960769515e-07	6
2.03e-06	9.787564435e-07	6
2.02e-06	9.614359354e-07	6
2.01e-06	9.441154273e-07	6
2e-06	9.267949192e-07	6
1.99e-06	9.094744112e-07	6
1.98e-06	8.921539031e-07	6
1.97e-06	8.74833395e-07	6
1.96e-06	8.575128869e-07	6
1.95e-06	8.401923789e-07	6
1.94e-06	8.228718708e-07	6
1.93e-06	8.055513627e-07	6
1.92e-06	7.882308546e-07	6
1.91e-06	7.709103466e-07	6
1.9e-06	7.535898385e-07	6
1.89e-06	7.362693304e-07	6
1.88e-06	7.189488223e-07	6
1.87e-06	7.016283143e-07	6
1.86e-06	6.843078062e-07	6
1.85e-06	6.669872981e-07	6
1.84e-06	6.4966679e-07	6
1.83e-06	6.32346282e-07	6
1.82e-06	6.150257739e-07	6
1.81e-06	5.977052658e-07	6
1.8e-06	5.803847577e-07	6
1.79e-06	5.630642497e-07	6
1.78e-06	5.457437416e-07	6
1.77e-06	5.284232335e-07	6
1.76e-06	5.111027254e-07	6
1.75e-06	4.937822174e-07	6
1.74e-06	4.764617093e-07	6
1.73e-06	4.591412012e-07	6
1.72e-06	4.418206931e-07	6
1.71e-06	4.24500185e-07	6
1.7e-06	4.07179677e-07	6
1.69e-06	3.898591689e-07	6
1.68e-06	3.725386608e-07	6
1.67e-06	3.552181527e-07	6
1.66e-06	3.378976447e-07	6
1.65e-06	3.205771366e-07	6
1.64e-06	3.032566285e-07	6
1.63e-06	2.859361204e-07	6
1.62e-06	2.686156124e-07	6
1.61e-06	2.512951043e-07	6
1.6e-06	2.339745962e-07	6
1.59e-06	2.166540881e-07	6
1.58e-06	1.993335801e-07	6
1.57e-06	1.82013072e-07	6
1.56e-06	1.646925639e-07	6
1.55e-06	1.473720558e-07	6
1.54e-06	1.300515478e-07	6
1.53e-06	1.127310397e-07	6
1.52e-06	9.541053161e-08	6
1.51e-06	7.809002353e-08	6
1.5e-06	6.076951546e-08	6
1.49e-06	4.344900738e-08	6
1.48e-06	2.612849931e-08	6
1.47e-06	8.807991232e-09	6
1.46e-06	-8.512516844e-09	6
1.45e-06	-2.583302492e-08	6
1.44e-06	-4.3153533e-08	6
1.43e-06	-6.047404107e-08	6
1.42e-06	-7.779454915e-08	6
1.41e-06	-9.511505722e-08	6
1.4e-06	-1.124355653e-07	6
1.39e-06	-1.297560734e-07	6
1.38e-06	-1.470765814e-07	6
1.37e-06	-1.643970895e-07	6
1.36e-06	-1.817175976e-07	6
1.35e-06	-1.990381057e-07	6
1.34e-06	-2.163586138e-07	6
1.33e-06	-2.336791218e-07	6
1.32e-06	-2.509996299e-07	6
1.31e-06	-2.68320138e-07	6
1.3e-06	-2.856406461e-07	6
1.29e-06	-3.029611541e-07	6
1.28e-06	-3.202816622e-07	6
1.27e-06	-3.376021703e-07	6
1.26e-06	-3.549226784e-07	6
1.25e-06	-3.722431864e-07	6
1.24e-06	-3.895636945e-07	6
1.23e-06	-4.068842026e-07	6
1.22e-06	-4.242047107e-07	6
1.21e-06	-4.415252187e-07	6
1.2e-06	-4.588457268e-07	6
1.19e-06	-4.761662349e-07	6
1.18e-06	-4.93486743e-07	6
1.17e-06	-5.10807251e-07	6
1.16e-06	-5.281277591e-07	6
1.15e-06	-5.454482672e-07	6
1.14e-06	-5.627687753e-07	6
1.13e-06	-5.800892833e-07	6
1.12e-06	-5.974097914e-07	6
1.11e-06	-6.147302995e-07	6
1.1e-06	-6.320508076e-07	6
1.1e-06	-6.320508076e-07	0
1.082679492e-06	-6.220508076e-07	0
1.065358984e-06	-6.120508076e-07	0
1.048038476e-06	-6.020508076e-07	0
1.030717968e-06	-5.920508076e-07	0
1.01339746e-06	-5.820508076e-07	0
9.960769515e-07	-5.720508076e-07	0
9.787564435e-07	-5.620508076e-07	0
9.614359354e-07	-5.520508076e-07	0
9.441154273e-07	-5.420508076e-07	0
9.267949192e-07	-5.320508076e-07	0
9.094744112e-07	-5.220508076e-07	0
8.921539031e-07	-5.120508076e-07	0
8.74833395e-07	-5.020508076e-07	0
8.575128869e-07	-4.920508076e-07	0
8.401923789e-07	-4.820508076e-07	0
8.228718708e-07	-4.720508076e-07	0
8.055513627e-07	-4.620508076e-07	0
7.882308546e-07	-4.520508076e-07	0
7.709103466e-07	-4.420508076e-07	0
7.535898385e-07	-4.320508076e-07	0
7.535898385e-07	-4.320508076e-07	6
7.535898385e-07	-4.320508076e-07	6
7.535898385e-07	-4.320508076e-07	6
7.535898385e-07	-4.320508076e-07	6
7.535898385e-07	-4.320508076e-07	6
7.535898385e-07	-4.320508076e-07	6
7.535898385e-07	-4.320508076e-07	6
7.535898385e-07	-4.320508076e-07	6
7.535898385e-07	-4.320508076e-07	6
7.535898385e-07	-4.320508076e-07	6
7.535898385e-07	-4.320508076e-07	6
7.635898385e-07	-4.147302995e-07	6
7.735898385e-07	-3.974097914e-07	6
7.835898385e-07	-3.800892833e-07	6
7.935898385e-07	-3.627687753e-07	6
8.035898385e-07	-3.454482672e-07	6
8.135898385e-07	-3.281277591e-07	6
8.235898385e-07	-3.10807251e-07	6
8.335898385e-07	-2.93486743e-07	6
8.435898385e-07	-2.761662349e-07	6
8.535898385e-07	-2.588457268e-07	6
8.635898385e-07	-2.415252187e-07	6
8.735898385e-07	-2.242047107e-07	6
8.835898385e-07	-2.068842026e-07	6
8.935898385e-07	-1.895636945e-07	6
9.035898385e-07	-1.722431864e-07	6
9.135898385e-07	-1.549226784e-07	6
9.235898385e-07	-1.376021703e-07	6
9.335898385e-07	-1.202816622e-07	6
9.435898385e-07	-1.029611541e-07	6
9.535898385e-07	-8.564064606e-08	6
9.635898385e-07	-6.832013798e-08	6
9.735898385e-07	-5.09996299e-08	6
9.835898385e-07	-3.367912183e-08	6
9.935898385e-07	-1.635861375e-08	6
1.003589838e-06	9.618943233e-10	6
1.013589838e-06	1.82824024e-08	6
1.023589838e-06	3.560291047e-08	6
1.033589838e-06	5.292341855e-08	6
1.043589838e-06	7.024392663e-08	6
1.053589838e-06	8.75644347e-08	6
1.063589838e-06	1.048849428e-07	6
1.073589838e-06	1.222054509e-07	6
1.083589838e-06	1.395259589e-07	6
1.093589838e-06	1.56846467e-07	6
1.103589838e-06	1.741669751e-07	6
1.113589838e-06	1.914874832e-07	6
1.123589838e-06	2.088079912e-07	6
1.133589838e-06	2.261284993e-07	6
1.143589838e-06	2.434490074e-07	6
1.153589838e-06	2.607695155e-07	6
1.163589838e-06	2.780900235e-07	6
1.173589838e-06	2.954105316e-07	6
1.183589838e-06	3.127310397e-07	6
1.193589838e-06	3.300515478e-07	6
1.203589838e-06	3.473720558e-07	6
1.213589838e-06	3.646925639e-07	6
1.223589838e-06	3.82013072e-07	6
1.233589838e-06	3.993335801e-07	6
1.243589838e-06	4.166540881e-07	6
1.253589838e-06	4.339745962e-07	6
1.263589838e-06	4.512951043e-07	6
1.273589838e-06	4.686156124e-07	6
1.283589838e-06	4.859361204e-07	6
1.293589838e-06	5.032566285e-07	6
1.303589838e-06	5.205771366e-07	6
1.313589838e-06	5.378976447e-07	6
1.323589838e-06	5.552181527e-07	6
1.333589838e-06	5.725386608e-07	6
1.343589838e-06	5.898591689e-07	6
1.353589838e-06	6.07179677e-07	6
1.363589838e-06	6.24500185e-07	6
1.373589838e-06	6.418206931e-07	6
1.383589838e-06	6.591412012e-07	6
1.393589838e-06	6.764617093e-07	6
1.403589838e-06	6.937822174e-07	6
1.413589838e-06	7.111027254e-07	6
1.423589838e-06	7.284232335e-07	6
1.433589838e-06	7.457437416e-07	6
1.443589838e-06	7.630642497e-07	6
1.453589838e-06	7.803847577e-07	6
1.463589838e-06	7.977052658e-07	6
1.473589838e-06	8.150257739e-07	6
1.483589838e-06	8.32346282e-07	6
1.493589838e-06	8.4966679e-07	6
1.503589838e-06	8.669872981e-07	6
1.513589838e-06	8.843078062e-07	6
1.523589838e-06	9.016283143e-07	6
1.533589838e-06	9.189488223e-07	6
1.543589838e-06	9.362693304e-07	6
1.553589838e-06	9.535898385e-07	6
1.563589838e-06	9.709103466e-07	6
1.573589838e-06	9.882308546e-07	6
1.583589838e-06	1.005551363e-06	6
1.593589838e-06	1.022871871e-06	6
1.603589838e-06	1.040192379e-06	6
1.613589838e-06	1.057512887e-06	6
1.623589838e-06	1.074833395e-06	6
1.633589838e-06	1.092153903e-06	6
1.643589838e-06	1.109474411e-06	6
1.653589838e-06	1.126794919e-06	6
1.663589838e-06	1.144115427e-06	6
1.673589838e-06	1.161435935e-06	6
1.683589838e-06	1.178756443e-06	6
1.693589838e-06	1.196076952e-06	6
1.703589838e-06	1.21339746e-06	6
1.713589838e-06	1.230717968e-06	6
1.723589838e-06	1.248038476e-06	6
1.733589838e-06	1.265358984e-06	6
1.743589838e-06	1.282679492e-06	6
1.753589838e-06	1.3e-06	6
1.753589838e-06	1.3e-06	6
1.743589838e-06	1.282679492e-06	6
1.733589838e-06	1.265358984e-06	6
1.723589838e-06	1.248038476e-06	6
1.713589838e-06	1.230717968e-06	6
1.703589838e-06	1.21339746e-06	6
1.693589838e-06	1.196076952e-06	6
1.683589838e-06	1.178756443e-06	6
1.673589838e-06	1.161435935e-06	6
1.663589838e-06	1.144115427e-06	6
1.653589838e-06	1.126794919e-06	6
1.643589838e-06	1.109474411e-06	6
1.633589838e-06	1.092153903e-06	6
1.623589838e-06	1.074833395e-06	6
1.613589838e-06	1.057512887e-06	6
1.603589838e-06	1.040192379e-06	6
1.593589838e-06	1.022871871e-06	6
1.583589838e-06	1.005551363e-06	6
1.573589838e-06	9.882308546e-07	6
1.563589838e-06	9.709103466e-07	6
1.553589838e-06	9.535898385e-07	6
1.543589838e-06	9.362693304e-07	6
1.533589838e-06	9.189488223e-07	6
1.523589838e-06	9.016283143e-07	6
1.513589838e-06	8.843078062e-07	6
1.503589838e-06	8.669872981e-07	6
1.493589838e-06	8.4966679e-07	6
1.483589838e-06	8.32346282e-07	6
1.473589838e-06	8.150257739e-07	6
1.463589838e-06	7.977052658e-07	6
1.453589838e-06	7.803847577e-07	6
1.443589838e-06	7.630642497e-07	6
1.433589838e-06	7.457437416e-07	6
1.423589838e-06	7.284232335e-07	6
1.413589838e-06	7.111027254e-07	6
1.403589838e-06	6.937822174e-07	6
1.393589838e-06	6.764617093e-07	6
1.383589838e-06	6.591412012e-07	6
1.373589838e-06	6.418206931e-07	6
1.363589838e-06	6.24500185e-07	6
1.353589838e-06	6.07179677e-07	6
1.343589838e-06	5.898591689e-07	6
1.333589838e-06	5.725386608e-07	6
1.323589838e-06	5.552181527e-07	6
1.313589838e-06	5.378976447e-07	6
1.303589838e-06	5.205771366e-07	6
1.293589838e-06	5.032566285e-07	6
1.283589838e-06	4.859361204e-07	6
1.273589838e-06	4.686156124e-07	6
1.263589838e-06	4.512951043e-07	6
1.253589838e-06	4.339745962e-07	6
1.243589838e-06	4.166540881e-07	6
1.233589838e-06	3.993335801e-07	6
1.223589838e-06	3.82013072e-07	6
1.213589838e-06	3.646925639e-07	6
1.203589838e-06	3.473720558e-07	6
1.193589838e-06	3.300515478e-07	6
1.183589838e-06	3.127310397e-07	6
1.173589838e-06	2.954105316e-07	6
1.163589838e-06	2.780900235e-07	6
1.153589838e-06	2.607695155e-07	6
1.143589838e-06	2.434490074e-07	6
1.133589838e-06	2.261284993e-07	6
1.123589838e-06	2.088079912e-07	6
1.113589838e-06	1.914874832e-07	6
1.103589838e-06	1.741669751e-07	6
1.093589838e-06	1.56846467e-07	6
1.083589838e-06	1.395259589e-07	6
1.073589838e-06	1.222054509e-07	6
1.063589838e-06	1.048849428e-07	6
1.053589838e-06	8.75644347e-08	6
1.043589838e-06	7.024392663e-08	6
1.033589838e-06	5.292341855e-08	6
1.023589838e-06	3.560291047e-08	6
1.013589838e-06	1.82824024e-08	6
1.003589838e-06	9.618943233e-10	6
9.935898385e-07	-1.635861375e-08	6
9.835898385e-07	-3.367912183e-08	6
9.735898385e-07	-5.09996299e-08	6
9.635898385e-07	-6.832013798e-08	6
9.535898385e-07	-8.564064606e-08	6
9.435898385e-07	-1.029611541e-07	6
9.335898385e-07	-1.202816622e-07	6
9.235898385e-07	-1.376021703e-07	6
9.135898385e-07	-1.549226784e-07	6
9.035898385e-07	-1.722431864e-07	6
8.935898385e-07	-1.895636945e-07	6
8.835898385e-07	-2.068842026e-07	6
8.735898385e-07	-2.242047107e-07	6
8.635898385e-07	-2.415252187e-07	6
8.535898385e-07	-2.588457268e-07	6
8.435898385e-07	-2.761662349e-07	6
8.335898385e-07	-2.93486743e-07	6
8.235898385e-07	-3.10807251e-07	6
8.135898385e-07	-3.281277591e-07	6
8.035898385e-07	-3.454482672e-07	6
7.935898385e-07	-3.627687753e-07	6
7.835898385e-07	-3.800892833e-07	6
7.735898385e-07	-3.974097914e-07	6
7.635898385e-07	-4.147302995e-07	6
7.535898385e-07	-4.320508076e-07	6
7.535898385e-07	-4.320508076e-07	0
7.362693304e-07	-4.220508076e-07	0
7.189488223e-07	-4.120508076e-07	0
7.016283143e-07	-4.020508076e-07	0
6.843078062e-07	-3.920508076e-07	0
6.669872981e-07	-3.820508076e-07	0
6.4966679e-07	-3.720508076e-07	0
6.32346282e-07	-3.620508076e-07	0
6.150257739e-07	-3.520508076e-07	0
5.977052658e-07	-3.420508076e-07	0
5.803847577e-07	-3.320508076e-07	0
5.630642497e-07	-3.220508076e-07	0
5.457437416e-07	-3.120508076e-07	0
5.284232335e-07	-3.020508076e-07	0
5.111027254e-07	-2.920508076e-07	0
4.937822174e-07	-2.820508076e-07	0
4.764617093e-07	-2.720508076e-07	0
4.591412012e-07	-2.620508076e-07	0
4.418206931e-07	-2.520508076e-07	0
4.24500185e-07	-2.420508076e-07	0
4.07179677e-07	-2.320508076e-07	0
4.07179677e-07	-2.320508076e-07	6
4.07179677e-07	-2.320508076e-07	6
4.07179677e-07	-2.320508076e-07	6
4.07179677e-07	-2.320508076e-07	6
4.07179677e-07	-2.320508076e-07	6
4.07179677e-07	-2.320508076e-07	6
4.07179677e-07	-2.320508076e-07	6
4.07179677e-07	-2.320508076e-07	6
4.07179677e-07	-2.320508076e-07	6
4.07179677e-07	-2.320508076e-07	6
4.07179677e-07	-2.320508076e-07	6
4.17179677e-07	-2.147302995e-07	6
4.27179677e-07	-1.974097914e-07	6
4.37179677e-07	-1.800892833e-07	6
4.47179677e-07	-1.627687753e-07	6
4.57179677e-07	-1.454482672e-07	6
4.67179677e-07	-1.281277591e-07	6
4.77179677e-07	-1.10807251e-07	6
4.87179677e-07	-9.348674296e-08	6
4.97179677e-07	-7.616623489e-08	6
5.07179677e-07	-5.884572681e-08	6
5.17179677e-07	-4.152521874e-08	6
5.27179677e-07	-2.420471066e-08	6
5.37179677e-07	-6.884202585e-09	6
5.47179677e-07	1.043630549e-08	6
5.57179677e-07	2.775681357e-08	6
5.67179677e-07	4.507732164e-08	6
5.77179677e-07	6.239782972e-08	6
5.87179677e-07	7.971833779e-08	6
5.97179677e-07	9.703884587e-08	6
6.07179677e-07	1.143593539e-07	6
6.17179677e-07	1.31679862e-07	6
6.27179677e-07	1.490003701e-07	6
6.37179677e-07	1.663208782e-07	6
6.47179677e-07	1.836413862e-07	6
6.57179677e-07	2.009618943e-07	6
6.67179677e-07	2.182824024e-07	6
6.77179677e-07	2.356029105e-07	6
6.87179677e-07	2.529234186e-07	6
6.97179677e-07	2.702439266e-07	6
7.07179677e-07	2.875644347e-07	6
7.17179677e-07	3.048849428e-07	6
7.27179677e-07	3.222054509e-07	6
7.37179677e-07	3.395259589e-07	6
7.47179677e-07	3.56846467e-07	6
7.57179677e-07	3.741669751e-07	6
7.67179677e-07	3.914874832e-07	6
7.77179677e-07	4.088079912e-07	6
7.87179677e-07	4.261284993e-07	6
7.97179677e-07	4.434490074e-07	6
8.07179677e-07	4.607695155e-07	6
8.17179677e-07	4.780900235e-07	6
8.27179677e-07	4.954105316e-07	6
8.37179677e-07	5.127310397e-07	6
8.47179677e-07	5.300515478e-07	6
8.57179677e-07	5.473720558e-07	6
8.67179677e-07	5.646925639e-07	6
8.77179677e-07	5.82013072e-07	6
8.87179677e-07	5.993335801e-07	6
8.97179677e-07	6.166540881e-07	6
9.07179677e-07	6.339745962e-07	6
9.17179677e-07	6.512951043e-07	6
9.27179677e-07	6.686156124e-07	6
9.37179677e-07	6.859361204e-07	6
9.47179677e-07	7.032566285e-07	6
9.57179677e-07	7.205771366e-07	6
9.67179677e-07	7.378976447e-07	6
9.77179677e-07	7.552181527e-07	6
9.87179677e-07	7.725386608e-07	6
9.97179677e-07	7.898591689e-07	6
1.007179677e-06	8.07179677e-07	6
1.017179677e-06	8.24500185e-07	6
1.027179677e-06	8.418206931e-07	6
1.037179677e-06	8.591412012e-07	6
1.047179677e-06	8.764617093e-07	6
1.057179677e-06	8.937822174e-07	6
1.067179677e-06	9.111027254e-07	6
1.077179677e-06	9.284232335e-07	6
1.087179677e-06	9.457437416e-07	6
1.097179677e-06	9.630642497e-07	6
1.107179677e-06	9.803847577e-07	6
1.117179677e-06	9.977052658e-07	6
1.127179677e-06	1.015025774e-06	6
1.137179677e-06	1.032346282e-06	6
1.147179677e-06	1.04966679e-06	6
1.157179677e-06	1.066987298e-06	6
1.167179677e-06	1.084307806e-06	6
1.177179677e-06	1.101628314e-06	6
1.187179677e-06	1.118948822e-06	6
1.197179677e-06	1.13626933e-06	6
1.207179677e-06	1.153589838e-06	6
1.217179677e-06	1.170910347e-06	6
1.227179677e-06	1.188230855e-06	6
1.237179677e-06	1.205551363e-06	6
1.247179677e-06	1.222871871e-06	6
1.257179677e-06	1.240192379e-06	6
1.267179677e-06	1.257512887e-06	6
1.277179677e-06	1.274833395e-06	6
1.287179677e-06	1.292153903e-06	6
1.297179677e-06	1.309474411e-06	6
1.307179677e-06	1.326794919e-06	6
1.317179677e-06	1.344115427e-06	6
1.327179677e-06	1.361435935e-06	6
1.337179677e-06	1.378756443e-06	6
1.347179677e-06	1.396076952e-06	6
1.357179677e-06	1.41339746e-06	6
1.367179677e-06	1.430717968e-06	6
1.377179677e-06	1.448038476e-06	6
1.387179677e-06	1.465358984e-06	6
1.397179677e-06	1.482679492e-06	6
1.407179677e-06	1.5e-06	6
1.407179677e-06	1.5e-06	6
1.397179677e-06	1.482679492e-06	6
1.387179677e-06	1.465358984e-06	6
1.377179677e-06	1.448038476e-06	6
1.367179677e-06	1.430717968e-06	6
1.357179677e-06	1.41339746e-06	6
1.347179677e-06	1.396076952e-06	6
1.337179677e-06	1.378756443e-06	6
1.327179677e-06	1.361435935e-06	6
1.317179677e-06	1.344115427e-06	6
1.307179677e-06	1.326794919e-06	6
1.297179677e-06	1.309474411e-06	6
1.287179677e-06	1.292153903e-06	6
1.277179677e-06	1.274833395e-06	6
1.267179677e-06	1.257512887e-06	6
1.257179677e-06	1.240192379e-06	6
1.247179677e-06	1.222871871e-06	6
1.237179677e-06	1.205551363e-06	6
1.227179677e-06	1.188230855e-06	6
1.217179677e-06	1.170910347e-06	6
1.207179677e-06	1.153589838e-06	6
1.197179677e-06	1.13626933e-06	6
1.187179677e-06	1.118948822e-06	6
1.177179677e-06	1.101628314e-06	6
1.167179677e-06	1.084307806e-06	6
1.157179677e-06	1.066987298e-06	6
1.147179677e-06	1.04966679e-06	6
1.137179677e-06	1.032346282e-06	6
1.127179677e-06	1.015025774e-06	6
1.117179677e-06	9.977052658e-07	6
1.107179677e-06	9.803847577e-07	6
1.097179677e-06	9.630642497e-07	6
1.087179677e-06	9.457437416e-07	6
1.077179677e-06	9.284232335e-07	6
1.067179677e-06	9.111027254e-07	6
1.057179677e-06	8.937822174e-07	6
1.047179677e-06	8.764617093e-07	6
1.037179677e-06	8.591412012e-07	6
1.027179677e-06	8.418206931e-07	6
1.017179677e-06	8.24500185e-07	6
1.007179677e-06	8.07179677e-07	6
9.97179677e-07	7.898591689e-07	6
9.87179677e-07	7.725386608e-07	6
9.77179677e-07	7.552181527e-07	6
9.67179677e-07	7.378976447e-07	6
9.57179677e-07	7.205771366e-07	6
9.47179677e-07	7.032566285e-07	6
9.37179677e-07	6.859361204e-07	6
9.27179677e-07	6.686156124e-07	6
9.17179677e-07	6.512951043e-07	6
9.07179677e-07	6.339745962e-07	6
8.97179677e-07	6.166540881e-07	6
8.87179677e-07	5.993335801e-07	6
8.77179677e-07	5.82013072e-07	6
8.67179677e-07	5.646925639e-07	6
8.57179677e-07	5.473720558e-07	6
8.47179677e-07	5.300515478e-07	6
8.37179677e-07	5.127310397e-07	6
8.27179677e-07	4.954105316e-07	6
8.17179677e-07	4.780900235e-07	6
8.07179677e-07	4.607695155e-07	6
7.97179677e-07	4.434490074e-07	6
7.87179677e-07	4.261284993e-07	6
7.77179677e-07	4.088079912e-07	6
7.67179677e-07	3.914874832e-07	6
7.57179677e-07	3.741669751e-07	6
7.47179677e-07	3.56846467e-07	6
7.37179677e-07	3.395259589e-07	6
7.27179677e-07	3.222054509e-07	6
7.17179677e-07	3.048849428e-07	6
7.07179677e-07	2.875644347e-07	6
6.97179677e-07	2.702439266e-07	6
6.87179677e-07	2.529234186e-07	6
6.77179677e-07	2.356029105e-07	6
6.67179677e-07	2.182824024e-07	6
6.57179677e-07	2.009618943e-07	6
6.47179677e-07	1.836413862e-07	6
6.37179677e-07	1.663208782e-07	6
6.27179677e-07	1.490003701e-07	6
6.17179677e-07	1.31679862e-07	6
6.07179677e-07	1.143593539e-07	6
5.97179677e-07	9.703884587e-08	6
5.87179677e-07	7.971833779e-08	6
5.77179677e-07	6.239782972e-08	6
5.67179677e-07	4.507732164e-08	6
5.57179677e-07	2.775681357e-08	6
5.47179677e-07	1.043630549e-08	6
5.37179677e-07	-6.884202585e-09	6
5.27179677e-07	-2.420471066e-08	6
5.17179677e-07	-4.152521874e-08	6
5.07179677e-07	-5.884572681e-08	6
4.97179677e-07	-7.616623489e-08	6
4.87179677e-07	-9.348674296e-08	6
4.77179677e-07	-1.10807251e-07	6
4.67179677e-07	-1.281277591e-07	6
4.57179677e-07	-1.454482672e-07	6
4.47179677e-07	-1.627687753e-07	6
4.37179677e-07	-1.800892833e-07	6
4.27179677e-07	-1.974097914e-07	6
4.17179677e-07	-2.147302995e-07	6
4.07179677e-07	-2.320508076e-07	6
4.07179677e-07	-2.320508076e-07	0
3.90683955e-07	-2.22526998e-07	0
3.74188233e-07	-2.130031885e-07	0
3.57692511e-07	-2.03479379e-07	0
3.411967891e-07	-1.939555695e-07	0
3.247010671e-07	-1.844317599e-07	0
3.082053451e-07	-1.749079504e-07	0
2.917096231e-07	-1.653841409e-07	0
2.752139012e-07	-1.558603314e-07	0
2.587181792e-07	-1.463365219e-07	0
2.422224572e-07	-1.368127123e-07	0
2.257267352e-07	-1.272889028e-07	0
2.092310133e-07	-1.177650933e-07	0
1.927352913e-07	-1.082412838e-07	0
1.762395693e-07	-9.871747424e-08	0
1.597438473e-07	-8.919366471e-08	0
1.432481253e-07	-7.966985519e-08	0
1.267524034e-07	-7.014604566e-08	0
1.102566814e-07	-6.062223614e-08	0
9.376095941e-08	-5.109842662e-08	0
7.726523744e-08	-4.157461709e-08	0
6.076951546e-08	-3.205080757e-08	0
6.076951546e-08	-3.205080757e-08	6
6.076951546e-08	-3.205080757e-08	6
6.076951546e-08	-3.205080757e-08	6
6.076951546e-08	-3.205080757e-08	6
6.076951546e-08	-3.205080757e-08	6
6.076951546e-08	-3.205080757e-08	6
6.076951546e-08	-3.205080757e-08	6
6.076951546e-08	-3.205080757e-08	6
6.076951546e-08	-3.205080757e-08	6
6.076951546e-08	-3.205080757e-08	6
6.076951546e-08	-3.205080757e-08	6
7.076951546e-08	-1.473029949e-08	6
8.076951546e-08	2.590208583e-09	6
9.076951546e-08	1.991071666e-08	6
1.007695155e-07	3.723122473e-08	6
1.107695155e-07	5.455173281e-08	6
1.207695155e-07	7.187224089e-08	6
1.307695155e-07	8.919274896e-08	6
1.407695155e-07	1.06513257e-07	6
1.507695155e-07	1.238337651e-07	6
1.607695155e-07	1.411542732e-07	6
1.707695155e-07	1.584747813e-07	6
1.807695155e-07	1.757952893e-07	6
1.907695155e-07	1.931157974e-07	6
2.007695155e-07	2.104363055e-07	6
2.107695155e-07	2.277568136e-07	6
2.207695155e-07	2.450773216e-07	6
2.307695155e-07	2.623978297e-07	6
2.407695155e-07	2.797183378e-07	6
2.507695155e-07	2.970388459e-07	6
2.607695155e-07	3.143593539e-07	6
2.707695155e-07	3.31679862e-07	6
2.807695155e-07	3.490003701e-07	6
2.907695155e-07	3.663208782e-07	6
3.007695155e-07	3.836413862e-07	6
3.107695155e-07	4.009618943e-07	6
3.207695155e-07	4.182824024e-07	6
3.307695155e-07	4.356029105e-07	6
3.407695155e-07	4.529234186e-07	6
3.507695155e-07	4.702439266e-07	6
3.607695155e-07	4.875644347e-07	6
3.707695155e-07	5.048849428e-07	6
3.807695155e-07	5.222054509e-07	6
3.907695155e-07	5.395259589e-07	6
4.007695155e-07	5.56846467e-07	6
4.107695155e-07	5.741669751e-07	6
4.207695155e-07	5.914874832e-07	6
4.307695155e-07	6.088079912e-07	6
4.407695155e-07	6.261284993e-07	6
4.507695155e-07	6.434490074e-07	6
4.607695155e-07	6.607695155e-07	6
4.707695155e-07	6.780900235e-07	6
4.807695155e-07	6.954105316e-07	6
4.907695155e-07	7.127310397e-07	6
5.007695155e-07	7.300515478e-07	6
5.107695155e-07	7.473720558e-07	6
5.207695155e-07	7.646925639e-07	6
5.307695155e-07	7.82013072e-07	6
5.407695155e-07	7.993335801e-07	6
5.507695155e-07	8.166540881e-07	6
5.607695155e-07	8.339745962e-07	6
5.707695155e-07	8.512951043e-07	6
5.807695155e-07	8.686156124e-07	6
5.907695155e-07	8.859361204e-07	6
6.007695155e-07	9.032566285e-07	6
6.107695155e-07	9.205771366e-07	6
6.207695155e-07	9.378976447e-07	6
6.307695155e-07	9.552181527e-07	6
6.407695155e-07	9.725386608e-07	6
6.507695155e-07	9.898591689e-07	6
6.607695155e-07	1.007179677e-06	6
6.707695155e-07	1.024500185e-06	6
6.807695155e-07	1.041820693e-06	6
6.907695155e-07	1.059141201e-06	6
7.007695155e-07	1.076461709e-06	6
7.107695155e-07	1.093782217e-06	6
7.207695155e-07	1.111102725e-06	6
7.307695155e-07	1.128423234e-06	6
7.407695155e-07	1.145743742e-06	6
7.507695155e-07	1.16306425e-06	6
7.607695155e-07	1.180384758e-06	6
7.707695155e-07	1.197705266e-06	6
7.807695155e-07	1.215025774e-06	6
7.907695155e-07	1.232346282e-06	6
8.007695155e-07	1.24966679e-06	6
8.107695155e-07	1.266987298e-06	6
8.207695155e-07	1.284307806e-06	6
8.307695155e-07	1.301628314e-06	6
8.407695155e-07	1.318948822e-06	6
8.507695155e-07	1.33626933e-06	6
8.607695155e-07	1.353589838e-06	6
8.707695155e-07	1.370910347e-06	6
8.807695155e-07	1.388230855e-06	6
8.907695155e-07	1.405551363e-06	6
9.007695155e-07	1.422871871e-06	6
9.107695155e-07	1.440192379e-06	6
9.207695155e-07	1.457512887e-06	6
9.307695155e-07	1.474833395e-06	6
9.407695155e-07	1.492153903e-06	6
9.507695155e-07	1.509474411e-06	6
9.607695155e-07	1.526794919e-06	6
9.707695155e-07	1.544115427e-06	6
9.807695155e-07	1.561435935e-06	6
9.907695155e-07	1.578756443e-06	6
1.000769515e-06	1.596076952e-06	6
1.010769515e-06	1.61339746e-06	6
1.020769515e-06	1.630717968e-06	6
1.030769515e-06	1.648038476e-06	6
1.040769515e-06	1.665358984e-06	6
1.050769515e-06	1.682679492e-06	6
1.060769515e-06	1.7e-06	6
1.060769515e-06	1.7e-06	6
1.050769515e-06	1.682679492e-06	6
1.040769515e-06	1.665358984e-06	6
1.030769515e-06	1.648038476e-06	6
1.020769515e-06	1.630717968e-06	6
1.010769515e-06	1.61339746e-06	6
1.000769515e-06	1.596076952e-06	6
9.907695155e-07	1.578756443e-06	6
9.807695155e-07	1.561435935e-06	6
9.707695155e-07	1.544115427e-06	6
9.607695155e-07	1.526794919e-06	6
9.507695155e-07	1.509474411e-06	6
9.407695155e-07	1.492153903e-06	6
9.307695155e-07	1.474833395e-06	6
9.207695155e-07	1.457512887e-06	6
9.107695155e-07	1.440192379e-06	6
9.007695155e-07	1.422871871e-06	6
8.907695155e-07	1.405551363e-06	6
8.807695155e-07	1.388230855e-06	6
8.707695155e-07	1.370910347e-06	6
8.607695155e-07	1.353589838e-06	6
8.507695155e-07	1.33626933e-06	6
8.407695155e-07	1.318948822e-06	6
8.307695155e-07	1.301628314e-06	6
8.207695155e-07	1.284307806e-06	6
8.107695155e-07	1.266987298e-06	6
8.007695155e-07	1.24966679e-06	6
7.907695155e-07	1.232346282e-06	6
7.807695155e-07	1.215025774e-06	6
7.707695155e-07	1.197705266e-06	6
7.607695155e-07	1.180384758e-06	6
7.507695155e-07	1.16306425e-06	6
7.407695155e-07	1.145743742e-06	6
7.307695155e-07	1.128423234e-06	6
7.207695155e-07	1.111102725e-06	6
7.107695155e-07	1.093782217e-06	6
7.007695155e-07	1.076461709e-06	6
6.907695155e-07	1.059141201e-06	6
6.807695155e-07	1.041820693e-06	6
6.707695155e-07	1.024500185e-06	6
6.607695155e-07	1.007179677e-06	6
6.507695155e-07	9.898591689e-07	6
6.407695155e-07	9.725386608e-07	6
6.307695155e-07	9.552181527e-07	6
6.207695155e-07	9.378976447e-07	6
6.107695155e-07	9.205771366e-07	6
6.007695155e-07	9.032566285e-07	6
5.907695155e-07	8.859361204e-07	6
5.807695155e-07	8.686156124e-07	6
5.707695155e-07	8.512951043e-07	6
5.607695155e-07	8.339745962e-07	6
5.507695155e-07	8.166540881e-07	6
5.407695155e-07	7.993335801e-07	6
5.307695155e-07	7.82013072e-07	6
5.207695155e-07	7.646925639e-07	6
5.107695155e-07	7.473720558e-07	6
5.007695155e-07	7.300515478e-07	6
4.907695155e-07	7.127310397e-07	6
4.807695155e-07	6.954105316e-07	6
4.707695155e-07	6.780900235e-07	6
4.607695155e-07	6.607695155e-07	6
4.507695155e-07	6.434490074e-07	6
4.407695155e-07	6.261284993e-07	6
4.307695155e-07	6.088079912e-07	6
4.207695155e-07	5.914874832e-07	6
4.107695155e-07	5.741669751e-07	6
4.007695155e-07	5.56846467e-07	6
3.907695155e-07	5.395259589e-07	6
3.807695155e-07	5.222054509e-07	6
3.707695155e-07	5.048849428e-07	6
3.607695155e-07	4.875644347e-07	6
3.507695155e-07	4.702439266e-07	6
3.407695155e-07	4.529234186e-07	6
3.307695155e-07	4.356029105e-07	6
3.207695155e-07	4.182824024e-07	6
3.107695155e-07	4.009618943e-07	6
3.007695155e-07	3.836413862e-07	6
2.907695155e-07	3.663208782e-07	6
2.807695155e-07	3.490003701e-07	6
2.707695155e-07	3.31679862e-07	6
2.607695155e-07	3.143593539e-07	6
2.507695155e-07	2.970388459e-07	6
2.407695155e-07	2.797183378e-07	6
2.307695155e-07	2.623978297e-07	6
2.207695155e-07	2.450773216e-07	6
2.107695155e-07	2.277568136e-07	6
2.007695155e-07	2.104363055e-07	6
1.907695155e-07	1.931157974e-07	6
1.807695155e-07	1.757952893e-07	6
1.707695155e-07	1.584747813e-07	6
1.607695155e-07	1.411542732e-07	6
1.507695155e-07	1.238337651e-07	6
1.407695155e-07	1.06513257e-07	6
1.307695155e-07	8.919274896e-08	6
1.207695155e-07	7.187224089e-08	6
1.107695155e-07	5.455173281e-08	6
1.007695155e-07	3.723122473e-08	6
9.076951546e-08	1.991071666e-08	6
8.076951546e-08	2.590208583e-09	6
7.076951546e-08	-1.473029949e-08	6
6.076951546e-08	-3.205080757e-08	6
6.076951546e-08	-3.205080757e-08	0
4.344900738e-08	-2.205080757e-08	0
2.612849931e-08	-1.205080757e-08	0
8.807991232e-09	-2.050807569e-09	0
-8.512516844e-09	7.949192431e-09	0
-2.583302492e-08	1.794919243e-08	0
-4.3153533e-08	2.794919243e-08	0
-6.047404107e-08	3.794919243e-08	0
-7.779454915e-08	4.794919243e-08	0
-9.511505722e-08	5.794919243e-08	0
-1.124355653e-07	6.794919243e-08	0
-1.297560734e-07	7.794919243e-08	0
-1.470765814e-07	8.794919243e-08	0
-1.643970895e-07	9.794919243e-08	0
-1.817175976e-07	1.079491924e-07	0
-1.990381057e-07	1.179491924e-07	0
-2.163586138e-07	1.279491924e-07	0
-2.336791218e-07	1.379491924e-07	0
-2.509996299e-07	1.479491924e-07	0
-2.68320138e-07	1.579491924e-07	0
-2.856406461e-07	1.679491924e-07	0
-2.856406461e-07	1.679491924e-07	6
-2.856406461e-07	1.679491924e-07	6
-2.856406461e-07	1.679491924e-07	6
-2.856406461e-07	1.679491924e-07	6
-2.856406461e-07	1.679491924e-07	6
-2.856406461e-07	1.679491924e-07	6
-2.856406461e-07	1.679491924e-07	6
-2.856406461e-07	1.679491924e-07	6
-2.856406461e-07	1.679491924e-07	6
-2.856406461e-07	1.679491924e-07	6
-2.856406461e-07	1.679491924e-07	6
-2.756406461e-07	1.852697005e-07	6
-2.656406461e-07	2.025902086e-07	6
-2.556406461e-07	2.199107167e-07	6
-2.456406461e-07	2.372312247e-07	6
-2.356406461e-07	2.545517328e-07	6
-2.256406461e-07	2.718722409e-07	6
-2.156406461e-07	2.89192749e-07	6
-2.056406461e-07	3.06513257e-07	6
-1.956406461e-07	3.238337651e-07	6
-1.856406461e-07	3.411542732e-07	6
-1.756406461e-07	3.584747813e-07	6
-1.656406461e-07	3.757952893e-07	6
-1.556406461e-07	3.931157974e-07	6
-1.456406461e-07	4.104363055e-07	6
-1.356406461e-07	4.277568136e-07	6
-1.256406461e-07	4.450773216e-07	6
-1.156406461e-07	4.623978297e-07	6
-1.056406461e-07	4.797183378e-07	6
-9.564064606e-08	4.970388459e-07	6
-8.564064606e-08	5.143593539e-07	6
-7.564064606e-08	5.31679862e-07	6
-6.564064606e-08	5.490003701e-07	6
-5.564064606e-08	5.663208782e-07	6
-4.564064606e-08	5.836413862e-07	6
-3.564064606e-08	6.009618943e-07	6
-2.564064606e-08	6.182824024e-07	6
-1.564064606e-08	6.356029105e-07	6
-5.640646055e-09	6.529234186e-07	6
4.359353945e-09	6.702439266e-07	6
1.435935394e-08	6.875644347e-07	6
2.435935394e-08	7.048849428e-07	6
3.435935394e-08	7.222054509e-07	6
4.435935394e-08	7.395259589e-07	6
5.435935394e-08	7.56846467e-07	6
6.435935394e-08	7.741669751e-07	6
7.435935394e-08	7.914874832e-07	6
8.435935394e-08	8.088079912e-07	6
9.435935394e-08	8.261284993e-07	6
1.043593539e-07	8.434490074e-07	6
1.143593539e-07	8.607695155e-07	6
1.243593539e-07	8.780900235e-07	6
1.343593539e-07	8.954105316e-07	6
1.443593539e-07	9.127310397e-07	6
1.543593539e-07	9.300515478e-07	6
1.643593539e-07	9.473720558e-07	6
1.743593539e-07	9.646925639e-07	6
1.843593539e-07	9.82013072e-07	6
1.943593539e-07	9.993335801e-07	6
2.043593539e-07	1.016654088e-06	6
2.143593539e-07	1.033974596e-06	6
2.243593539e-07	1.051295104e-06	6
2.343593539e-07	1.068615612e-06	6
2.443593539e-07	1.08593612e-06	6
2.543593539e-07	1.103256629e-06	6
2.643593539e-07	1.120577137e-06	6
2.743593539e-07	1.137897645e-06	6
2.843593539e-07	1.155218153e-06	6
2.943593539e-07	1.172538661e-06	6
3.043593539e-07	1.189859169e-06	6
3.143593539e-07	1.207179677e-06	6
3.243593539e-07	1.224500185e-06	6
3.343593539e-07	1.241820693e-06	6
3.443593539e-07	1.259141201e-06	6
3.543593539e-07	1.276461709e-06	6
3.643593539e-07	1.293782217e-06	6
3.743593539e-07	1.311102725e-06	6
3.843593539e-07	1.328423234e-06	6
3.943593539e-07	1.345743742e-06	6
4.043593539e-07	1.36306425e-06	6
4.143593539e-07	1.380384758e-06	6
4.243593539e-07	1.397705266e-06	6
4.343593539e-07	1.415025774e-06	6
4.443593539e-07	1.432346282e-06	6
4.543593539e-07	1.44966679e-06	6
4.643593539e-07	1.466987298e-06	6
4.743593539e-07	1.484307806e-06	6
4.843593539e-07	1.501628314e-06	6
4.943593539e-07	1.518948822e-06	6
5.043593539e-07	1.53626933e-06	6
5.143593539e-07	1.553589838e-06	6
5.243593539e-07	1.570910347e-06	6
5.343593539e-07	1.588230855e-06	6
5.443593539e-07	1.605551363e-06	6
5.543593539e-07	1.622871871e-06	6
5.643593539e-07	1.640192379e-06	6
5.743593539e-07	1.657512887e-06	6
5.843593539e-07	1.674833395e-06	6
5.943593539e-07	1.692153903e-06	6
6.043593539e-07	1.709474411e-06	6
6.143593539e-07	1.726794919e-06	6
6.243593539e-07	1.744115427e-06	6
6.343593539e-07	1.761435935e-06	6
6.443593539e-07	1.778756443e-06	6
6.543593539e-07	1.796076952e-06	6
6.643593539e-07	1.81339746e-06	6
6.743593539e-07	1.830717968e-06	6
6.843593539e-07	1.848038476e-06	6
6.943593539e-07	1.865358984e-06	6
7.043593539e-07	1.882679492e-06	6
7.143593539e-07	1.9e-06	6
7.143593539e-07	1.9e-06	6
7.043593539e-07	1.882679492e-06	6
6.943593539e-07	1.865358984e-06	6
6.843593539e-07	1.848038476e-06	6
6.743593539e-07	1.830717968e-06	6
6.643593539e-07	1.81339746e-06	6
6.543593539e-07	1.796076952e-06	6
6.443593539e-07	1.778756443e-06	6
6.343593539e-07	1.761435935e-06	6
6.243593539e-07	1.744115427e-06	6
6.143593539e-07	1.726794919e-06	6
6.043593539e-07	1.709474411e-06	6
5.943593539e-07	1.692153903e-06	6
5.843593539e-07	1.674833395e-06	6
5.743593539e-07	1.657512887e-06	6
5.643593539e-07	1.640192379e-06	6
5.543593539e-07	1.622871871e-06	6
5.443593539e-07	1.605551363e-06	6
5.343593539e-07	1.588230855e-06	6
5.243593539e-07	1.570910347e-06	6
5.143593539e-07	1.553589838e-06	6
5.043593539e-07	1.53626933e-06	6
4.943593539e-07	1.518948822e-06	6
4.843593539e-07	1.501628314e-06	6
4.743593539e-07	1.484307806e-06	6
4.643593539e-07	1.466987298e-06	6
4.543593539e-07	1.44966679e-06	6
4.443593539e-07	1.432346282e-06	6
4.343593539e-07	1.415025774e-06	6
4.243593539e-07	1.397705266e-06	6
4.143593539e-07	1.380384758e-06	6
4.043593539e-07	1.36306425e-06	6
3.943593539e-07	1.345743742e-06	6
3.843593539e-07	1.328423234e-06	6
3.743593539e-07	1.311102725e-06	6
3.643593539e-07	1.293782217e-06	6
3.543593539e-07	1.276461709e-06	6
3.443593539e-07	1.259141201e-06	6
3.343593539e-07	1.241820693e-06	6
3.243593539e-07	1.224500185e-06	6
3.143593539e-07	1.207179677e-06	6
3.043593539e-07	1.189859169e-06	6
2.943593539e-07	1.172538661e-06	6
2.843593539e-07	1.155218153e-06	6
2.743593539e-07	1.137897645e-06	6
2.643593539e-07	1.120577137e-06	6
2.543593539e-07	1.103256629e-06	6
2.443593539e-07	1.08593612e-06	6
2.343593539e-07	1.068615612e-06	6
2.243593539e-07	1.051295104e-06	6
2.143593539e-07	1.033974596e-06	6
2.043593539e-07	1.016654088e-06	6
1.943593539e-07	9.993335801e-07	6
1.843593539e-07	9.82013072e-07	6
1.743593539e-07	9.646925639e-07	6
1.643593539e-07	9.473720558e-07	6
1.543593539e-07	9.300515478e-07	6
1.443593539e-07	9.127310397e-07	6
1.343593539e-07	8.954105316e-07	6
1.243593539e-07	8.780900235e-07	6
1.143593539e-07	8.607695155e-07	6
1.043593539e-07	8.434490074e-07	6
9.435935394e-08	8.261284993e-07	6
8.435935394e-08	8.088079912e-07	6
7.435935394e-08	7.914874832e-07	6
6.435935394e-08	7.741669751e-07	6
5.435935394e-08	7.56846467e-07	6
4.435935394e-08	7.395259589e-07	6
3.435935394e-08	7.222054509e-07	6
2.435935394e-08	7.048849428e-07	6
1.435935394e-08	6.875644347e-07	6
4.359353945e-09	6.702439266e-07	6
-5.640646055e-09	6.529234186e-07	6
-1.564064606e-08	6.356029105e-07	6
-2.564064606e-08	6.182824024e-07	6
-3.564064606e-08	6.009618943e-07	6
-4.564064606e-08	5.836413862e-07	6
-5.564064606e-08	5.663208782e-07	6
-6.564064606e-08	5.490003701e-07	6
-7.564064606e-08	5.31679862e-07	6
-8.564064606e-08	5.143593539e-07	6
-9.564064606e-08	4.970388459e-07	6
-1.056406461e-07	4.797183378e-07	6
-1.156406461e-07	4.623978297e-07	6
-1.256406461e-07	4.450773216e-07	6
-1.356406461e-07	4.277568136e-07	6
-1.456406461e-07	4.104363055e-07	6
-1.556406461e-07	3.931157974e-07	6
-1.656406461e-07	3.757952893e-07	6
-1.756406461e-07	3.584747813e-07	6
-1.856406461e-07	3.411542732e-07	6
-1.956406461e-07	3.238337651e-07	6
-2.056406461e-07	3.06513257e-07	6
-2.156406461e-07	2.89192749e-07	6
-2.256406461e-07	2.718722409e-07	6
-2.356406461e-07	2.545517328e-07	6
-2.456406461e-07	2.372312247e-07	6
-2.556406461e-07	2.199107167e-07	6
-2.656406461e-07	2.025902086e-07	6
-2.756406461e-07	1.852697005e-07	6
-2.856406461e-07	1.679491924e-07	6
-2.856406461e-07	1.679491924e-07	0
-3.029611541e-07	1.779491924e-07	0
-3.202816622e-07	1.879491924e-07	0
-3.376021703e-07	1.979491924e-07	0
-3.549226784e-07	2.079491924e-07	0
-3.722431864e-07	2.179491924e-07	0
-3.895636945e-07	2.279491924e-07	0
-4.068842026e-07	2.379491924e-07	0
-4.242047107e-07	2.479491924e-07	0
-4.415252187e-07	2.579491924e-07	0
-4.588457268e-07	2.679491924e-07	0
-4.761662349e-07	2.779491924e-07	0
-4.93486743e-07	2.879491924e-07	0
-5.10807251e-07	2.979491924e-07	0
-5.281277591e-07	3.079491924e-07	0
-5.454482672e-07	3.179491924e-07	0
-5.627687753e-07	3.279491924e-07	0
-5.800892833e-07	3.379491924e-07	0
-5.974097914e-07	3.479491924e-07	0
-6.147302995e-07	3.579491924e-07	0
-6.320508076e-07	3.679491924e-07	0
-6.320508076e-07	3.679491924e-07	6
-6.320508076e-07	3.679491924e-07	6
-6.320508076e-07	3.679491924e-07	6
-6.320508076e-07	3.679491924e-07	6
-6.320508076e-07	3.679491924e-07	6
-6.320508076e-07	3.679491924e-07	6
-6.320508076e-07	3.679491924e-07	6
-6.320508076e-07	3.679491924e-07	6
-6.320508076e-07	3.679491924e-07	6
-6.320508076e-07	3.679491924e-07	6
-6.320508076e-07	3.679491924e-07	6
-6.220508076e-07	3.852697005e-07	6
-6.120508076e-07	4.025902086e-07	6
-6.020508076e-07	4.199107167e-07	6
-5.920508076e-07	4.372312247e-07	6
-5.820508076e-07	4.545517328e-07	6
-5.720508076e-07	4.718722409e-07	6
-5.620508076e-07	4.89192749e-07	6
-5.520508076e-07	5.06513257e-07	6
-5.420508076e-07	5.238337651e-07	6
-5.320508076e-07	5.411542732e-07	6
-5.220508076e-07	5.584747813e-07	6
-5.120508076e-07	5.757952893e-07	6
-5.020508076e-07	5.931157974e-07	6
-4.920508076e-07	6.104363055e-07	6
-4.820508076e-07	6.277568136e-07	6
-4.720508076e-07	6.450773216e-07	6
-4.620508076e-07	6.623978297e-07	6
-4.520508076e-07	6.797183378e-07	6
-4.420508076e-07	6.970388459e-07	6
-4.320508076e-07	7.143593539e-07	6
-4.220508076e-07	7.31679862e-07	6
-4.120508076e-07	7.490003701e-07	6
-4.020508076e-07	7.663208782e-07	6
-3.920508076e-07	7.836413862e-07	6
-3.820508076e-07	8.009618943e-07	6
-3.720508076e-07	8.182824024e-07	6
-3.620508076e-07	8.356029105e-07	6
-3.520508076e-07	8.529234186e-07	6
-3.420508076e-07	8.702439266e-07	6
-3.320508076e-07	8.875644347e-07	6
-3.220508076e-07	9.048849428e-07	6
-3.120508076e-07	9.222054509e-07	6
-3.020508076e-07	9.395259589e-07	6
-2.920508076e-07	9.56846467e-07	6
-2.820508076e-07	9.741669751e-07	6
-2.720508076e-07	9.914874832e-07	6
-2.620508076e-07	1.008807991e-06	6
-2.520508076e-07	1.026128499e-06	6
-2.420508076e-07	1.043449007e-06	6
-2.320508076e-07	1.060769515e-06	6
-2.220508076e-07	1.078090024e-06	6
-2.120508076e-07	1.095410532e-06	6
-2.020508076e-07	1.11273104e-06	6
-1.920508076e-07	1.130051548e-06	6
-1.820508076e-07	1.147372056e-06	6
-1.720508076e-07	1.164692564e-06	6
-1.620508076e-07	1.182013072e-06	6
-1.520508076e-07	1.19933358e-06	6
-1.420508076e-07	1.216654088e-06	6
-1.320508076e-07	1.233974596e-06	6
-1.220508076e-07	1.251295104e-06	6
-1.120508076e-07	1.268615612e-06	6
-1.020508076e-07	1.28593612e-06	6
-9.205080757e-08	1.303256629e-06	6
-8.205080757e-08	1.320577137e-06	6
-7.205080757e-08	1.337897645e-06	6
-6.205080757e-08	1.355218153e-06	6
-5.205080757e-08	1.372538661e-06	6
-4.205080757e-08	1.389859169e-06	6
-3.205080757e-08	1.407179677e-06	6
-2.205080757e-08	1.424500185e-06	6
-1.205080757e-08	1.441820693e-06	6
-2.050807569e-09	1.459141201e-06	6
7.949192431e-09	1.476461709e-06	6
1.794919243e-08	1.493782217e-06	6
2.794919243e-08	1.511102725e-06	6
3.794919243e-08	1.528423234e-06	6
4.794919243e-08	1.545743742e-06	6
5.794919243e-08	1.56306425e-06	6
6.794919243e-08	1.580384758e-06	6
7.794919243e-08	1.597705266e-06	6
8.794919243e-08	1.615025774e-06	6
9.794919243e-08	1.632346282e-06	6
1.079491924e-07	1.64966679e-06	6
1.179491924e-07	1.666987298e-06	6
1.279491924e-07	1.684307806e-06	6
1.379491924e-07	1.701628314e-06	6
1.479491924e-07	1.718948822e-06	6
1.579491924e-07	1.73626933e-06	6
1.679491924e-07	1.753589838e-06	6
1.779491924e-07	1.770910347e-06	6
1.879491924e-07	1.788230855e-06	6
1.979491924e-07	1.805551363e-06	6
2.079491924e-07	1.822871871e-06	6
2.179491924e-07	1.840192379e-06	6
2.279491924e-07	1.857512887e-06	6
2.379491924e-07	1.874833395e-06	6
2.479491924e-07	1.892153903e-06	6
2.579491924e-07	1.909474411e-06	6
2.679491924e-07	1.926794919e-06	6
2.779491924e-07	1.944115427e-06	6
2.879491924e-07	1.961435935e-06	6
2.979491924e-07	1.978756443e-06	6
3.079491924e-07	1.996076952e-06	6
3.179491924e-07	2.01339746e-06	6
3.279491924e-07	2.030717968e-06	6
3.379491924e-07	2.048038476e-06	6
3.479491924e-07	2.065358984e-06	6
3.579491924e-07	2.082679492e-06	6
3.679491924e-07	2.1e-06	6
3.679491924e-07	2.1e-06	6
3.579491924e-07	2.082679492e-06	6
3.479491924e-07	2.065358984e-06	6
3.379491924e-07	2.048038476e-06	6
3.279491924e-07	2.030717968e-06	6
3.179491924e-07	2.01339746e-06	6
3.079491924e-07	1.996076952e-06	6
2.979491924e-07	1.978756443e-06	6
2.879491924e-07	1.961435935e-06	6
2.779491924e-07	1.944115427e-06	6
2.679491924e-07	1.926794919e-06	6
2.579491924e-07	1.909474411e-06	6
2.479491924e-07	1.892153903e-06	6
2.379491924e-07	1.874833395e-06	6
2.279491924e-07	1.857512887e-06	6
2.179491924e-07	1.840192379e-06	6
2.079491924e-07	1.822871871e-06	6
1.979491924e-07	1.805551363e-06	6
1.879491924e-07	1.788230855e-06	6
1.779491924e-07	1.770910347e-06	6
1.679491924e-07	1.753589838e-06	6
1.579491924e-07	1.73626933e-06	6
1.479491924e-07	1.718948822e-06	6
1.379491924e-07	1.701628314e-06	6
1.279491924e-07	1.684307806e-06	6
1.179491924e-07	1.666987298e-06	6
1.079491924e-07	1.64966679e-06	6
9.794919243e-08	1.632346282e-06	6
8.794919243e-08	1.615025774e-06	6
7.794919243e-08	1.597705266e-06	6
6.794919243e-08	1.580384758e-06	6
5.794919243e-08	1.56306425e-06	6
4.794919243e-08	1.545743742e-06	6
3.794919243e-08	1.528423234e-06	6
2.794919243e-08	1.511102725e-06	6
1.794919243e-08	1.493782217e-06	6
7.949192431e-09	1.476461709e-06	6
-2.050807569e-09	1.459141201e-06	6
-1.205080757e-08	1.441820693e-06	6
-2.205080757e-08	1.424500185e-06	6
-3.205080757e-08	1.407179677e-06	6
-4.205080757e-08	1.389859169e-06	6
-5.205080757e-08	1.372538661e-06	6
-6.205080757e-08	1.355218153e-06	6
-7.205080757e-08	1.337897645e-06	6
-8.205080757e-08	1.320577137e-06	6
-9.205080757e-08	1.303256629e-06	6
-1.020508076e-07	1.28593612e-06	6
-1.120508076e-07	1.268615612e-06	6
-1.220508076e-07	1.251295104e-06	6
-1.320508076e-07	1.233974596e-06	6
-1.420508076e-07	1.216654088e-06	6
-1.520508076e-07	1.19933358e-06	6
-1.620508076e-07	1.182013072e-06	6
-1.720508076e-07	1.164692564e-06	6
-1.820508076e-07	1.147372056e-06	6
-1.920508076e-07	1.130051548e-06	6
-2.020508076e-07	1.11273104e-06	6
-2.120508076e-07	1.095410532e-06	6
-2.220508076e-07	1.078090024e-06	6
-2.320508076e-07	1.060769515e-06	6
-2.420508076e-07	1.043449007e-06	6
-2.520508076e-07	1.026128499e-06	6
-2.620508076e-07	1.008807991e-06	6
-2.720508076e-07	9.914874832e-07	6
-2.820508076e-07	9.741669751e-07	6
-2.920508076e-07	9.56846467e-07	6
-3.020508076e-07	9.395259589e-07	6
-3.120508076e-07	9.222054509e-07	6
-3.220508076e-07	9.048849428e-07	6
-3.320508076e-07	8.875644347e-07	6
-3.420508076e-07	8.702439266e-07	6
-3.520508076e-07	8.529234186e-07	6
-3.620508076e-07	8.356029105e-07	6
-3.720508076e-07	8.182824024e-07	6
-3.820508076e-07	8.009618943e-07	6
-3.920508076e-07	7.836413862e-07	6
-4.020508076e-07	7.663208782e-07	6
-4.120508076e-07	7.490003701e-07	6
-4.220508076e-07	7.31679862e-07	6
-4.320508076e-07	7.143593539e-07	6
-4.420508076e-07	6.970388459e-07	6
-4.520508076e-07	6.797183378e-07	6
-4.620508076e-07	6.623978297e-07	6
-4.720508076e-07	6.450773216e-07	6
-4.820508076e-07	6.277568136e-07	6
-4.920508076e-07	6.104363055e-07	6
-5.020508076e-07	5.931157974e-07	6
-5.120508076e-07	5.757952893e-07	6
-5.220508076e-07	5.584747813e-07	6
-5.320508076e-07	5.411542732e-07	6
-5.420508076e-07	5.238337651e-07	6
-5.520508076e-07	5.06513257e-07	6
-5.620508076e-07	4.89192749e-07	6
-5.720508076e-07	4.718722409e-07	6
-5.820508076e-07	4.545517328e-07	6
-5.920508076e-07	4.372312247e-07	6
-6.020508076e-07	4.199107167e-07	6
-6.120508076e-07	4.025902086e-07	6
-6.220508076e-07	3.852697005e-07	6
-6.320508076e-07	3.679491924e-07	6
