# X_m	Y_m	V
4.632050808e-06	2.9e-06	6
4.632050808e-06	2.9e-06	6
4.632050808e-06	2.9e-06	6
4.632050808e-06	2.9e-06	6
4.632050808e-06	2.9e-06	6
4.632050808e-06	2.9e-06	6
4.632050808e-06	2.9e-06	6
4.632050808e-06	2.9e-06	6
4.632050808e-06	2.9e-06	6
4.632050808e-06	2.9e-06	6
4.632050808e-06	2.9e-06	6
4.642050808e-06	2.917320508e-06	6
4.652050808e-06	2.934641016e-06	6
4.662050808e-06	2.951961524e-06	6
4.672050808e-06	2.969282032e-06	6
4.682050808e-06	2.98660254e-06	6
4.692050808e-06	3.003923048e-06	6
4.702050808e-06	3.021243557e-06	6
4.712050808e-06	3.038564065e-06	6
4.722050808e-06	3.055884573e-06	6
4.732050808e-06	3.073205081e-06	6
4.742050808e-06	3.090525589e-06	6
4.752050808e-06	3.107846097e-06	6
4.762050808e-06	3.125166605e-06	6
4.772050808e-06	3.142487113e-06	6
4.782050808e-06	3.159807621e-06	6
4.792050808e-06	3.177128129e-06	6
4.802050808e-06	3.194448637e-06	6
4.812050808e-06	3.211769145e-06	6
4.822050808e-06	3.229089653e-06	6
4.832050808e-06	3.246410162e-06	6
4.842050808e-06	3.26373067e-06	6
4.852050808e-06	3.281051178e-06	6
4.862050808e-06	3.298371686e-06	6
4.872050808e-06	3.315692194e-06	6
4.882050808e-06	3.333012702e-06	6
4.892050808e-06	3.35033321e-06	6
4.902050808e-06	3.367653718e-06	6
4.912050808e-06	3.384974226e-06	6
4.922050808e-06	3.402294734e-06	6
4.932050808e-06	3.419615242e-06	6
4.942050808e-06	3.43693575e-06	6
4.952050808e-06	3.454256258e-06	6
4.962050808e-06	3.471576766e-06	6
4.972050808e-06	3.488897275e-06	6
4.982050808e-06	3.506217783e-06	6
4.992050808e-06	3.523538291e-06	6
5.002050808e-06	3.540858799e-06	6
5.012050808e-06	3.558179307e-06	6
5.022050808e-06	3.575499815e-06	6
5.032050808e-06	3.592820323e-06	6
5.042050808e-06	3.610140831e-06	6
5.052050808e-06	3.627461339e-06	6
5.062050808e-06	3.644781847e-06	6
5.072050808e-06	3.662102355e-06	6
5.082050808e-06	3.679422863e-06	6
5.092050808e-06	3.696743371e-06	6
5.102050808e-06	3.71406388e-06	6
5.112050808e-06	3.731384388e-06	6
5.122050808e-06	3.748704896e-06	6
5.132050808e-06	3.766025404e-06	6
5.142050808e-06	3.783345912e-06	6
5.152050808e-06	3.80066642e-06	6
5.162050808e-06	3.817986928e-06	6
5.172050808e-06	3.835307436e-06	6
5.182050808e-06	3.852627944e-06	6
5.192050808e-06	3.869948452e-06	6
5.202050808e-06	3.88726896e-06	6
5.212050808e-06	3.904589468e-06	6
5.222050808e-06	3.921909976e-06	6
5.232050808e-06	3.939230485e-06	6
5.242050808e-06	3.956550993e-06	6
5.252050808e-06	3.973871501e-06	6
5.262050808e-06	3.991192009e-06	6
5.272050808e-06	4.008512517e-06	6
5.282050808e-06	4.025833025e-06	6
5.292050808e-06	4.043153533e-06	6
5.302050808e-06	4.060474041e-06	6
5.312050808e-06	4.077794549e-06	6
5.322050808e-06	4.095115057e-06	6
5.332050808e-06	4.112435565e-06	6
5.342050808e-06	4.129756073e-06	6
5.352050808e-06	4.147076581e-06	6
5.362050808e-06	4.16439709e-06	6
5.372050808e-06	4.181717598e-06	6
5.382050808e-06	4.199038106e-06	6
5.392050808e-06	4.216358614e-06	6
5.402050808e-06	4.233679122e-06	6
5.412050808e-06	4.25099963e-06	6
5.422050808e-06	4.268320138e-06	6
5.432050808e-06	4.285640646e-06	6
5.442050808e-06	4.302961154e-06	6
5.452050808e-06	4.320281662e-06	6
5.462050808e-06	4.33760217e-06	6
5.472050808e-06	4.354922678e-06	6
5.482050808e-06	4.372243186e-06	6
5.492050808e-06	4.389563695e-06	6
5.502050808e-06	4.406884203e-06	6
5.512050808e-06	4.424204711e-06	6
5.522050808e-06	4.441525219e-06	6
5.532050808e-06	4.458845727e-06	6
5.542050808e-06	4.476166235e-06	6
5.552050808e-06	4.493486743e-06	6
5.562050808e-06	4.510807251e-06	6
5.572050808e-06	4.528127759e-06	6
5.582050808e-06	4.545448267e-06	6
5.592050808e-06	4.562768775e-06	6
5.602050808e-06	4.580089283e-06	6
5.612050808e-06	4.597409791e-06	6
5.622050808e-06	4.614730299e-06	6
5.632050808e-06	4.632050808e-06	6
5.632050808e-06	4.632050808e-06	6
5.622050808e-06	4.614730299e-06	6
5.612050808e-06	4.597409791e-06	6
5.602050808e-06	4.580089283e-06	6
5.592050808e-06	4.562768775e-06	6
5.582050808e-06	4.545448267e-06	6
5.572050808e-06	4.528127759e-06	6
5.562050808e-06	4.510807251e-06	6
5.552050808e-06	4.493486743e-06	6
5.542050808e-06	4.476166235e-06	6
5.532050808e-06	4.458845727e-06	6
5.522050808e-06	4.441525219e-06	6
5.512050808e-06	4.424204711e-06	6
5.502050808e-06	4.406884203e-06	6
5.492050808e-06	4.389563695e-06	6
5.482050808e-06	4.372243186e-06	6
5.472050808e-06	4.354922678e-06	6
5.462050808e-06	4.33760217e-06	6
5.452050808e-06	4.320281662e-06	6
5.442050808e-06	4.302961154e-06	6
5.432050808e-06	4.285640646e-06	6
5.422050808e-06	4.268320138e-06	6
5.412050808e-06	4.25099963e-06	6
5.402050808e-06	4.233679122e-06	6
5.392050808e-06	4.216358614e-06	6
5.382050808e-06	4.199038106e-06	6
5.372050808e-06	4.181717598e-06	6
5.362050808e-06	4.16439709e-06	6
5.352050808e-06	4.147076581e-06	6
5.342050808e-06	4.129756073e-06	6
5.332050808e-06	4.112435565e-06	6
5.322050808e-06	4.095115057e-06	6
5.312050808e-06	4.077794549e-06	6
5.302050808e-06	4.060474041e-06	6
5.292050808e-06	4.043153533e-06	6
5.282050808e-06	4.025833025e-06	6
5.272050808e-06	4.008512517e-06	6
5.262050808e-06	3.991192009e-06	6
5.252050808e-06	3.973871501e-06	6
5.242050808e-06	3.956550993e-06	6
5.232050808e-06	3.939230485e-06	6
5.222050808e-06	3.921909976e-06	6
5.212050808e-06	3.904589468e-06	6
5.202050808e-06	3.88726896e-06	6
5.192050808e-06	3.869948452e-06	6
5.182050808e-06	3.852627944e-06	6
5.172050808e-06	3.835307436e-06	6
5.162050808e-06	3.817986928e-06	6
5.152050808e-06	3.80066642e-06	6
5.142050808e-06	3.783345912e-06	6
5.132050808e-06	3.766025404e-06	6
5.122050808e-06	3.748704896e-06	6
5.112050808e-06	3.731384388e-06	6
5.102050808e-06	3.71406388e-06	6
5.092050808e-06	3.696743371e-06	6
5.082050808e-06	3.679422863e-06	6
5.072050808e-06	3.662102355e-06	6
5.062050808e-06	3.644781847e-06	6
5.052050808e-06	3.627461339e-06	6
5.042050808e-06	3.610140831e-06	6
5.032050808e-06	3.592820323e-06	6
5.022050808e-06	3.575499815e-06	6
5.012050808e-06	3.558179307e-06	6
5.002050808e-06	3.540858799e-06	6
4.992050808e-06	3.523538291e-06	6
4.982050808e-06	3.506217783e-06	6
4.972050808e-06	3.488897275e-06	6
4.962050808e-06	3.471576766e-06	6
4.952050808e-06	3.454256258e-06	6
4.942050808e-06	3.43693575e-06	6
4.932050808e-06	3.419615242e-06	6
4.922050808e-06	3.402294734e-06	6
4.912050808e-06	3.384974226e-06	6
4.902050808e-06	3.367653718e-06	6
4.892050808e-06	3.35033321e-06	6
4.882050808e-06	3.333012702e-06	6
4.872050808e-06	3.315692194e-06	6
4.862050808e-06	3.298371686e-06	6
4.852050808e-06	3.281051178e-06	6
4.842050808e-06	3.26373067e-06	6
4.832050808e-06	3.246410162e-06	6
4.822050808e-06	3.229089653e-06	6
4.812050808e-06	3.211769145e-06	6
4.802050808e-06	3.194448637e-06	6
4.792050808e-06	3.177128129e-06	6
4.782050808e-06	3.159807621e-06	6
4.772050808e-06	3.142487113e-06	6
4.762050808e-06	3.125166605e-06	6
4.752050808e-06	3.107846097e-06	6
4.742050808e-06	3.090525589e-06	6
4.732050808e-06	3.073205081e-06	6
4.722050808e-06	3.055884573e-06	6
4.712050808e-06	3.038564065e-06	6
4.702050808e-06	3.021243557e-06	6
4.692050808e-06	3.003923048e-06	6
4.682050808e-06	2.98660254e-06	6
4.672050808e-06	2.969282032e-06	6
4.662050808e-06	2.951961524e-06	6
4.652050808e-06	2.934641016e-06	6
4.642050808e-06	2.917320508e-06	6
4.632050808e-06	2.9e-06	6
4.632050808e-06	2.9e-06	0
4.614730299e-06	2.91e-06	0
4.597409791e-06	2.92e-06	0
4.580089283e-06	2.93e-06	0
4.562768775e-06	2.94e-06	0
4.545448267e-06	2.95e-06	0
4.528127759e-06	2.96e-06	0
4.510807251e-06	2.97e-06	0
4.493486743e-06	2.98e-06	0
4.476166235e-06	2.99e-06	0
4.458845727e-06	3e-06	0
4.441525219e-06	3.01e-06	0
4.424204711e-06	3.02e-06	0
4.406884203e-06	3.03e-06	0
4.389563695e-06	3.04e-06	0
4.372243186e-06	3.05e-06	0
4.354922678e-06	3.06e-06	0
4.33760217e-06	3.07e-06	0
4.320281662e-06	3.08e-06	0
4.302961154e-06	3.09e-06	0
4.285640646e-06	3.1e-06	0
4.285640646e-06	3.1e-06	-6
4.285640646e-06	3.1e-06	-6
4.285640646e-06	3.1e-06	-6
4.285640646e-06	3.1e-06	-6
4.285640646e-06	3.1e-06	-6
4.285640646e-06	3.1e-06	-6
4.285640646e-06	3.1e-06	-6
4.285640646e-06	3.1e-06	-6
4.285640646e-06	3.1e-06	-6
4.285640646e-06	3.1e-06	-6
4.285640646e-06	3.1e-06	-6
4.295640646e-06	3.117320508e-06	-6
4.305640646e-06	3.134641016e-06	-6
4.315640646e-06	3.151961524e-06	-6
4.325640646e-06	3.169282032e-06	-6
4.335640646e-06	3.18660254e-06	-6
4.345640646e-06	3.203923048e-06	-6
4.355640646e-06	3.221243557e-06	-6
4.365640646e-06	3.238564065e-06	-6
4.375640646e-06	3.255884573e-06	-6
4.385640646e-06	3.273205081e-06	-6
4.395640646e-06	3.290525589e-06	-6
4.405640646e-06	3.307846097e-06	-6
4.415640646e-06	3.325166605e-06	-6
4.425640646e-06	3.342487113e-06	-6
4.435640646e-06	3.359807621e-06	-6
4.445640646e-06	3.377128129e-06	-6
4.455640646e-06	3.394448637e-06	-6
4.465640646e-06	3.411769145e-06	-6
4.475640646e-06	3.429089653e-06	-6
4.485640646e-06	3.446410162e-06	-6
4.495640646e-06	3.46373067e-06	-6
4.505640646e-06	3.481051178e-06	-6
4.515640646e-06	3.498371686e-06	-6
4.525640646e-06	3.515692194e-06	-6
4.535640646e-06	3.533012702e-06	-6
4.545640646e-06	3.55033321e-06	-6
4.555640646e-06	3.567653718e-06	-6
4.565640646e-06	3.584974226e-06	-6
4.575640646e-06	3.602294734e-06	-6
4.585640646e-06	3.619615242e-06	-6
4.595640646e-06	3.63693575e-06	-6
4.605640646e-06	3.654256258e-06	-6
4.615640646e-06	3.671576766e-06	-6
4.625640646e-06	3.688897275e-06	-6
4.635640646e-06	3.706217783e-06	-6
4.645640646e-06	3.723538291e-06	-6
4.655640646e-06	3.740858799e-06	-6
4.665640646e-06	3.758179307e-06	-6
4.675640646e-06	3.775499815e-06	-6
4.685640646e-06	3.792820323e-06	-6
4.695640646e-06	3.810140831e-06	-6
4.705640646e-06	3.827461339e-06	-6
4.715640646e-06	3.844781847e-06	-6
4.725640646e-06	3.862102355e-06	-6
4.735640646e-06	3.879422863e-06	-6
4.745640646e-06	3.896743371e-06	-6
4.755640646e-06	3.91406388e-06	-6
4.765640646e-06	3.931384388e-06	-6
4.775640646e-06	3.948704896e-06	-6
4.785640646e-06	3.966025404e-06	-6
4.795640646e-06	3.983345912e-06	-6
4.805640646e-06	4.00066642e-06	-6
4.815640646e-06	4.017986928e-06	-6
4.825640646e-06	4.035307436e-06	-6
4.835640646e-06	4.052627944e-06	-6
4.845640646e-06	4.069948452e-06	-6
4.855640646e-06	4.08726896e-06	-6
4.865640646e-06	4.104589468e-06	-6
4.875640646e-06	4.121909976e-06	-6
4.885640646e-06	4.139230485e-06	-6
4.895640646e-06	4.156550993e-06	-6
4.905640646e-06	4.173871501e-06	-6
4.915640646e-06	4.191192009e-06	-6
4.925640646e-06	4.208512517e-06	-6
4.935640646e-06	4.225833025e-06	-6
4.945640646e-06	4.243153533e-06	-6
4.955640646e-06	4.260474041e-06	-6
4.965640646e-06	4.277794549e-06	-6
4.975640646e-06	4.295115057e-06	-6
4.985640646e-06	4.312435565e-06	-6
4.995640646e-06	4.329756073e-06	-6
5.005640646e-06	4.347076581e-06	-6
5.015640646e-06	4.36439709e-06	-6
5.025640646e-06	4.381717598e-06	-6
5.035640646e-06	4.399038106e-06	-6
5.045640646e-06	4.416358614e-06	-6
5.055640646e-06	4.433679122e-06	-6
5.065640646e-06	4.45099963e-06	-6
5.075640646e-06	4.468320138e-06	-6
5.085640646e-06	4.485640646e-06	-6
5.095640646e-06	4.502961154e-06	-6
5.105640646e-06	4.520281662e-06	-6
5.115640646e-06	4.53760217e-06	-6
5.125640646e-06	4.554922678e-06	-6
5.135640646e-06	4.572243186e-06	-6
5.145640646e-06	4.589563695e-06	-6
5.155640646e-06	4.606884203e-06	-6
5.165640646e-06	4.624204711e-06	-6
5.175640646e-06	4.641525219e-06	-6
5.185640646e-06	4.658845727e-06	-6
5.195640646e-06	4.676166235e-06	-6
5.205640646e-06	4.693486743e-06	-6
5.215640646e-06	4.710807251e-06	-6
5.225640646e-06	4.728127759e-06	-6
5.235640646e-06	4.745448267e-06	-6
5.245640646e-06	4.762768775e-06	-6
5.255640646e-06	4.780089283e-06	-6
5.265640646e-06	4.797409791e-06	-6
5.275640646e-06	4.814730299e-06	-6
5.285640646e-06	4.832050808e-06	-6
5.285640646e-06	4.832050808e-06	-6
5.275640646e-06	4.814730299e-06	-6
5.265640646e-06	4.797409791e-06	-6
5.255640646e-06	4.780089283e-06	-6
5.245640646e-06	4.762768775e-06	-6
5.235640646e-06	4.745448267e-06	-6
5.225640646e-06	4.728127759e-06	-6
5.215640646e-06	4.710807251e-06	-6
5.205640646e-06	4.693486743e-06	-6
5.195640646e-06	4.676166235e-06	-6
5.185640646e-06	4.658845727e-06	-6
5.175640646e-06	4.641525219e-06	-6
5.165640646e-06	4.624204711e-06	-6
5.155640646e-06	4.606884203e-06	-6
5.145640646e-06	4.589563695e-06	-6
5.135640646e-06	4.572243186e-06	-6
5.125640646e-06	4.554922678e-06	-6
5.115640646e-06	4.53760217e-06	-6
5.105640646e-06	4.520281662e-06	-6
5.095640646e-06	4.502961154e-06	-6
5.085640646e-06	4.485640646e-06	-6
5.075640646e-06	4.468320138e-06	-6
5.065640646e-06	4.45099963e-06	-6
5.055640646e-06	4.433679122e-06	-6
5.045640646e-06	4.416358614e-06	-6
5.035640646e-06	4.399038106e-06	-6
5.025640646e-06	4.381717598e-06	-6
5.015640646e-06	4.36439709e-06	-6
5.005640646e-06	4.347076581e-06	-6
4.995640646e-06	4.329756073e-06	-6
4.985640646e-06	4.312435565e-06	-6
4.975640646e-06	4.295115057e-06	-6
4.965640646e-06	4.277794549e-06	-6
4.955640646e-06	4.260474041e-06	-6
4.945640646e-06	4.243153533e-06	-6
4.935640646e-06	4.225833025e-06	-6
4.925640646e-06	4.208512517e-06	-6
4.915640646e-06	4.191192009e-06	-6
4.905640646e-06	4.173871501e-06	-6
4.895640646e-06	4.156550993e-06	-6
4.885640646e-06	4.139230485e-06	-6
4.875640646e-06	4.121909976e-06	-6
4.865640646e-06	4.104589468e-06	-6
4.855640646e-06	4.08726896e-06	-6
4.845640646e-06	4.069948452e-06	-6
4.835640646e-06	4.052627944e-06	-6
4.825640646e-06	4.035307436e-06	-6
4.815640646e-06	4.017986928e-06	-6
4.805640646e-06	4.00066642e-06	-6
4.795640646e-06	3.983345912e-06	-6
4.785640646e-06	3.966025404e-06	-6
4.775640646e-06	3.948704896e-06	-6
4.765640646e-06	3.931384388e-06	-6
4.755640646e-06	3.91406388e-06	-6
4.745640646e-06	3.896743371e-06	-6
4.735640646e-06	3.879422863e-06	-6
4.725640646e-06	3.862102355e-06	-6
4.715640646e-06	3.844781847e-06	-6
4.705640646e-06	3.827461339e-06	-6
4.695640646e-06	3.810140831e-06	-6
4.685640646e-06	3.792820323e-06	-6
4.675640646e-06	3.775499815e-06	-6
4.665640646e-06	3.758179307e-06	-6
4.655640646e-06	3.740858799e-06	-6
4.645640646e-06	3.723538291e-06	-6
4.635640646e-06	3.706217783e-06	-6
4.625640646e-06	3.688897275e-06	-6
4.615640646e-06	3.671576766e-06	-6
4.605640646e-06	3.654256258e-06	-6
4.595640646e-06	3.63693575e-06	-6
4.585640646e-06	3.619615242e-06	-6
4.575640646e-06	3.602294734e-06	-6
4.565640646e-06	3.584974226e-06	-6
4.555640646e-06	3.567653718e-06	-6
4.545640646e-06	3.55033321e-06	-6
4.535640646e-06	3.533012702e-06	-6
4.525640646e-06	3.515692194e-06	-6
4.515640646e-06	3.498371686e-06	-6
4.505640646e-06	3.481051178e-06	-6
4.495640646e-06	3.46373067e-06	-6
4.485640646e-06	3.446410162e-06	-6
4.475640646e-06	3.429089653e-06	-6
4.465640646e-06	3.411769145e-06	-6
4.455640646e-06	3.394448637e-06	-6
4.445640646e-06	3.377128129e-06	-6
4.435640646e-06	3.359807621e-06	-6
4.425640646e-06	3.342487113e-06	-6
4.415640646e-06	3.325166605e-06	-6
4.405640646e-06	3.307846097e-06	-6
4.395640646e-06	3.290525589e-06	-6
4.385640646e-06	3.273205081e-06	-6
4.375640646e-06	3.255884573e-06	-6
4.365640646e-06	3.238564065e-06	-6
4.355640646e-06	3.221243557e-06	-6
4.345640646e-06	3.203923048e-06	-6
4.335640646e-06	3.18660254e-06	-6
4.325640646e-06	3.169282032e-06	-6
4.315640646e-06	3.151961524e-06	-6
4.305640646e-06	3.134641016e-06	-6
4.295640646e-06	3.117320508e-06	-6
4.285640646e-06	3.1e-06	-6
4.285640646e-06	3.1e-06	0
4.268320138e-06	3.11e-06	0
4.25099963e-06	3.12e-06	0
4.233679122e-06	3.13e-06	0
4.216358614e-06	3.14e-06	0
4.199038106e-06	3.15e-06	0
4.181717598e-06	3.16e-06	0
4.16439709e-06	3.17e-06	0
4.147076581e-06	3.18e-06	0
4.129756073e-06	3.19e-06	0
4.112435565e-06	3.2e-06	0
4.095115057e-06	3.21e-06	0
4.077794549e-06	3.22e-06	0
4.060474041e-06	3.23e-06	0
4.043153533e-06	3.24e-06	0
4.025833025e-06	3.25e-06	0
4.008512517e-06	3.26e-06	0
3.991192009e-06	3.27e-06	0
3.973871501e-06	3.28e-06	0
3.956550993e-06	3.29e-06	0
3.939230485e-06	3.3e-06	0
3.939230485e-06	3.3e-06	6
3.939230485e-06	3.3e-06	6
3.939230485e-06	3.3e-06	6
3.939230485e-06	3.3e-06	6
3.939230485e-06	3.3e-06	6
3.939230485e-06	3.3e-06	6
3.939230485e-06	3.3e-06	6
3.939230485e-06	3.3e-06	6
3.939230485e-06	3.3e-06	6
3.939230485e-06	3.3e-06	6
3.939230485e-06	3.3e-06	6
3.949230485e-06	3.317320508e-06	6
3.959230485e-06	3.334641016e-06	6
3.969230485e-06	3.351961524e-06	6
3.979230485e-06	3.369282032e-06	6
3.989230485e-06	3.38660254e-06	6
3.999230485e-06	3.403923048e-06	6
4.009230485e-06	3.421243557e-06	6
4.019230485e-06	3.438564065e-06	6
4.029230485e-06	3.455884573e-06	6
4.039230485e-06	3.473205081e-06	6
4.049230485e-06	3.490525589e-06	6
4.059230485e-06	3.507846097e-06	6
4.069230485e-06	3.525166605e-06	6
4.079230485e-06	3.542487113e-06	6
4.089230485e-06	3.559807621e-06	6
4.099230485e-06	3.577128129e-06	6
4.109230485e-06	3.594448637e-06	6
4.119230485e-06	3.611769145e-06	6
4.129230485e-06	3.629089653e-06	6
4.139230485e-06	3.646410162e-06	6
4.149230485e-06	3.66373067e-06	6
4.159230485e-06	3.681051178e-06	6
4.169230485e-06	3.698371686e-06	6
4.179230485e-06	3.715692194e-06	6
4.189230485e-06	3.733012702e-06	6
4.199230485e-06	3.75033321e-06	6
4.209230485e-06	3.767653718e-06	6
4.219230485e-06	3.784974226e-06	6
4.229230485e-06	3.802294734e-06	6
4.239230485e-06	3.819615242e-06	6
4.249230485e-06	3.83693575e-06	6
4.259230485e-06	3.854256258e-06	6
4.269230485e-06	3.871576766e-06	6
4.279230485e-06	3.888897275e-06	6
4.289230485e-06	3.906217783e-06	6
4.299230485e-06	3.923538291e-06	6
4.309230485e-06	3.940858799e-06	6
4.319230485e-06	3.958179307e-06	6
4.329230485e-06	3.975499815e-06	6
4.339230485e-06	3.992820323e-06	6
4.349230485e-06	4.010140831e-06	6
4.359230485e-06	4.027461339e-06	6
4.369230485e-06	4.044781847e-06	6
4.379230485e-06	4.062102355e-06	6
4.389230485e-06	4.079422863e-06	6
4.399230485e-06	4.096743371e-06	6
4.409230485e-06	4.11406388e-06	6
4.419230485e-06	4.131384388e-06	6
4.429230485e-06	4.148704896e-06	6
4.439230485e-06	4.166025404e-06	6
4.449230485e-06	4.183345912e-06	6
4.459230485e-06	4.20066642e-06	6
4.469230485e-06	4.217986928e-06	6
4.479230485e-06	4.235307436e-06	6
4.489230485e-06	4.252627944e-06	6
4.499230485e-06	4.269948452e-06	6
4.509230485e-06	4.28726896e-06	6
4.519230485e-06	4.304589468e-06	6
4.529230485e-06	4.321909976e-06	6
4.539230485e-06	4.339230485e-06	6
4.549230485e-06	4.356550993e-06	6
4.559230485e-06	4.373871501e-06	6
4.569230485e-06	4.391192009e-06	6
4.579230485e-06	4.408512517e-06	6
4.589230485e-06	4.425833025e-06	6
4.599230485e-06	4.443153533e-06	6
4.609230485e-06	4.460474041e-06	6
4.619230485e-06	4.477794549e-06	6
4.629230485e-06	4.495115057e-06	6
4.639230485e-06	4.512435565e-06	6
4.649230485e-06	4.529756073e-06	6
4.659230485e-06	4.547076581e-06	6
4.669230485e-06	4.56439709e-06	6
4.679230485e-06	4.581717598e-06	6
4.689230485e-06	4.599038106e-06	6
4.699230485e-06	4.616358614e-06	6
4.709230485e-06	4.633679122e-06	6
4.719230485e-06	4.65099963e-06	6
4.729230485e-06	4.668320138e-06	6
4.739230485e-06	4.685640646e-06	6
4.749230485e-06	4.702961154e-06	6
4.759230485e-06	4.720281662e-06	6
4.769230485e-06	4.73760217e-06	6
4.779230485e-06	4.754922678e-06	6
4.789230485e-06	4.772243186e-06	6
4.799230485e-06	4.789563695e-06	6
4.809230485e-06	4.806884203e-06	6
4.819230485e-06	4.824204711e-06	6
4.829230485e-06	4.841525219e-06	6
4.839230485e-06	4.858845727e-06	6
4.849230485e-06	4.876166235e-06	6
4.859230485e-06	4.893486743e-06	6
4.869230485e-06	4.910807251e-06	6
4.879230485e-06	4.928127759e-06	6
4.889230485e-06	4.945448267e-06	6
4.899230485e-06	4.962768775e-06	6
4.909230485e-06	4.980089283e-06	6
4.919230485e-06	4.997409791e-06	6
4.929230485e-06	5.014730299e-06	6
4.939230485e-06	5.032050808e-06	6
4.939230485e-06	5.032050808e-06	6
4.929230485e-06	5.014730299e-06	6
4.919230485e-06	4.997409791e-06	6
4.909230485e-06	4.980089283e-06	6
4.899230485e-06	4.962768775e-06	6
4.889230485e-06	4.945448267e-06	6
4.879230485e-06	4.928127759e-06	6
4.869230485e-06	4.910807251e-06	6
4.859230485e-06	4.893486743e-06	6
4.849230485e-06	4.876166235e-06	6
4.839230485e-06	4.858845727e-06	6
4.829230485e-06	4.841525219e-06	6
4.819230485e-06	4.824204711e-06	6
4.809230485e-06	4.806884203e-06	6
4.799230485e-06	4.789563695e-06	6
4.789230485e-06	4.772243186e-06	6
4.779230485e-06	4.754922678e-06	6
4.769230485e-06	4.73760217e-06	6
4.759230485e-06	4.720281662e-06	6
4.749230485e-06	4.702961154e-06	6
4.739230485e-06	4.685640646e-06	6
4.729230485e-06	4.668320138e-06	6
4.719230485e-06	4.65099963e-06	6
4.709230485e-06	4.633679122e-06	6
4.699230485e-06	4.616358614e-06	6
4.689230485e-06	4.599038106e-06	6
4.679230485e-06	4.581717598e-06	6
4.669230485e-06	4.56439709e-06	6
4.659230485e-06	4.547076581e-06	6
4.649230485e-06	4.529756073e-06	6
4.639230485e-06	4.512435565e-06	6
4.629230485e-06	4.495115057e-06	6
4.619230485e-06	4.477794549e-06	6
4.609230485e-06	4.460474041e-06	6
4.599230485e-06	4.443153533e-06	6
4.589230485e-06	4.425833025e-06	6
4.579230485e-06	4.408512517e-06	6
4.569230485e-06	4.391192009e-06	6
4.559230485e-06	4.373871501e-06	6
4.549230485e-06	4.356550993e-06	6
4.539230485e-06	4.339230485e-06	6
4.529230485e-06	4.321909976e-06	6
4.519230485e-06	4.304589468e-06	6
4.509230485e-06	4.28726896e-06	6
4.499230485e-06	4.269948452e-06	6
4.489230485e-06	4.252627944e-06	6
4.479230485e-06	4.235307436e-06	6
4.469230485e-06	4.217986928e-06	6
4.459230485e-06	4.20066642e-06	6
4.449230485e-06	4.183345912e-06	6
4.439230485e-06	4.166025404e-06	6
4.429230485e-06	4.148704896e-06	6
4.419230485e-06	4.131384388e-06	6
4.409230485e-06	4.11406388e-06	6
4.399230485e-06	4.096743371e-06	6
4.389230485e-06	4.079422863e-06	6
4.379230485e-06	4.062102355e-06	6
4.369230485e-06	4.044781847e-06	6
4.359230485e-06	4.027461339e-06	6
4.349230485e-06	4.010140831e-06	6
4.339230485e-06	3.992820323e-06	6
4.329230485e-06	3.975499815e-06	6
4.319230485e-06	3.958179307e-06	6
4.309230485e-06	3.940858799e-06	6
4.299230485e-06	3.923538291e-06	6
4.289230485e-06	3.906217783e-06	6
4.279230485e-06	3.888897275e-06	6
4.269230485e-06	3.871576766e-06	6
4.259230485e-06	3.854256258e-06	6
4.249230485e-06	3.83693575e-06	6
4.239230485e-06	3.819615242e-06	6
4.229230485e-06	3.802294734e-06	6
4.219230485e-06	3.784974226e-06	6
4.209230485e-06	3.767653718e-06	6
4.199230485e-06	3.75033321e-06	6
4.189230485e-06	3.733012702e-06	6
4.179230485e-06	3.715692194e-06	6
4.169230485e-06	3.698371686e-06	6
4.159230485e-06	3.681051178e-06	6
4.149230485e-06	3.66373067e-06	6
4.139230485e-06	3.646410162e-06	6
4.129230485e-06	3.629089653e-06	6
4.119230485e-06	3.611769145e-06	6
4.109230485e-06	3.594448637e-06	6
4.099230485e-06	3.577128129e-06	6
4.089230485e-06	3.559807621e-06	6
4.079230485e-06	3.542487113e-06	6
4.069230485e-06	3.525166605e-06	6
4.059230485e-06	3.507846097e-06	6
4.049230485e-06	3.490525589e-06	6
4.039230485e-06	3.473205081e-06	6
4.029230485e-06	3.455884573e-06	6
4.019230485e-06	3.438564065e-06	6
4.009230485e-06	3.421243557e-06	6
3.999230485e-06	3.403923048e-06	6
3.989230485e-06	3.38660254e-06	6
3.979230485e-06	3.369282032e-06	6
3.969230485e-06	3.351961524e-06	6
3.959230485e-06	3.334641016e-06	6
3.949230485e-06	3.317320508e-06	6
3.939230485e-06	3.3e-06	6
3.939230485e-06	3.3e-06	0
3.921909976e-06	3.31e-06	0
3.904589468e-06	3.32e-06	0
3.88726896e-06	3.33e-06	0
3.869948452e-06	3.34e-06	0
3.852627944e-06	3.35e-06	0
3.835307436e-06	3.36e-06	0
3.817986928e-06	3.37e-06	0
3.80066642e-06	3.38e-06	0
3.783345912e-06	3.39e-06	0
3.766025404e-06	3.4e-06	0
3.748704896e-06	3.41e-06	0
3.731384388e-06	3.42e-06	0
3.71406388e-06	3.43e-06	0
3.696743371e-06	3.44e-06	0
3.679422863e-06	3.45e-06	0
3.662102355e-06	3.46e-06	0
3.644781847e-06	3.47e-06	0
3.627461339e-06	3.48e-06	0
3.610140831e-06	3.49e-06	0
3.592820323e-06	3.5e-06	0
3.592820323e-06	3.5e-06	-6
3.592820323e-06	3.5e-06	-6
3.592820323e-06	3.5e-06	-6
3.592820323e-06	3.5e-06	-6
3.592820323e-06	3.5e-06	-6
3.592820323e-06	3.5e-06	-6
3.592820323e-06	3.5e-06	-6
3.592820323e-06	3.5e-06	-6
3.592820323e-06	3.5e-06	-6
3.592820323e-06	3.5e-06	-6
3.592820323e-06	3.5e-06	-6
3.602820323e-06	3.517320508e-06	-6
3.612820323e-06	3.534641016e-06	-6
3.622820323e-06	3.551961524e-06	-6
3.632820323e-06	3.569282032e-06	-6
3.642820323e-06	3.58660254e-06	-6
3.652820323e-06	3.603923048e-06	-6
3.662820323e-06	3.621243557e-06	-6
3.672820323e-06	3.638564065e-06	-6
3.682820323e-06	3.655884573e-06	-6
3.692820323e-06	3.673205081e-06	-6
3.702820323e-06	3.690525589e-06	-6
3.712820323e-06	3.707846097e-06	-6
3.722820323e-06	3.725166605e-06	-6
3.732820323e-06	3.742487113e-06	-6
3.742820323e-06	3.759807621e-06	-6
3.752820323e-06	3.777128129e-06	-6
3.762820323e-06	3.794448637e-06	-6
3.772820323e-06	3.811769145e-06	-6
3.782820323e-06	3.829089653e-06	-6
3.792820323e-06	3.846410162e-06	-6
3.802820323e-06	3.86373067e-06	-6
3.812820323e-06	3.881051178e-06	-6
3.822820323e-06	3.898371686e-06	-6
3.832820323e-06	3.915692194e-06	-6
3.842820323e-06	3.933012702e-06	-6
3.852820323e-06	3.95033321e-06	-6
3.862820323e-06	3.967653718e-06	-6
3.872820323e-06	3.984974226e-06	-6
3.882820323e-06	4.002294734e-06	-6
3.892820323e-06	4.019615242e-06	-6
3.902820323e-06	4.03693575e-06	-6
3.912820323e-06	4.054256258e-06	-6
3.922820323e-06	4.071576766e-06	-6
3.932820323e-06	4.088897275e-06	-6
3.942820323e-06	4.106217783e-06	-6
3.952820323e-06	4.123538291e-06	-6
3.962820323e-06	4.140858799e-06	-6
3.972820323e-06	4.158179307e-06	-6
3.982820323e-06	4.175499815e-06	-6
3.992820323e-06	4.192820323e-06	-6
4.002820323e-06	4.210140831e-06	-6
4.012820323e-06	4.227461339e-06	-6
4.022820323e-06	4.244781847e-06	-6
4.032820323e-06	4.262102355e-06	-6
4.042820323e-06	4.279422863e-06	-6
4.052820323e-06	4.296743371e-06	-6
4.062820323e-06	4.31406388e-06	-6
4.072820323e-06	4.331384388e-06	-6
4.082820323e-06	4.348704896e-06	-6
4.092820323e-06	4.366025404e-06	-6
4.102820323e-06	4.383345912e-06	-6
4.112820323e-06	4.40066642e-06	-6
4.122820323e-06	4.417986928e-06	-6
4.132820323e-06	4.435307436e-06	-6
4.142820323e-06	4.452627944e-06	-6
4.152820323e-06	4.469948452e-06	-6
4.162820323e-06	4.48726896e-06	-6
4.172820323e-06	4.504589468e-06	-6
4.182820323e-06	4.521909976e-06	-6
4.192820323e-06	4.539230485e-06	-6
4.202820323e-06	4.556550993e-06	-6
4.212820323e-06	4.573871501e-06	-6
4.222820323e-06	4.591192009e-06	-6
4.232820323e-06	4.608512517e-06	-6
4.242820323e-06	4.625833025e-06	-6
4.252820323e-06	4.643153533e-06	-6
4.262820323e-06	4.660474041e-06	-6
4.272820323e-06	4.677794549e-06	-6
4.282820323e-06	4.695115057e-06	-6
4.292820323e-06	4.712435565e-06	-6
4.302820323e-06	4.729756073e-06	-6
4.312820323e-06	4.747076581e-06	-6
4.322820323e-06	4.76439709e-06	-6
4.332820323e-06	4.781717598e-06	-6
4.342820323e-06	4.799038106e-06	-6
4.352820323e-06	4.816358614e-06	-6
4.362820323e-06	4.833679122e-06	-6
4.372820323e-06	4.85099963e-06	-6
4.382820323e-06	4.868320138e-06	-6
4.392820323e-06	4.885640646e-06	-6
4.402820323e-06	4.902961154e-06	-6
4.412820323e-06	4.920281662e-06	-6
4.422820323e-06	4.93760217e-06	-6
4.432820323e-06	4.954922678e-06	-6
4.442820323e-06	4.972243186e-06	-6
4.452820323e-06	4.989563695e-06	-6
4.462820323e-06	5.006884203e-06	-6
4.472820323e-06	5.024204711e-06	-6
4.482820323e-06	5.041525219e-06	-6
4.492820323e-06	5.058845727e-06	-6
4.502820323e-06	5.076166235e-06	-6
4.512820323e-06	5.093486743e-06	-6
4.522820323e-06	5.110807251e-06	-6
4.532820323e-06	5.128127759e-06	-6
4.542820323e-06	5.145448267e-06	-6
4.552820323e-06	5.162768775e-06	-6
4.562820323e-06	5.180089283e-06	-6
4.572820323e-06	5.197409791e-06	-6
4.582820323e-06	5.214730299e-06	-6
4.592820323e-06	5.232050808e-06	-6
4.592820323e-06	5.232050808e-06	-6
4.582820323e-06	5.214730299e-06	-6
4.572820323e-06	5.197409791e-06	-6
4.562820323e-06	5.180089283e-06	-6
4.552820323e-06	5.162768775e-06	-6
4.542820323e-06	5.145448267e-06	-6
4.532820323e-06	5.128127759e-06	-6
4.522820323e-06	5.110807251e-06	-6
4.512820323e-06	5.093486743e-06	-6
4.502820323e-06	5.076166235e-06	-6
4.492820323e-06	5.058845727e-06	-6
4.482820323e-06	5.041525219e-06	-6
4.472820323e-06	5.024204711e-06	-6
4.462820323e-06	5.006884203e-06	-6
4.452820323e-06	4.989563695e-06	-6
4.442820323e-06	4.972243186e-06	-6
4.432820323e-06	4.954922678e-06	-6
4.422820323e-06	4.93760217e-06	-6
4.412820323e-06	4.920281662e-06	-6
4.402820323e-06	4.902961154e-06	-6
4.392820323e-06	4.885640646e-06	-6
4.382820323e-06	4.868320138e-06	-6
4.372820323e-06	4.85099963e-06	-6
4.362820323e-06	4.833679122e-06	-6
4.352820323e-06	4.816358614e-06	-6
4.342820323e-06	4.799038106e-06	-6
4.332820323e-06	4.781717598e-06	-6
4.322820323e-06	4.76439709e-06	-6
4.312820323e-06	4.747076581e-06	-6
4.302820323e-06	4.729756073e-06	-6
4.292820323e-06	4.712435565e-06	-6
4.282820323e-06	4.695115057e-06	-6
4.272820323e-06	4.677794549e-06	-6
4.262820323e-06	4.660474041e-06	-6
4.252820323e-06	4.643153533e-06	-6
4.242820323e-06	4.625833025e-06	-6
4.232820323e-06	4.608512517e-06	-6
4.222820323e-06	4.591192009e-06	-6
4.212820323e-06	4.573871501e-06	-6
4.202820323e-06	4.556550993e-06	-6
4.192820323e-06	4.539230485e-06	-6
4.182820323e-06	4.521909976e-06	-6
4.172820323e-06	4.504589468e-06	-6
4.162820323e-06	4.48726896e-06	-6
4.152820323e-06	4.469948452e-06	-6
4.142820323e-06	4.452627944e-06	-6
4.132820323e-06	4.435307436e-06	-6
4.122820323e-06	4.417986928e-06	-6
4.112820323e-06	4.40066642e-06	-6
4.102820323e-06	4.383345912e-06	-6
4.092820323e-06	4.366025404e-06	-6
4.082820323e-06	4.348704896e-06	-6
4.072820323e-06	4.331384388e-06	-6
4.062820323e-06	4.31406388e-06	-6
4.052820323e-06	4.296743371e-06	-6
4.042820323e-06	4.279422863e-06	-6
4.032820323e-06	4.262102355e-06	-6
4.022820323e-06	4.244781847e-06	-6
4.012820323e-06	4.227461339e-06	-6
4.002820323e-06	4.210140831e-06	-6
3.992820323e-06	4.192820323e-06	-6
3.982820323e-06	4.175499815e-06	-6
3.972820323e-06	4.158179307e-06	-6
3.962820323e-06	4.140858799e-06	-6
3.952820323e-06	4.123538291e-06	-6
3.942820323e-06	4.106217783e-06	-6
3.932820323e-06	4.088897275e-06	-6
3.922820323e-06	4.071576766e-06	-6
3.912820323e-06	4.054256258e-06	-6
3.902820323e-06	4.03693575e-06	-6
3.892820323e-06	4.019615242e-06	-6
3.882820323e-06	4.002294734e-06	-6
3.872820323e-06	3.984974226e-06	-6
3.862820323e-06	3.967653718e-06	-6
3.852820323e-06	3.95033321e-06	-6
3.842820323e-06	3.933012702e-06	-6
3.832820323e-06	3.915692194e-06	-6
3.822820323e-06	3.898371686e-06	-6
3.812820323e-06	3.881051178e-06	-6
3.802820323e-06	3.86373067e-06	-6
3.792820323e-06	3.846410162e-06	-6
3.782820323e-06	3.829089653e-06	-6
3.772820323e-06	3.811769145e-06	-6
3.762820323e-06	3.794448637e-06	-6
3.752820323e-06	3.777128129e-06	-6
3.742820323e-06	3.759807621e-06	-6
3.732820323e-06	3.742487113e-06	-6
3.722820323e-06	3.725166605e-06	-6
3.712820323e-06	3.707846097e-06	-6
3.702820323e-06	3.690525589e-06	-6
3.692820323e-06	3.673205081e-06	-6
3.682820323e-06	3.655884573e-06	-6
3.672820323e-06	3.638564065e-06	-6
3.662820323e-06	3.621243557e-06	-6
3.652820323e-06	3.603923048e-06	-6
3.642820323e-06	3.58660254e-06	-6
3.632820323e-06	3.569282032e-06	-6
3.622820323e-06	3.551961524e-06	-6
3.612820323e-06	3.534641016e-06	-6
3.602820323e-06	3.517320508e-06	-6
3.592820323e-06	3.5e-06	-6
3.592820323e-06	3.5e-06	0
3.575499815e-06	3.51e-06	0
3.558179307e-06	3.52e-06	0
3.540858799e-06	3.53e-06	0
3.523538291e-06	3.54e-06	0
3.506217783e-06	3.55e-06	0
3.488897275e-06	3.56e-06	0
3.471576766e-06	3.57e-06	0
3.454256258e-06	3.58e-06	0
3.43693575e-06	3.59e-06	0
3.419615242e-06	3.6e-06	0
3.402294734e-06	3.61e-06	0
3.384974226e-06	3.62e-06	0
3.367653718e-06	3.63e-06	0
3.35033321e-06	3.64e-06	0
3.333012702e-06	3.65e-06	0
3.315692194e-06	3.66e-06	0
3.298371686e-06	3.67e-06	0
3.281051178e-06	3.68e-06	0
3.26373067e-06	3.69e-06	0
3.246410162e-06	3.7e-06	0
3.246410162e-06	3.7e-06	6
3.246410162e-06	3.7e-06	6
3.246410162e-06	3.7e-06	6
3.246410162e-06	3.7e-06	6
3.246410162e-06	3.7e-06	6
3.246410162e-06	3.7e-06	6
3.246410162e-06	3.7e-06	6
3.246410162e-06	3.7e-06	6
3.246410162e-06	3.7e-06	6
3.246410162e-06	3.7e-06	6
3.246410162e-06	3.7e-06	6
3.256410162e-06	3.717320508e-06	6
3.266410162e-06	3.734641016e-06	6
3.276410162e-06	3.751961524e-06	6
3.286410162e-06	3.769282032e-06	6
3.296410162e-06	3.78660254e-06	6
3.306410162e-06	3.803923048e-06	6
3.316410162e-06	3.821243557e-06	6
3.326410162e-06	3.838564065e-06	6
3.336410162e-06	3.855884573e-06	6
3.346410162e-06	3.873205081e-06	6
3.356410162e-06	3.890525589e-06	6
3.366410162e-06	3.907846097e-06	6
3.376410162e-06	3.925166605e-06	6
3.386410162e-06	3.942487113e-06	6
3.396410162e-06	3.959807621e-06	6
3.406410162e-06	3.977128129e-06	6
3.416410162e-06	3.994448637e-06	6
3.426410162e-06	4.011769145e-06	6
3.436410162e-06	4.029089653e-06	6
3.446410162e-06	4.046410162e-06	6
3.456410162e-06	4.06373067e-06	6
3.466410162e-06	4.081051178e-06	6
3.476410162e-06	4.098371686e-06	6
3.486410162e-06	4.115692194e-06	6
3.496410162e-06	4.133012702e-06	6
3.506410162e-06	4.15033321e-06	6
3.516410162e-06	4.167653718e-06	6
3.526410162e-06	4.184974226e-06	6
3.536410162e-06	4.202294734e-06	6
3.546410162e-06	4.219615242e-06	6
3.556410162e-06	4.23693575e-06	6
3.566410162e-06	4.254256258e-06	6
3.576410162e-06	4.271576766e-06	6
3.586410162e-06	4.288897275e-06	6
3.596410162e-06	4.306217783e-06	6
3.606410162e-06	4.323538291e-06	6
3.616410162e-06	4.340858799e-06	6
3.626410162e-06	4.358179307e-06	6
3.636410162e-06	4.375499815e-06	6
3.646410162e-06	4.392820323e-06	6
3.656410162e-06	4.410140831e-06	6
3.666410162e-06	4.427461339e-06	6
3.676410162e-06	4.444781847e-06	6
3.686410162e-06	4.462102355e-06	6
3.696410162e-06	4.479422863e-06	6
3.706410162e-06	4.496743371e-06	6
3.716410162e-06	4.51406388e-06	6
3.726410162e-06	4.531384388e-06	6
3.736410162e-06	4.548704896e-06	6
3.746410162e-06	4.566025404e-06	6
3.756410162e-06	4.583345912e-06	6
3.766410162e-06	4.60066642e-06	6
3.776410162e-06	4.617986928e-06	6
3.786410162e-06	4.635307436e-06	6
3.796410162e-06	4.652627944e-06	6
3.806410162e-06	4.669948452e-06	6
3.816410162e-06	4.68726896e-06	6
3.826410162e-06	4.704589468e-06	6
3.836410162e-06	4.721909976e-06	6
3.846410162e-06	4.739230485e-06	6
3.856410162e-06	4.756550993e-06	6
3.866410162e-06	4.773871501e-06	6
3.876410162e-06	4.791192009e-06	6
3.886410162e-06	4.808512517e-06	6
3.896410162e-06	4.825833025e-06	6
3.906410162e-06	4.843153533e-06	6
3.916410162e-06	4.860474041e-06	6
3.926410162e-06	4.877794549e-06	6
3.936410162e-06	4.895115057e-06	6
3.946410162e-06	4.912435565e-06	6
3.956410162e-06	4.929756073e-06	6
3.966410162e-06	4.947076581e-06	6
3.976410162e-06	4.96439709e-06	6
3.986410162e-06	4.981717598e-06	6
3.996410162e-06	4.999038106e-06	6
4.006410162e-06	5.016358614e-06	6
4.016410162e-06	5.033679122e-06	6
4.026410162e-06	5.05099963e-06	6
4.036410162e-06	5.068320138e-06	6
4.046410162e-06	5.085640646e-06	6
4.056410162e-06	5.102961154e-06	6
4.066410162e-06	5.120281662e-06	6
4.076410162e-06	5.13760217e-06	6
4.086410162e-06	5.154922678e-06	6
4.096410162e-06	5.172243186e-06	6
4.106410162e-06	5.189563695e-06	6
4.116410162e-06	5.206884203e-06	6
4.126410162e-06	5.224204711e-06	6
4.136410162e-06	5.241525219e-06	6
4.146410162e-06	5.258845727e-06	6
4.156410162e-06	5.276166235e-06	6
4.166410162e-06	5.293486743e-06	6
4.176410162e-06	5.310807251e-06	6
4.186410162e-06	5.328127759e-06	6
4.196410162e-06	5.345448267e-06	6
4.206410162e-06	5.362768775e-06	6
4.216410162e-06	5.380089283e-06	6
4.226410162e-06	5.397409791e-06	6
4.236410162e-06	5.414730299e-06	6
4.246410162e-06	5.432050808e-06	6
4.246410162e-06	5.432050808e-06	6
4.236410162e-06	5.414730299e-06	6
4.226410162e-06	5.397409791e-06	6
4.216410162e-06	5.380089283e-06	6
4.206410162e-06	5.362768775e-06	6
4.196410162e-06	5.345448267e-06	6
4.186410162e-06	5.328127759e-06	6
4.176410162e-06	5.310807251e-06	6
4.166410162e-06	5.293486743e-06	6
4.156410162e-06	5.276166235e-06	6
4.146410162e-06	5.258845727e-06	6
4.136410162e-06	5.241525219e-06	6
4.126410162e-06	5.224204711e-06	6
4.116410162e-06	5.206884203e-06	6
4.106410162e-06	5.189563695e-06	6
4.096410162e-06	5.172243186e-06	6
4.086410162e-06	5.154922678e-06	6
4.076410162e-06	5.13760217e-06	6
4.066410162e-06	5.120281662e-06	6
4.056410162e-06	5.102961154e-06	6
4.046410162e-06	5.085640646e-06	6
4.036410162e-06	5.068320138e-06	6
4.026410162e-06	5.05099963e-06	6
4.016410162e-06	5.033679122e-06	6
4.006410162e-06	5.016358614e-06	6
3.996410162e-06	4.999038106e-06	6
3.986410162e-06	4.981717598e-06	6
3.976410162e-06	4.96439709e-06	6
3.966410162e-06	4.947076581e-06	6
3.956410162e-06	4.929756073e-06	6
3.946410162e-06	4.912435565e-06	6
3.936410162e-06	4.895115057e-06	6
3.926410162e-06	4.877794549e-06	6
3.916410162e-06	4.860474041e-06	6
3.906410162e-06	4.843153533e-06	6
3.896410162e-06	4.825833025e-06	6
3.886410162e-06	4.808512517e-06	6
3.876410162e-06	4.791192009e-06	6
3.866410162e-06	4.773871501e-06	6
3.856410162e-06	4.756550993e-06	6
3.846410162e-06	4.739230485e-06	6
3.836410162e-06	4.721909976e-06	6
3.826410162e-06	4.704589468e-06	6
3.816410162e-06	4.68726896e-06	6
3.806410162e-06	4.669948452e-06	6
3.796410162e-06	4.652627944e-06	6
3.786410162e-06	4.635307436e-06	6
3.776410162e-06	4.617986928e-06	6
3.766410162e-06	4.60066642e-06	6
3.756410162e-06	4.583345912e-06	6
3.746410162e-06	4.566025404e-06	6
3.736410162e-06	4.548704896e-06	6
3.726410162e-06	4.531384388e-06	6
3.716410162e-06	4.51406388e-06	6
3.706410162e-06	4.496743371e-06	6
3.696410162e-06	4.479422863e-06	6
3.686410162e-06	4.462102355e-06	6
3.676410162e-06	4.444781847e-06	6
3.666410162e-06	4.427461339e-06	6
3.656410162e-06	4.410140831e-06	6
3.646410162e-06	4.392820323e-06	6
3.636410162e-06	4.375499815e-06	6
3.626410162e-06	4.358179307e-06	6
3.616410162e-06	4.340858799e-06	6
3.606410162e-06	4.323538291e-06	6
3.596410162e-06	4.306217783e-06	6
3.586410162e-06	4.288897275e-06	6
3.576410162e-06	4.271576766e-06	6
3.566410162e-06	4.254256258e-06	6
3.556410162e-06	4.23693575e-06	6
3.546410162e-06	4.219615242e-06	6
3.536410162e-06	4.202294734e-06	6
3.526410162e-06	4.184974226e-06	6
3.516410162e-06	4.167653718e-06	6
3.506410162e-06	4.15033321e-06	6
3.496410162e-06	4.133012702e-06	6
3.486410162e-06	4.115692194e-06	6
3.476410162e-06	4.098371686e-06	6
3.466410162e-06	4.081051178e-06	6
3.456410162e-06	4.06373067e-06	6
3.446410162e-06	4.046410162e-06	6
3.436410162e-06	4.029089653e-06	6
3.426410162e-06	4.011769145e-06	6
3.416410162e-06	3.994448637e-06	6
3.406410162e-06	3.977128129e-06	6
3.396410162e-06	3.959807621e-06	6
3.386410162e-06	3.942487113e-06	6
3.376410162e-06	3.925166605e-06	6
3.366410162e-06	3.907846097e-06	6
3.356410162e-06	3.890525589e-06	6
3.346410162e-06	3.873205081e-06	6
3.336410162e-06	3.855884573e-06	6
3.326410162e-06	3.838564065e-06	6
3.316410162e-06	3.821243557e-06	6
3.306410162e-06	3.803923048e-06	6
3.296410162e-06	3.78660254e-06	6
3.286410162e-06	3.769282032e-06	6
3.276410162e-06	3.751961524e-06	6
3.266410162e-06	3.734641016e-06	6
3.256410162e-06	3.717320508e-06	6
3.246410162e-06	3.7e-06	6
3.246410162e-06	3.7e-06	0
3.229089653e-06	3.71e-06	0
3.211769145e-06	3.72e-06	0
3.194448637e-06	3.73e-06	0
3.177128129e-06	3.74e-06	0
3.159807621e-06	3.75e-06	0
3.142487113e-06	3.76e-06	0
3.125166605e-06	3.77e-06	0
3.107846097e-06	3.78e-06	0
3.090525589e-06	3.79e-06	0
3.073205081e-06	3.8e-06	0
3.055884573e-06	3.81e-06	0
3.038564065e-06	3.82e-06	0
3.021243557e-06	3.83e-06	0
3.003923048e-06	3.84e-06	0
2.98660254e-06	3.85e-06	0
2.969282032e-06	3.86e-06	0
2.951961524e-06	3.87e-06	0
2.934641016e-06	3.88e-06	0
2.917320508e-06	3.89e-06	0
2.9e-06	3.9e-06	0
2.9e-06	3.9e-06	-6
2.9e-06	3.9e-06	-6
2.9e-06	3.9e-06	-6
2.9e-06	3.9e-06	-6
2.9e-06	3.9e-06	-6
2.9e-06	3.9e-06	-6
2.9e-06	3.9e-06	-6
2.9e-06	3.9e-06	-6
2.9e-06	3.9e-06	-6
2.9e-06	3.9e-06	-6
2.9e-06	3.9e-06	-6
2.91e-06	3.917320508e-06	-6
2.92e-06	3.934641016e-06	-6
2.93e-06	3.951961524e-06	-6
2.94e-06	3.969282032e-06	-6
2.95e-06	3.98660254e-06	-6
2.96e-06	4.003923048e-06	-6
2.97e-06	4.021243557e-06	-6
2.98e-06	4.038564065e-06	-6
2.99e-06	4.055884573e-06	-6
3e-06	4.073205081e-06	-6
3.01e-06	4.090525589e-06	-6
3.02e-06	4.107846097e-06	-6
3.03e-06	4.125166605e-06	-6
3.04e-06	4.142487113e-06	-6
3.05e-06	4.159807621e-06	-6
3.06e-06	4.177128129e-06	-6
3.07e-06	4.194448637e-06	-6
3.08e-06	4.211769145e-06	-6
3.09e-06	4.229089653e-06	-6
3.1e-06	4.246410162e-06	-6
3.11e-06	4.26373067e-06	-6
3.12e-06	4.281051178e-06	-6
3.13e-06	4.298371686e-06	-6
3.14e-06	4.315692194e-06	-6
3.15e-06	4.333012702e-06	-6
3.16e-06	4.35033321e-06	-6
3.17e-06	4.367653718e-06	-6
3.18e-06	4.384974226e-06	-6
3.19e-06	4.402294734e-06	-6
3.2e-06	4.419615242e-06	-6
3.21e-06	4.43693575e-06	-6
3.22e-06	4.454256258e-06	-6
3.23e-06	4.471576766e-06	-6
3.24e-06	4.488897275e-06	-6
3.25e-06	4.506217783e-06	-6
3.26e-06	4.523538291e-06	-6
3.27e-06	4.540858799e-06	-6
3.28e-06	4.558179307e-06	-6
3.29e-06	4.575499815e-06	-6
3.3e-06	4.592820323e-06	-6
3.31e-06	4.610140831e-06	-6
3.32e-06	4.627461339e-06	-6
3.33e-06	4.644781847e-06	-6
3.34e-06	4.662102355e-06	-6
3.35e-06	4.679422863e-06	-6
3.36e-06	4.696743371e-06	-6
3.37e-06	4.71406388e-06	-6
3.38e-06	4.731384388e-06	-6
3.39e-06	4.748704896e-06	-6
3.4e-06	4.766025404e-06	-6
3.41e-06	4.783345912e-06	-6
3.42e-06	4.80066642e-06	-6
3.43e-06	4.817986928e-06	-6
3.44e-06	4.835307436e-06	-6
3.45e-06	4.852627944e-06	-6
3.46e-06	4.869948452e-06	-6
3.47e-06	4.88726896e-06	-6
3.48e-06	4.904589468e-06	-6
3.49e-06	4.921909976e-06	-6
3.5e-06	4.939230485e-06	-6
3.51e-06	4.956550993e-06	-6
3.52e-06	4.973871501e-06	-6
3.53e-06	4.991192009e-06	-6
3.54e-06	5.008512517e-06	-6
3.55e-06	5.025833025e-06	-6
3.56e-06	5.043153533e-06	-6
3.57e-06	5.060474041e-06	-6
3.58e-06	5.077794549e-06	-6
3.59e-06	5.095115057e-06	-6
3.6e-06	5.112435565e-06	-6
3.61e-06	5.129756073e-06	-6
3.62e-06	5.147076581e-06	-6
3.63e-06	5.16439709e-06	-6
3.64e-06	5.181717598e-06	-6
3.65e-06	5.199038106e-06	-6
3.66e-06	5.216358614e-06	-6
3.67e-06	5.233679122e-06	-6
3.68e-06	5.25099963e-06	-6
3.69e-06	5.268320138e-06	-6
3.7e-06	5.285640646e-06	-6
3.71e-06	5.302961154e-06	-6
3.72e-06	5.320281662e-06	-6
3.73e-06	5.33760217e-06	-6
3.74e-06	5.354922678e-06	-6
3.75e-06	5.372243186e-06	-6
3.76e-06	5.389563695e-06	-6
3.77e-06	5.406884203e-06	-6
3.78e-06	5.424204711e-06	-6
3.79e-06	5.441525219e-06	-6
3.8e-06	5.458845727e-06	-6
3.81e-06	5.476166235e-06	-6
3.82e-06	5.493486743e-06	-6
3.83e-06	5.510807251e-06	-6
3.84e-06	5.528127759e-06	-6
3.85e-06	5.545448267e-06	-6
3.86e-06	5.562768775e-06	-6
3.87e-06	5.580089283e-06	-6
3.88e-06	5.597409791e-06	-6
3.89e-06	5.614730299e-06	-6
3.9e-06	5.632050808e-06	-6
3.9e-06	5.632050808e-06	-6
3.89e-06	5.614730299e-06	-6
3.88e-06	5.597409791e-06	-6
3.87e-06	5.580089283e-06	-6
3.86e-06	5.562768775e-06	-6
3.85e-06	5.545448267e-06	-6
3.84e-06	5.528127759e-06	-6
3.83e-06	5.510807251e-06	-6
3.82e-06	5.493486743e-06	-6
3.81e-06	5.476166235e-06	-6
3.8e-06	5.458845727e-06	-6
3.79e-06	5.441525219e-06	-6
3.78e-06	5.424204711e-06	-6
3.77e-06	5.406884203e-06	-6
3.76e-06	5.389563695e-06	-6
3.75e-06	5.372243186e-06	-6
3.74e-06	5.354922678e-06	-6
3.73e-06	5.33760217e-06	-6
3.72e-06	5.320281662e-06	-6
3.71e-06	5.302961154e-06	-6
3.7e-06	5.285640646e-06	-6
3.69e-06	5.268320138e-06	-6
3.68e-06	5.25099963e-06	-6
3.67e-06	5.233679122e-06	-6
3.66e-06	5.216358614e-06	-6
3.65e-06	5.199038106e-06	-6
3.64e-06	5.181717598e-06	-6
3.63e-06	5.16439709e-06	-6
3.62e-06	5.147076581e-06	-6
3.61e-06	5.129756073e-06	-6
3.6e-06	5.112435565e-06	-6
3.59e-06	5.095115057e-06	-6
3.58e-06	5.077794549e-06	-6
3.57e-06	5.060474041e-06	-6
3.56e-06	5.043153533e-06	-6
3.55e-06	5.025833025e-06	-6
3.54e-06	5.008512517e-06	-6
3.53e-06	4.991192009e-06	-6
3.52e-06	4.973871501e-06	-6
3.51e-06	4.956550993e-06	-6
3.5e-06	4.939230485e-06	-6
3.49e-06	4.921909976e-06	-6
3.48e-06	4.904589468e-06	-6
3.47e-06	4.88726896e-06	-6
3.46e-06	4.869948452e-06	-6
3.45e-06	4.852627944e-06	-6
3.44e-06	4.835307436e-06	-6
3.43e-06	4.817986928e-06	-6
3.42e-06	4.80066642e-06	-6
3.41e-06	4.783345912e-06	-6
3.4e-06	4.766025404e-06	-6
3.39e-06	4.748704896e-06	-6
3.38e-06	4.731384388e-06	-6
3.37e-06	4.71406388e-06	-6
3.36e-06	4.696743371e-06	-6
3.35e-06	4.679422863e-06	-6
3.34e-06	4.662102355e-06	-6
3.33e-06	4.644781847e-06	-6
3.32e-06	4.627461339e-06	-6
3.31e-06	4.610140831e-06	-6
3.3e-06	4.592820323e-06	-6
3.29e-06	4.575499815e-06	-6
3.28e-06	4.558179307e-06	-6
3.27e-06	4.540858799e-06	-6
3.26e-06	4.523538291e-06	-6
3.25e-06	4.506217783e-06	-6
3.24e-06	4.488897275e-06	-6
3.23e-06	4.471576766e-06	-6
3.22e-06	4.454256258e-06	-6
3.21e-06	4.43693575e-06	-6
3.2e-06	4.419615242e-06	-6
3.19e-06	4.402294734e-06	-6
3.18e-06	4.384974226e-06	-6
3.17e-06	4.367653718e-06	-6
3.16e-06	4.35033321e-06	-6
3.15e-06	4.333012702e-06	-6
3.14e-06	4.315692194e-06	-6
3.13e-06	4.298371686e-06	-6
3.12e-06	4.281051178e-06	-6
3.11e-06	4.26373067e-06	-6
3.1e-06	4.246410162e-06	-6
3.09e-06	4.229089653e-06	-6
3.08e-06	4.211769145e-06	-6
3.07e-06	4.194448637e-06	-6
3.06e-06	4.177128129e-06	-6
3.05e-06	4.159807621e-06	-6
3.04e-06	4.142487113e-06	-6
3.03e-06	4.125166605e-06	-6
3.02e-06	4.107846097e-06	-6
3.01e-06	4.090525589e-06	-6
3e-06	4.073205081e-06	-6
2.99e-06	4.055884573e-06	-6
2.98e-06	4.038564065e-06	-6
2.97e-06	4.021243557e-06	-6
2.96e-06	4.003923048e-06	-6
2.95e-06	3.98660254e-06	-6
2.94e-06	3.969282032e-06	-6
2.93e-06	3.951961524e-06	-6
2.92e-06	3.934641016e-06	-6
2.91e-06	3.917320508e-06	-6
2.9e-06	3.9e-06	-6
