# X_m	Y_m	V
6.079227965e-06	3.094420212e-06	6
6.079227965e-06	3.094420212e-06	6
6.079227965e-06	3.094420212e-06	6
6.079227965e-06	3.094420212e-06	6
6.079227965e-06	3.094420212e-06	6
6.079227965e-06	3.094420212e-06	6
6.079227965e-06	3.094420212e-06	6
6.079227965e-06	3.094420212e-06	6
6.079227965e-06	3.094420212e-06	6
6.079227965e-06	3.094420212e-06	6
6.079227965e-06	3.094420212e-06	6
6.075823099e-06	3.113730168e-06	6
6.072418233e-06	3.133040124e-06	6
6.069013367e-06	3.15235008e-06	6
6.0656085e-06	3.171660036e-06	6
6.062203634e-06	3.190969992e-06	6
6.058798768e-06	3.210279948e-06	6
6.055393902e-06	3.229589904e-06	6
6.051989036e-06	3.24889986e-06	6
6.048584169e-06	3.268209816e-06	6
6.045179303e-06	3.287519772e-06	6
6.041774437e-06	3.306829728e-06	6
6.038369571e-06	3.326139684e-06	6
6.034964704e-06	3.34544964e-06	6
6.031559838e-06	3.364759596e-06	6
6.028154972e-06	3.384069551e-06	6
6.024750106e-06	3.403379507e-06	6
6.021345239e-06	3.422689463e-06	6
6.017940373e-06	3.441999419e-06	6
6.014535507e-06	3.461309375e-06	6
6.011130641e-06	3.480619331e-06	6
6.007725775e-06	3.499929287e-06	6
6.004320908e-06	3.519239243e-06	6
6.000916042e-06	3.538549199e-06	6
5.997511176e-06	3.557859155e-06	6
5.99410631e-06	3.577169111e-06	6
5.990701443e-06	3.596479067e-06	6
5.987296577e-06	3.615789023e-06	6
5.983891711e-06	3.635098979e-06	6
5.980486845e-06	3.654408935e-06	6
5.977081978e-06	3.673718891e-06	6
5.973677112e-06	3.693028847e-06	6
5.970272246e-06	3.712338802e-06	6
5.96686738e-06	3.731648758e-06	6
5.963462514e-06	3.750958714e-06	6
5.960057647e-06	3.77026867e-06	6
5.956652781e-06	3.789578626e-06	6
5.953247915e-06	3.808888582e-06	6
5.949843049e-06	3.828198538e-06	6
5.946438182e-06	3.847508494e-06	6
5.943033316e-06	3.86681845e-06	6
5.93962845e-06	3.886128406e-06	6
5.936223584e-06	3.905438362e-06	6
5.932818718e-06	3.924748318e-06	6
5.929413851e-06	3.944058274e-06	6
5.926008985e-06	3.96336823e-06	6
5.922604119e-06	3.982678186e-06	6
5.919199253e-06	4.001988142e-06	6
5.915794386e-06	4.021298098e-06	6
5.91238952e-06	4.040608053e-06	6
5.908984654e-06	4.059918009e-06	6
5.905579788e-06	4.079227965e-06	6
5.905579788e-06	4.079227965e-06	-6
5.905579788e-06	4.079227965e-06	-6
5.905579788e-06	4.079227965e-06	-6
5.905579788e-06	4.079227965e-06	-6
5.905579788e-06	4.079227965e-06	-6
5.905579788e-06	4.079227965e-06	-6
5.905579788e-06	4.079227965e-06	-6
5.905579788e-06	4.079227965e-06	-6
5.905579788e-06	4.079227965e-06	-6
5.905579788e-06	4.079227965e-06	-6
5.905579788e-06	4.079227965e-06	-6
5.908984654e-06	4.059918009e-06	-6
5.91238952e-06	4.040608053e-06	-6
5.915794386e-06	4.021298098e-06	-6
5.919199253e-06	4.001988142e-06	-6
5.922604119e-06	3.982678186e-06	-6
5.926008985e-06	3.96336823e-06	-6
5.929413851e-06	3.944058274e-06	-6
5.932818718e-06	3.924748318e-06	-6
5.936223584e-06	3.905438362e-06	-6
5.93962845e-06	3.886128406e-06	-6
5.943033316e-06	3.86681845e-06	-6
5.946438182e-06	3.847508494e-06	-6
5.949843049e-06	3.828198538e-06	-6
5.953247915e-06	3.808888582e-06	-6
5.956652781e-06	3.789578626e-06	-6
5.960057647e-06	3.77026867e-06	-6
5.963462514e-06	3.750958714e-06	-6
5.96686738e-06	3.731648758e-06	-6
5.970272246e-06	3.712338802e-06	-6
5.973677112e-06	3.693028847e-06	-6
5.977081978e-06	3.673718891e-06	-6
5.980486845e-06	3.654408935e-06	-6
5.983891711e-06	3.635098979e-06	-6
5.987296577e-06	3.615789023e-06	-6
5.990701443e-06	3.596479067e-06	-6
5.99410631e-06	3.577169111e-06	-6
5.997511176e-06	3.557859155e-06	-6
6.000916042e-06	3.538549199e-06	-6
6.004320908e-06	3.519239243e-06	-6
6.007725775e-06	3.499929287e-06	-6
6.011130641e-06	3.480619331e-06	-6
6.014535507e-06	3.461309375e-06	-6
6.017940373e-06	3.441999419e-06	-6
6.021345239e-06	3.422689463e-06	-6
6.024750106e-06	3.403379507e-06	-6
6.028154972e-06	3.384069551e-06	-6
6.031559838e-06	3.364759596e-06	-6
6.034964704e-06	3.34544964e-06	-6
6.038369571e-06	3.326139684e-06	-6
6.041774437e-06	3.306829728e-06	-6
6.045179303e-06	3.287519772e-06	-6
6.048584169e-06	3.268209816e-06	-6
6.051989036e-06	3.24889986e-06	-6
6.055393902e-06	3.229589904e-06	-6
6.058798768e-06	3.210279948e-06	-6
6.062203634e-06	3.190969992e-06	-6
6.0656085e-06	3.171660036e-06	-6
6.069013367e-06	3.15235008e-06	-6
6.072418233e-06	3.133040124e-06	-6
6.075823099e-06	3.113730168e-06	-6
6.079227965e-06	3.094420212e-06	-6
6.079227965e-06	3.094420212e-06	0
6.05953181e-06	3.090947249e-06	0
6.039835655e-06	3.087474285e-06	0
6.0201395e-06	3.084001322e-06	0
6.000443345e-06	3.080528358e-06	0
5.98074719e-06	3.077055395e-06	0
5.98074719e-06	3.077055395e-06	6
5.98074719e-06	3.077055395e-06	6
5.98074719e-06	3.077055395e-06	6
5.98074719e-06	3.077055395e-06	6
5.98074719e-06	3.077055395e-06	6
5.98074719e-06	3.077055395e-06	6
5.98074719e-06	3.077055395e-06	6
5.98074719e-06	3.077055395e-06	6
5.98074719e-06	3.077055395e-06	6
5.98074719e-06	3.077055395e-06	6
5.98074719e-06	3.077055395e-06	6
5.977274226e-06	3.09675155e-06	6
5.973801263e-06	3.116447705e-06	6
5.970328299e-06	3.13614386e-06	6
5.966855336e-06	3.155840015e-06	6
5.963382372e-06	3.17553617e-06	6
5.959909409e-06	3.195232325e-06	6
5.956436445e-06	3.21492848e-06	6
5.952963482e-06	3.234624635e-06	6
5.949490518e-06	3.25432079e-06	6
5.946017555e-06	3.274016945e-06	6
5.942544591e-06	3.2937131e-06	6
5.939071627e-06	3.313409255e-06	6
5.935598664e-06	3.33310541e-06	6
5.9321257e-06	3.352801565e-06	6
5.928652737e-06	3.37249772e-06	6
5.925179773e-06	3.392193876e-06	6
5.92170681e-06	3.411890031e-06	6
5.918233846e-06	3.431586186e-06	6
5.914760883e-06	3.451282341e-06	6
5.911287919e-06	3.470978496e-06	6
5.907814955e-06	3.490674651e-06	6
5.904341992e-06	3.510370806e-06	6
5.900869028e-06	3.530066961e-06	6
5.897396065e-06	3.549763116e-06	6
5.893923101e-06	3.569459271e-06	6
5.890450138e-06	3.589155426e-06	6
5.886977174e-06	3.608851581e-06	6
5.883504211e-06	3.628547736e-06	6
5.880031247e-06	3.648243891e-06	6
5.876558283e-06	3.667940046e-06	6
5.87308532e-06	3.687636201e-06	6
5.869612356e-06	3.707332356e-06	6
5.866139393e-06	3.727028512e-06	6
5.862666429e-06	3.746724667e-06	6
5.859193466e-06	3.766420822e-06	6
5.855720502e-06	3.786116977e-06	6
5.852247539e-06	3.805813132e-06	6
5.848774575e-06	3.825509287e-06	6
5.845301611e-06	3.845205442e-06	6
5.841828648e-06	3.864901597e-06	6
5.838355684e-06	3.884597752e-06	6
5.834882721e-06	3.904293907e-06	6
5.831409757e-06	3.923990062e-06	6
5.827936794e-06	3.943686217e-06	6
5.82446383e-06	3.963382372e-06	6
5.820990867e-06	3.983078527e-06	6
5.817517903e-06	4.002774682e-06	6
5.814044939e-06	4.022470837e-06	6
5.810571976e-06	4.042166993e-06	6
5.807099012e-06	4.061863148e-06	6
5.807099012e-06	4.061863148e-06	-6
5.807099012e-06	4.061863148e-06	-6
5.807099012e-06	4.061863148e-06	-6
5.807099012e-06	4.061863148e-06	-6
5.807099012e-06	4.061863148e-06	-6
5.807099012e-06	4.061863148e-06	-6
5.807099012e-06	4.061863148e-06	-6
5.807099012e-06	4.061863148e-06	-6
5.807099012e-06	4.061863148e-06	-6
5.807099012e-06	4.061863148e-06	-6
5.807099012e-06	4.061863148e-06	-6
5.810571976e-06	4.042166993e-06	-6
5.814044939e-06	4.022470837e-06	-6
5.817517903e-06	4.002774682e-06	-6
5.820990867e-06	3.983078527e-06	-6
5.82446383e-06	3.963382372e-06	-6
5.827936794e-06	3.943686217e-06	-6
5.831409757e-06	3.923990062e-06	-6
5.834882721e-06	3.904293907e-06	-6
5.838355684e-06	3.884597752e-06	-6
5.841828648e-06	3.864901597e-06	-6
5.845301611e-06	3.845205442e-06	-6
5.848774575e-06	3.825509287e-06	-6
5.852247539e-06	3.805813132e-06	-6
5.855720502e-06	3.786116977e-06	-6
5.859193466e-06	3.766420822e-06	-6
5.862666429e-06	3.746724667e-06	-6
5.866139393e-06	3.727028512e-06	-6
5.869612356e-06	3.707332356e-06	-6
5.87308532e-06	3.687636201e-06	-6
5.876558283e-06	3.667940046e-06	-6
5.880031247e-06	3.648243891e-06	-6
5.883504211e-06	3.628547736e-06	-6
5.886977174e-06	3.608851581e-06	-6
5.890450138e-06	3.589155426e-06	-6
5.893923101e-06	3.569459271e-06	-6
5.897396065e-06	3.549763116e-06	-6
5.900869028e-06	3.530066961e-06	-6
5.904341992e-06	3.510370806e-06	-6
5.907814955e-06	3.490674651e-06	-6
5.911287919e-06	3.470978496e-06	-6
5.914760883e-06	3.451282341e-06	-6
5.918233846e-06	3.431586186e-06	-6
5.92170681e-06	3.411890031e-06	-6
5.925179773e-06	3.392193876e-06	-6
5.928652737e-06	3.37249772e-06	-6
5.9321257e-06	3.352801565e-06	-6
5.935598664e-06	3.33310541e-06	-6
5.939071627e-06	3.313409255e-06	-6
5.942544591e-06	3.2937131e-06	-6
5.946017555e-06	3.274016945e-06	-6
5.949490518e-06	3.25432079e-06	-6
5.952963482e-06	3.234624635e-06	-6
5.956436445e-06	3.21492848e-06	-6
5.959909409e-06	3.195232325e-06	-6
5.963382372e-06	3.17553617e-06	-6
5.966855336e-06	3.155840015e-06	-6
5.970328299e-06	3.13614386e-06	-6
5.973801263e-06	3.116447705e-06	-6
5.977274226e-06	3.09675155e-06	-6
5.98074719e-06	3.077055395e-06	-6
5.98074719e-06	3.077055395e-06	0
5.964333727e-06	3.074161258e-06	0
5.947920265e-06	3.071267122e-06	0
5.931506802e-06	3.068372986e-06	0
5.91509334e-06	3.065478849e-06	0
5.898679877e-06	3.062584713e-06	0
5.882266415e-06	3.059690577e-06	0
5.882266415e-06	3.059690577e-06	6
5.882266415e-06	3.059690577e-06	6
5.882266415e-06	3.059690577e-06	6
5.882266415e-06	3.059690577e-06	6
5.882266415e-06	3.059690577e-06	6
5.882266415e-06	3.059690577e-06	6
5.882266415e-06	3.059690577e-06	6
5.882266415e-06	3.059690577e-06	6
5.882266415e-06	3.059690577e-06	6
5.882266415e-06	3.059690577e-06	6
5.882266415e-06	3.059690577e-06	6
5.878793451e-06	3.079386732e-06	6
5.875320488e-06	3.099082887e-06	6
5.871847524e-06	3.118779042e-06	6
5.868374561e-06	3.138475197e-06	6
5.864901597e-06	3.158171352e-06	6
5.861428633e-06	3.177867507e-06	6
5.85795567e-06	3.197563662e-06	6
5.854482706e-06	3.217259817e-06	6
5.851009743e-06	3.236955972e-06	6
5.847536779e-06	3.256652127e-06	6
5.844063816e-06	3.276348282e-06	6
5.840590852e-06	3.296044438e-06	6
5.837117889e-06	3.315740593e-06	6
5.833644925e-06	3.335436748e-06	6
5.830171961e-06	3.355132903e-06	6
5.826698998e-06	3.374829058e-06	6
5.823226034e-06	3.394525213e-06	6
5.819753071e-06	3.414221368e-06	6
5.816280107e-06	3.433917523e-06	6
5.812807144e-06	3.453613678e-06	6
5.80933418e-06	3.473309833e-06	6
5.805861217e-06	3.493005988e-06	6
5.802388253e-06	3.512702143e-06	6
5.798915289e-06	3.532398298e-06	6
5.795442326e-06	3.552094453e-06	6
5.791969362e-06	3.571790608e-06	6
5.788496399e-06	3.591486763e-06	6
5.785023435e-06	3.611182918e-06	6
5.781550472e-06	3.630879074e-06	6
5.778077508e-06	3.650575229e-06	6
5.774604545e-06	3.670271384e-06	6
5.771131581e-06	3.689967539e-06	6
5.767658617e-06	3.709663694e-06	6
5.764185654e-06	3.729359849e-06	6
5.76071269e-06	3.749056004e-06	6
5.757239727e-06	3.768752159e-06	6
5.753766763e-06	3.788448314e-06	6
5.7502938e-06	3.808144469e-06	6
5.746820836e-06	3.827840624e-06	6
5.743347873e-06	3.847536779e-06	6
5.739874909e-06	3.867232934e-06	6
5.736401945e-06	3.886929089e-06	6
5.732928982e-06	3.906625244e-06	6
5.729456018e-06	3.926321399e-06	6
5.725983055e-06	3.946017555e-06	6
5.722510091e-06	3.96571371e-06	6
5.719037128e-06	3.985409865e-06	6
5.715564164e-06	4.00510602e-06	6
5.712091201e-06	4.024802175e-06	6
5.708618237e-06	4.04449833e-06	6
5.708618237e-06	4.04449833e-06	-6
5.708618237e-06	4.04449833e-06	-6
5.708618237e-06	4.04449833e-06	-6
5.708618237e-06	4.04449833e-06	-6
5.708618237e-06	4.04449833e-06	-6
5.708618237e-06	4.04449833e-06	-6
5.708618237e-06	4.04449833e-06	-6
5.708618237e-06	4.04449833e-06	-6
5.708618237e-06	4.04449833e-06	-6
5.708618237e-06	4.04449833e-06	-6
5.708618237e-06	4.04449833e-06	-6
5.712091201e-06	4.024802175e-06	-6
5.715564164e-06	4.00510602e-06	-6
5.719037128e-06	3.985409865e-06	-6
5.722510091e-06	3.96571371e-06	-6
5.725983055e-06	3.946017555e-06	-6
5.729456018e-06	3.926321399e-06	-6
5.732928982e-06	3.906625244e-06	-6
5.736401945e-06	3.886929089e-06	-6
5.739874909e-06	3.867232934e-06	-6
5.743347873e-06	3.847536779e-06	-6
5.746820836e-06	3.827840624e-06	-6
5.7502938e-06	3.808144469e-06	-6
5.753766763e-06	3.788448314e-06	-6
5.757239727e-06	3.768752159e-06	-6
5.76071269e-06	3.749056004e-06	-6
5.764185654e-06	3.729359849e-06	-6
5.767658617e-06	3.709663694e-06	-6
5.771131581e-06	3.689967539e-06	-6
5.774604545e-06	3.670271384e-06	-6
5.778077508e-06	3.650575229e-06	-6
5.781550472e-06	3.630879074e-06	-6
5.785023435e-06	3.611182918e-06	-6
5.788496399e-06	3.591486763e-06	-6
5.791969362e-06	3.571790608e-06	-6
5.795442326e-06	3.552094453e-06	-6
5.798915289e-06	3.532398298e-06	-6
5.802388253e-06	3.512702143e-06	-6
5.805861217e-06	3.493005988e-06	-6
5.80933418e-06	3.473309833e-06	-6
5.812807144e-06	3.453613678e-06	-6
5.816280107e-06	3.433917523e-06	-6
5.819753071e-06	3.414221368e-06	-6
5.823226034e-06	3.394525213e-06	-6
5.826698998e-06	3.374829058e-06	-6
5.830171961e-06	3.355132903e-06	-6
5.833644925e-06	3.335436748e-06	-6
5.837117889e-06	3.315740593e-06	-6
5.840590852e-06	3.296044438e-06	-6
5.844063816e-06	3.276348282e-06	-6
5.847536779e-06	3.256652127e-06	-6
5.851009743e-06	3.236955972e-06	-6
5.854482706e-06	3.217259817e-06	-6
5.85795567e-06	3.197563662e-06	-6
5.861428633e-06	3.177867507e-06	-6
5.864901597e-06	3.158171352e-06	-6
5.868374561e-06	3.138475197e-06	-6
5.871847524e-06	3.118779042e-06	-6
5.875320488e-06	3.099082887e-06	-6
5.878793451e-06	3.079386732e-06	-6
5.882266415e-06	3.059690577e-06	-6
5.882266415e-06	3.059690577e-06	0
5.865852952e-06	3.05679644e-06	0
5.84943949e-06	3.053902304e-06	0
5.833026027e-06	3.051008168e-06	0
5.816612565e-06	3.048114032e-06	0
5.800199102e-06	3.045219895e-06	0
5.783785639e-06	3.042325759e-06	0
5.783785639e-06	3.042325759e-06	6
5.783785639e-06	3.042325759e-06	6
5.783785639e-06	3.042325759e-06	6
5.783785639e-06	3.042325759e-06	6
5.783785639e-06	3.042325759e-06	6
5.783785639e-06	3.042325759e-06	6
5.783785639e-06	3.042325759e-06	6
5.783785639e-06	3.042325759e-06	6
5.783785639e-06	3.042325759e-06	6
5.783785639e-06	3.042325759e-06	6
5.783785639e-06	3.042325759e-06	6
5.780312676e-06	3.062021914e-06	6
5.776839712e-06	3.081718069e-06	6
5.773366749e-06	3.101414224e-06	6
5.769893785e-06	3.121110379e-06	6
5.766420822e-06	3.140806534e-06	6
5.762947858e-06	3.160502689e-06	6
5.759474895e-06	3.180198844e-06	6
5.756001931e-06	3.199895e-06	6
5.752528967e-06	3.219591155e-06	6
5.749056004e-06	3.23928731e-06	6
5.74558304e-06	3.258983465e-06	6
5.742110077e-06	3.27867962e-06	6
5.738637113e-06	3.298375775e-06	6
5.73516415e-06	3.31807193e-06	6
5.731691186e-06	3.337768085e-06	6
5.728218223e-06	3.35746424e-06	6
5.724745259e-06	3.377160395e-06	6
5.721272295e-06	3.39685655e-06	6
5.717799332e-06	3.416552705e-06	6
5.714326368e-06	3.43624886e-06	6
5.710853405e-06	3.455945015e-06	6
5.707380441e-06	3.47564117e-06	6
5.703907478e-06	3.495337325e-06	6
5.700434514e-06	3.51503348e-06	6
5.696961551e-06	3.534729636e-06	6
5.693488587e-06	3.554425791e-06	6
5.690015623e-06	3.574121946e-06	6
5.68654266e-06	3.593818101e-06	6
5.683069696e-06	3.613514256e-06	6
5.679596733e-06	3.633210411e-06	6
5.676123769e-06	3.652906566e-06	6
5.672650806e-06	3.672602721e-06	6
5.669177842e-06	3.692298876e-06	6
5.665704879e-06	3.711995031e-06	6
5.662231915e-06	3.731691186e-06	6
5.658758952e-06	3.751387341e-06	6
5.655285988e-06	3.771083496e-06	6
5.651813024e-06	3.790779651e-06	6
5.648340061e-06	3.810475806e-06	6
5.644867097e-06	3.830171961e-06	6
5.641394134e-06	3.849868116e-06	6
5.63792117e-06	3.869564272e-06	6
5.634448207e-06	3.889260427e-06	6
5.630975243e-06	3.908956582e-06	6
5.62750228e-06	3.928652737e-06	6
5.624029316e-06	3.948348892e-06	6
5.620556352e-06	3.968045047e-06	6
5.617083389e-06	3.987741202e-06	6
5.613610425e-06	4.007437357e-06	6
5.610137462e-06	4.027133512e-06	6
5.610137462e-06	4.027133512e-06	-6
5.610137462e-06	4.027133512e-06	-6
5.610137462e-06	4.027133512e-06	-6
5.610137462e-06	4.027133512e-06	-6
5.610137462e-06	4.027133512e-06	-6
5.610137462e-06	4.027133512e-06	-6
5.610137462e-06	4.027133512e-06	-6
5.610137462e-06	4.027133512e-06	-6
5.610137462e-06	4.027133512e-06	-6
5.610137462e-06	4.027133512e-06	-6
5.610137462e-06	4.027133512e-06	-6
5.613610425e-06	4.007437357e-06	-6
5.617083389e-06	3.987741202e-06	-6
5.620556352e-06	3.968045047e-06	-6
5.624029316e-06	3.948348892e-06	-6
5.62750228e-06	3.928652737e-06	-6
5.630975243e-06	3.908956582e-06	-6
5.634448207e-06	3.889260427e-06	-6
5.63792117e-06	3.869564272e-06	-6
5.641394134e-06	3.849868116e-06	-6
5.644867097e-06	3.830171961e-06	-6
5.648340061e-06	3.810475806e-06	-6
5.651813024e-06	3.790779651e-06	-6
5.655285988e-06	3.771083496e-06	-6
5.658758952e-06	3.751387341e-06	-6
5.662231915e-06	3.731691186e-06	-6
5.665704879e-06	3.711995031e-06	-6
5.669177842e-06	3.692298876e-06	-6
5.672650806e-06	3.672602721e-06	-6
5.676123769e-06	3.652906566e-06	-6
5.679596733e-06	3.633210411e-06	-6
5.683069696e-06	3.613514256e-06	-6
5.68654266e-06	3.593818101e-06	-6
5.690015623e-06	3.574121946e-06	-6
5.693488587e-06	3.554425791e-06	-6
5.696961551e-06	3.534729636e-06	-6
5.700434514e-06	3.51503348e-06	-6
5.703907478e-06	3.495337325e-06	-6
5.707380441e-06	3.47564117e-06	-6
5.710853405e-06	3.455945015e-06	-6
5.714326368e-06	3.43624886e-06	-6
5.717799332e-06	3.416552705e-06	-6
5.721272295e-06	3.39685655e-06	-6
5.724745259e-06	3.377160395e-06	-6
5.728218223e-06	3.35746424e-06	-6
5.731691186e-06	3.337768085e-06	-6
5.73516415e-06	3.31807193e-06	-6
5.738637113e-06	3.298375775e-06	-6
5.742110077e-06	3.27867962e-06	-6
5.74558304e-06	3.258983465e-06	-6
5.749056004e-06	3.23928731e-06	-6
5.752528967e-06	3.219591155e-06	-6
5.756001931e-06	3.199895e-06	-6
5.759474895e-06	3.180198844e-06	-6
5.762947858e-06	3.160502689e-06	-6
5.766420822e-06	3.140806534e-06	-6
5.769893785e-06	3.121110379e-06	-6
5.773366749e-06	3.101414224e-06	-6
5.776839712e-06	3.081718069e-06	-6
5.780312676e-06	3.062021914e-06	-6
5.783785639e-06	3.042325759e-06	-6
5.783785639e-06	3.042325759e-06	0
5.767372177e-06	3.039431623e-06	0
5.750958714e-06	3.036537486e-06	0
5.734545252e-06	3.03364335e-06	0
5.718131789e-06	3.030749214e-06	0
5.701718327e-06	3.027855078e-06	0
5.685304864e-06	3.024960941e-06	0
5.685304864e-06	3.024960941e-06	6
5.685304864e-06	3.024960941e-06	6
5.685304864e-06	3.024960941e-06	6
5.685304864e-06	3.024960941e-06	6
5.685304864e-06	3.024960941e-06	6
5.685304864e-06	3.024960941e-06	6
5.685304864e-06	3.024960941e-06	6
5.685304864e-06	3.024960941e-06	6
5.685304864e-06	3.024960941e-06	6
5.685304864e-06	3.024960941e-06	6
5.685304864e-06	3.024960941e-06	6
5.681831901e-06	3.044657096e-06	6
5.678358937e-06	3.064353251e-06	6
5.674885973e-06	3.084049406e-06	6
5.67141301e-06	3.103745562e-06	6
5.667940046e-06	3.123441717e-06	6
5.664467083e-06	3.143137872e-06	6
5.660994119e-06	3.162834027e-06	6
5.657521156e-06	3.182530182e-06	6
5.654048192e-06	3.202226337e-06	6
5.650575229e-06	3.221922492e-06	6
5.647102265e-06	3.241618647e-06	6
5.643629301e-06	3.261314802e-06	6
5.640156338e-06	3.281010957e-06	6
5.636683374e-06	3.300707112e-06	6
5.633210411e-06	3.320403267e-06	6
5.629737447e-06	3.340099422e-06	6
5.626264484e-06	3.359795577e-06	6
5.62279152e-06	3.379491732e-06	6
5.619318557e-06	3.399187887e-06	6
5.615845593e-06	3.418884042e-06	6
5.61237263e-06	3.438580198e-06	6
5.608899666e-06	3.458276353e-06	6
5.605426702e-06	3.477972508e-06	6
5.601953739e-06	3.497668663e-06	6
5.598480775e-06	3.517364818e-06	6
5.595007812e-06	3.537060973e-06	6
5.591534848e-06	3.556757128e-06	6
5.588061885e-06	3.576453283e-06	6
5.584588921e-06	3.596149438e-06	6
5.581115958e-06	3.615845593e-06	6
5.577642994e-06	3.635541748e-06	6
5.57417003e-06	3.655237903e-06	6
5.570697067e-06	3.674934058e-06	6
5.567224103e-06	3.694630213e-06	6
5.56375114e-06	3.714326368e-06	6
5.560278176e-06	3.734022523e-06	6
5.556805213e-06	3.753718678e-06	6
5.553332249e-06	3.773414834e-06	6
5.549859286e-06	3.793110989e-06	6
5.546386322e-06	3.812807144e-06	6
5.542913358e-06	3.832503299e-06	6
5.539440395e-06	3.852199454e-06	6
5.535967431e-06	3.871895609e-06	6
5.532494468e-06	3.891591764e-06	6
5.529021504e-06	3.911287919e-06	6
5.525548541e-06	3.930984074e-06	6
5.522075577e-06	3.950680229e-06	6
5.518602614e-06	3.970376384e-06	6
5.51512965e-06	3.990072539e-06	6
5.511656686e-06	4.009768694e-06	6
5.511656686e-06	4.009768694e-06	-6
5.511656686e-06	4.009768694e-06	-6
5.511656686e-06	4.009768694e-06	-6
5.511656686e-06	4.009768694e-06	-6
5.511656686e-06	4.009768694e-06	-6
5.511656686e-06	4.009768694e-06	-6
5.511656686e-06	4.009768694e-06	-6
5.511656686e-06	4.009768694e-06	-6
5.511656686e-06	4.009768694e-06	-6
5.511656686e-06	4.009768694e-06	-6
5.511656686e-06	4.009768694e-06	-6
5.51512965e-06	3.990072539e-06	-6
5.518602614e-06	3.970376384e-06	-6
5.522075577e-06	3.950680229e-06	-6
5.525548541e-06	3.930984074e-06	-6
5.529021504e-06	3.911287919e-06	-6
5.532494468e-06	3.891591764e-06	-6
5.535967431e-06	3.871895609e-06	-6
5.539440395e-06	3.852199454e-06	-6
5.542913358e-06	3.832503299e-06	-6
5.546386322e-06	3.812807144e-06	-6
5.549859286e-06	3.793110989e-06	-6
5.553332249e-06	3.773414834e-06	-6
5.556805213e-06	3.753718678e-06	-6
5.560278176e-06	3.734022523e-06	-6
5.56375114e-06	3.714326368e-06	-6
5.567224103e-06	3.694630213e-06	-6
5.570697067e-06	3.674934058e-06	-6
5.57417003e-06	3.655237903e-06	-6
5.577642994e-06	3.635541748e-06	-6
5.581115958e-06	3.615845593e-06	-6
5.584588921e-06	3.596149438e-06	-6
5.588061885e-06	3.576453283e-06	-6
5.591534848e-06	3.556757128e-06	-6
5.595007812e-06	3.537060973e-06	-6
5.598480775e-06	3.517364818e-06	-6
5.601953739e-06	3.497668663e-06	-6
5.605426702e-06	3.477972508e-06	-6
5.608899666e-06	3.458276353e-06	-6
5.61237263e-06	3.438580198e-06	-6
5.615845593e-06	3.418884042e-06	-6
5.619318557e-06	3.399187887e-06	-6
5.62279152e-06	3.379491732e-06	-6
5.626264484e-06	3.359795577e-06	-6
5.629737447e-06	3.340099422e-06	-6
5.633210411e-06	3.320403267e-06	-6
5.636683374e-06	3.300707112e-06	-6
5.640156338e-06	3.281010957e-06	-6
5.643629301e-06	3.261314802e-06	-6
5.647102265e-06	3.241618647e-06	-6
5.650575229e-06	3.221922492e-06	-6
5.654048192e-06	3.202226337e-06	-6
5.657521156e-06	3.182530182e-06	-6
5.660994119e-06	3.162834027e-06	-6
5.664467083e-06	3.143137872e-06	-6
5.667940046e-06	3.123441717e-06	-6
5.67141301e-06	3.103745562e-06	-6
5.674885973e-06	3.084049406e-06	-6
5.678358937e-06	3.064353251e-06	-6
5.681831901e-06	3.044657096e-06	-6
5.685304864e-06	3.024960941e-06	-6
5.685304864e-06	3.024960941e-06	0
5.668891402e-06	3.022066805e-06	0
5.652477939e-06	3.019172669e-06	0
5.636064476e-06	3.016278532e-06	0
5.619651014e-06	3.013384396e-06	0
5.603237551e-06	3.01049026e-06	0
5.586824089e-06	3.007596123e-06	0
5.586824089e-06	3.007596123e-06	6
5.586824089e-06	3.007596123e-06	6
5.586824089e-06	3.007596123e-06	6
5.586824089e-06	3.007596123e-06	6
5.586824089e-06	3.007596123e-06	6
5.586824089e-06	3.007596123e-06	6
5.586824089e-06	3.007596123e-06	6
5.586824089e-06	3.007596123e-06	6
5.586824089e-06	3.007596123e-06	6
5.586824089e-06	3.007596123e-06	6
5.586824089e-06	3.007596123e-06	6
5.583351125e-06	3.027292279e-06	6
5.579878162e-06	3.046988434e-06	6
5.576405198e-06	3.066684589e-06	6
5.572932235e-06	3.086380744e-06	6
5.569459271e-06	3.106076899e-06	6
5.565986308e-06	3.125773054e-06	6
5.562513344e-06	3.145469209e-06	6
5.55904038e-06	3.165165364e-06	6
5.555567417e-06	3.184861519e-06	6
5.552094453e-06	3.204557674e-06	6
5.54862149e-06	3.224253829e-06	6
5.545148526e-06	3.243949984e-06	6
5.541675563e-06	3.263646139e-06	6
5.538202599e-06	3.283342294e-06	6
5.534729636e-06	3.303038449e-06	6
5.531256672e-06	3.322734604e-06	6
5.527783708e-06	3.34243076e-06	6
5.524310745e-06	3.362126915e-06	6
5.520837781e-06	3.38182307e-06	6
5.517364818e-06	3.401519225e-06	6
5.513891854e-06	3.42121538e-06	6
5.510418891e-06	3.440911535e-06	6
5.506945927e-06	3.46060769e-06	6
5.503472964e-06	3.480303845e-06	6
5.5e-06	3.5e-06	6
5.496527036e-06	3.519696155e-06	6
5.493054073e-06	3.53939231e-06	6
5.489581109e-06	3.559088465e-06	6
5.486108146e-06	3.57878462e-06	6
5.482635182e-06	3.598480775e-06	6
5.479162219e-06	3.61817693e-06	6
5.475689255e-06	3.637873085e-06	6
5.472216292e-06	3.65756924e-06	6
5.468743328e-06	3.677265396e-06	6
5.465270364e-06	3.696961551e-06	6
5.461797401e-06	3.716657706e-06	6
5.458324437e-06	3.736353861e-06	6
5.454851474e-06	3.756050016e-06	6
5.45137851e-06	3.775746171e-06	6
5.447905547e-06	3.795442326e-06	6
5.444432583e-06	3.815138481e-06	6
5.44095962e-06	3.834834636e-06	6
5.437486656e-06	3.854530791e-06	6
5.434013692e-06	3.874226946e-06	6
5.430540729e-06	3.893923101e-06	6
5.427067765e-06	3.913619256e-06	6
5.423594802e-06	3.933315411e-06	6
5.420121838e-06	3.953011566e-06	6
5.416648875e-06	3.972707721e-06	6
5.413175911e-06	3.992403877e-06	6
5.413175911e-06	3.992403877e-06	-6
5.413175911e-06	3.992403877e-06	-6
5.413175911e-06	3.992403877e-06	-6
5.413175911e-06	3.992403877e-06	-6
5.413175911e-06	3.992403877e-06	-6
5.413175911e-06	3.992403877e-06	-6
5.413175911e-06	3.992403877e-06	-6
5.413175911e-06	3.992403877e-06	-6
5.413175911e-06	3.992403877e-06	-6
5.413175911e-06	3.992403877e-06	-6
5.413175911e-06	3.992403877e-06	-6
5.416648875e-06	3.972707721e-06	-6
5.420121838e-06	3.953011566e-06	-6
5.423594802e-06	3.933315411e-06	-6
5.427067765e-06	3.913619256e-06	-6
5.430540729e-06	3.893923101e-06	-6
5.434013692e-06	3.874226946e-06	-6
5.437486656e-06	3.854530791e-06	-6
5.44095962e-06	3.834834636e-06	-6
5.444432583e-06	3.815138481e-06	-6
5.447905547e-06	3.795442326e-06	-6
5.45137851e-06	3.775746171e-06	-6
5.454851474e-06	3.756050016e-06	-6
5.458324437e-06	3.736353861e-06	-6
5.461797401e-06	3.716657706e-06	-6
5.465270364e-06	3.696961551e-06	-6
5.468743328e-06	3.677265396e-06	-6
5.472216292e-06	3.65756924e-06	-6
5.475689255e-06	3.637873085e-06	-6
5.479162219e-06	3.61817693e-06	-6
5.482635182e-06	3.598480775e-06	-6
5.486108146e-06	3.57878462e-06	-6
5.489581109e-06	3.559088465e-06	-6
5.493054073e-06	3.53939231e-06	-6
5.496527036e-06	3.519696155e-06	-6
5.5e-06	3.5e-06	-6
5.503472964e-06	3.480303845e-06	-6
5.506945927e-06	3.46060769e-06	-6
5.510418891e-06	3.440911535e-06	-6
5.513891854e-06	3.42121538e-06	-6
5.517364818e-06	3.401519225e-06	-6
5.520837781e-06	3.38182307e-06	-6
5.524310745e-06	3.362126915e-06	-6
5.527783708e-06	3.34243076e-06	-6
5.531256672e-06	3.322734604e-06	-6
5.534729636e-06	3.303038449e-06	-6
5.538202599e-06	3.283342294e-06	-6
5.541675563e-06	3.263646139e-06	-6
5.545148526e-06	3.243949984e-06	-6
5.54862149e-06	3.224253829e-06	-6
5.552094453e-06	3.204557674e-06	-6
5.555567417e-06	3.184861519e-06	-6
5.55904038e-06	3.165165364e-06	-6
5.562513344e-06	3.145469209e-06	-6
5.565986308e-06	3.125773054e-06	-6
5.569459271e-06	3.106076899e-06	-6
5.572932235e-06	3.086380744e-06	-6
5.576405198e-06	3.066684589e-06	-6
5.579878162e-06	3.046988434e-06	-6
5.583351125e-06	3.027292279e-06	-6
5.586824089e-06	3.007596123e-06	-6
5.586824089e-06	3.007596123e-06	0
5.570410626e-06	3.004701987e-06	0
5.553997164e-06	3.001807851e-06	0
5.537583701e-06	2.998913715e-06	0
5.521170239e-06	2.996019578e-06	0
5.504756776e-06	2.993125442e-06	0
5.488343314e-06	2.990231306e-06	0
5.488343314e-06	2.990231306e-06	6
5.488343314e-06	2.990231306e-06	6
5.488343314e-06	2.990231306e-06	6
5.488343314e-06	2.990231306e-06	6
5.488343314e-06	2.990231306e-06	6
5.488343314e-06	2.990231306e-06	6
5.488343314e-06	2.990231306e-06	6
5.488343314e-06	2.990231306e-06	6
5.488343314e-06	2.990231306e-06	6
5.488343314e-06	2.990231306e-06	6
5.488343314e-06	2.990231306e-06	6
5.48487035e-06	3.009927461e-06	6
5.481397386e-06	3.029623616e-06	6
5.477924423e-06	3.049319771e-06	6
5.474451459e-06	3.069015926e-06	6
5.470978496e-06	3.088712081e-06	6
5.467505532e-06	3.108408236e-06	6
5.464032569e-06	3.128104391e-06	6
5.460559605e-06	3.147800546e-06	6
5.457086642e-06	3.167496701e-06	6
5.453613678e-06	3.187192856e-06	6
5.450140714e-06	3.206889011e-06	6
5.446667751e-06	3.226585166e-06	6
5.443194787e-06	3.246281322e-06	6
5.439721824e-06	3.265977477e-06	6
5.43624886e-06	3.285673632e-06	6
5.432775897e-06	3.305369787e-06	6
5.429302933e-06	3.325065942e-06	6
5.42582997e-06	3.344762097e-06	6
5.422357006e-06	3.364458252e-06	6
5.418884042e-06	3.384154407e-06	6
5.415411079e-06	3.403850562e-06	6
5.411938115e-06	3.423546717e-06	6
5.408465152e-06	3.443242872e-06	6
5.404992188e-06	3.462939027e-06	6
5.401519225e-06	3.482635182e-06	6
5.398046261e-06	3.502331337e-06	6
5.394573298e-06	3.522027492e-06	6
5.391100334e-06	3.541723647e-06	6
5.38762737e-06	3.561419802e-06	6
5.384154407e-06	3.581115958e-06	6
5.380681443e-06	3.600812113e-06	6
5.37720848e-06	3.620508268e-06	6
5.373735516e-06	3.640204423e-06	6
5.370262553e-06	3.659900578e-06	6
5.366789589e-06	3.679596733e-06	6
5.363316626e-06	3.699292888e-06	6
5.359843662e-06	3.718989043e-06	6
5.356370699e-06	3.738685198e-06	6
5.352897735e-06	3.758381353e-06	6
5.349424771e-06	3.778077508e-06	6
5.345951808e-06	3.797773663e-06	6
5.342478844e-06	3.817469818e-06	6
5.339005881e-06	3.837165973e-06	6
5.335532917e-06	3.856862128e-06	6
5.332059954e-06	3.876558283e-06	6
5.32858699e-06	3.896254438e-06	6
5.325114027e-06	3.915950594e-06	6
5.321641063e-06	3.935646749e-06	6
5.318168099e-06	3.955342904e-06	6
5.314695136e-06	3.975039059e-06	6
5.314695136e-06	3.975039059e-06	-6
5.314695136e-06	3.975039059e-06	-6
5.314695136e-06	3.975039059e-06	-6
5.314695136e-06	3.975039059e-06	-6
5.314695136e-06	3.975039059e-06	-6
5.314695136e-06	3.975039059e-06	-6
5.314695136e-06	3.975039059e-06	-6
5.314695136e-06	3.975039059e-06	-6
5.314695136e-06	3.975039059e-06	-6
5.314695136e-06	3.975039059e-06	-6
5.314695136e-06	3.975039059e-06	-6
5.318168099e-06	3.955342904e-06	-6
5.321641063e-06	3.935646749e-06	-6
5.325114027e-06	3.915950594e-06	-6
5.32858699e-06	3.896254438e-06	-6
5.332059954e-06	3.876558283e-06	-6
5.335532917e-06	3.856862128e-06	-6
5.339005881e-06	3.837165973e-06	-6
5.342478844e-06	3.817469818e-06	-6
5.345951808e-06	3.797773663e-06	-6
5.349424771e-06	3.778077508e-06	-6
5.352897735e-06	3.758381353e-06	-6
5.356370699e-06	3.738685198e-06	-6
5.359843662e-06	3.718989043e-06	-6
5.363316626e-06	3.699292888e-06	-6
5.366789589e-06	3.679596733e-06	-6
5.370262553e-06	3.659900578e-06	-6
5.373735516e-06	3.640204423e-06	-6
5.37720848e-06	3.620508268e-06	-6
5.380681443e-06	3.600812113e-06	-6
5.384154407e-06	3.581115958e-06	-6
5.38762737e-06	3.561419802e-06	-6
5.391100334e-06	3.541723647e-06	-6
5.394573298e-06	3.522027492e-06	-6
5.398046261e-06	3.502331337e-06	-6
5.401519225e-06	3.482635182e-06	-6
5.404992188e-06	3.462939027e-06	-6
5.408465152e-06	3.443242872e-06	-6
5.411938115e-06	3.423546717e-06	-6
5.415411079e-06	3.403850562e-06	-6
5.418884042e-06	3.384154407e-06	-6
5.422357006e-06	3.364458252e-06	-6
5.42582997e-06	3.344762097e-06	-6
5.429302933e-06	3.325065942e-06	-6
5.432775897e-06	3.305369787e-06	-6
5.43624886e-06	3.285673632e-06	-6
5.439721824e-06	3.265977477e-06	-6
5.443194787e-06	3.246281322e-06	-6
5.446667751e-06	3.226585166e-06	-6
5.450140714e-06	3.206889011e-06	-6
5.453613678e-06	3.187192856e-06	-6
5.457086642e-06	3.167496701e-06	-6
5.460559605e-06	3.147800546e-06	-6
5.464032569e-06	3.128104391e-06	-6
5.467505532e-06	3.108408236e-06	-6
5.470978496e-06	3.088712081e-06	-6
5.474451459e-06	3.069015926e-06	-6
5.477924423e-06	3.049319771e-06	-6
5.481397386e-06	3.029623616e-06	-6
5.48487035e-06	3.009927461e-06	-6
5.488343314e-06	2.990231306e-06	-6
5.488343314e-06	2.990231306e-06	0
5.471929851e-06	2.987337169e-06	0
5.455516388e-06	2.984443033e-06	0
5.439102926e-06	2.981548897e-06	0
5.422689463e-06	2.978654761e-06	0
5.406276001e-06	2.975760624e-06	0
5.389862538e-06	2.972866488e-06	0
5.389862538e-06	2.972866488e-06	6
5.389862538e-06	2.972866488e-06	6
5.389862538e-06	2.972866488e-06	6
5.389862538e-06	2.972866488e-06	6
5.389862538e-06	2.972866488e-06	6
5.389862538e-06	2.972866488e-06	6
5.389862538e-06	2.972866488e-06	6
5.389862538e-06	2.972866488e-06	6
5.389862538e-06	2.972866488e-06	6
5.389862538e-06	2.972866488e-06	6
5.389862538e-06	2.972866488e-06	6
5.386389575e-06	2.992562643e-06	6
5.382916611e-06	3.012258798e-06	6
5.379443648e-06	3.031954953e-06	6
5.375970684e-06	3.051651108e-06	6
5.37249772e-06	3.071347263e-06	6
5.369024757e-06	3.091043418e-06	6
5.365551793e-06	3.110739573e-06	6
5.36207883e-06	3.130435728e-06	6
5.358605866e-06	3.150131884e-06	6
5.355132903e-06	3.169828039e-06	6
5.351659939e-06	3.189524194e-06	6
5.348186976e-06	3.209220349e-06	6
5.344714012e-06	3.228916504e-06	6
5.341241048e-06	3.248612659e-06	6
5.337768085e-06	3.268308814e-06	6
5.334295121e-06	3.288004969e-06	6
5.330822158e-06	3.307701124e-06	6
5.327349194e-06	3.327397279e-06	6
5.323876231e-06	3.347093434e-06	6
5.320403267e-06	3.366789589e-06	6
5.316930304e-06	3.386485744e-06	6
5.31345734e-06	3.406181899e-06	6
5.309984377e-06	3.425878054e-06	6
5.306511413e-06	3.445574209e-06	6
5.303038449e-06	3.465270364e-06	6
5.299565486e-06	3.48496652e-06	6
5.296092522e-06	3.504662675e-06	6
5.292619559e-06	3.52435883e-06	6
5.289146595e-06	3.544054985e-06	6
5.285673632e-06	3.56375114e-06	6
5.282200668e-06	3.583447295e-06	6
5.278727705e-06	3.60314345e-06	6
5.275254741e-06	3.622839605e-06	6
5.271781777e-06	3.64253576e-06	6
5.268308814e-06	3.662231915e-06	6
5.26483585e-06	3.68192807e-06	6
5.261362887e-06	3.701624225e-06	6
5.257889923e-06	3.72132038e-06	6
5.25441696e-06	3.741016535e-06	6
5.250943996e-06	3.76071269e-06	6
5.247471033e-06	3.780408845e-06	6
5.243998069e-06	3.800105e-06	6
5.240525105e-06	3.819801156e-06	6
5.237052142e-06	3.839497311e-06	6
5.233579178e-06	3.859193466e-06	6
5.230106215e-06	3.878889621e-06	6
5.226633251e-06	3.898585776e-06	6
5.223160288e-06	3.918281931e-06	6
5.219687324e-06	3.937978086e-06	6
5.216214361e-06	3.957674241e-06	6
5.216214361e-06	3.957674241e-06	-6
5.216214361e-06	3.957674241e-06	-6
5.216214361e-06	3.957674241e-06	-6
5.216214361e-06	3.957674241e-06	-6
5.216214361e-06	3.957674241e-06	-6
5.216214361e-06	3.957674241e-06	-6
5.216214361e-06	3.957674241e-06	-6
5.216214361e-06	3.957674241e-06	-6
5.216214361e-06	3.957674241e-06	-6
5.216214361e-06	3.957674241e-06	-6
5.216214361e-06	3.957674241e-06	-6
5.219687324e-06	3.937978086e-06	-6
5.223160288e-06	3.918281931e-06	-6
5.226633251e-06	3.898585776e-06	-6
5.230106215e-06	3.878889621e-06	-6
5.233579178e-06	3.859193466e-06	-6
5.237052142e-06	3.839497311e-06	-6
5.240525105e-06	3.819801156e-06	-6
5.243998069e-06	3.800105e-06	-6
5.247471033e-06	3.780408845e-06	-6
5.250943996e-06	3.76071269e-06	-6
5.25441696e-06	3.741016535e-06	-6
5.257889923e-06	3.72132038e-06	-6
5.261362887e-06	3.701624225e-06	-6
5.26483585e-06	3.68192807e-06	-6
5.268308814e-06	3.662231915e-06	-6
5.271781777e-06	3.64253576e-06	-6
5.275254741e-06	3.622839605e-06	-6
5.278727705e-06	3.60314345e-06	-6
5.282200668e-06	3.583447295e-06	-6
5.285673632e-06	3.56375114e-06	-6
5.289146595e-06	3.544054985e-06	-6
5.292619559e-06	3.52435883e-06	-6
5.296092522e-06	3.504662675e-06	-6
5.299565486e-06	3.48496652e-06	-6
5.303038449e-06	3.465270364e-06	-6
5.306511413e-06	3.445574209e-06	-6
5.309984377e-06	3.425878054e-06	-6
5.31345734e-06	3.406181899e-06	-6
5.316930304e-06	3.386485744e-06	-6
5.320403267e-06	3.366789589e-06	-6
5.323876231e-06	3.347093434e-06	-6
5.327349194e-06	3.327397279e-06	-6
5.330822158e-06	3.307701124e-06	-6
5.334295121e-06	3.288004969e-06	-6
5.337768085e-06	3.268308814e-06	-6
5.341241048e-06	3.248612659e-06	-6
5.344714012e-06	3.228916504e-06	-6
5.348186976e-06	3.209220349e-06	-6
5.351659939e-06	3.189524194e-06	-6
5.355132903e-06	3.169828039e-06	-6
5.358605866e-06	3.150131884e-06	-6
5.36207883e-06	3.130435728e-06	-6
5.365551793e-06	3.110739573e-06	-6
5.369024757e-06	3.091043418e-06	-6
5.37249772e-06	3.071347263e-06	-6
5.375970684e-06	3.051651108e-06	-6
5.379443648e-06	3.031954953e-06	-6
5.382916611e-06	3.012258798e-06	-6
5.386389575e-06	2.992562643e-06	-6
5.389862538e-06	2.972866488e-06	-6
5.389862538e-06	2.972866488e-06	0
5.373449076e-06	2.969972352e-06	0
5.357035613e-06	2.967078215e-06	0
5.340622151e-06	2.964184079e-06	0
5.324208688e-06	2.961289943e-06	0
5.307795225e-06	2.958395806e-06	0
5.291381763e-06	2.95550167e-06	0
5.291381763e-06	2.95550167e-06	6
5.291381763e-06	2.95550167e-06	6
5.291381763e-06	2.95550167e-06	6
5.291381763e-06	2.95550167e-06	6
5.291381763e-06	2.95550167e-06	6
5.291381763e-06	2.95550167e-06	6
5.291381763e-06	2.95550167e-06	6
5.291381763e-06	2.95550167e-06	6
5.291381763e-06	2.95550167e-06	6
5.291381763e-06	2.95550167e-06	6
5.291381763e-06	2.95550167e-06	6
5.287908799e-06	2.975197825e-06	6
5.284435836e-06	2.99489398e-06	6
5.280962872e-06	3.014590135e-06	6
5.277489909e-06	3.03428629e-06	6
5.274016945e-06	3.053982445e-06	6
5.270543982e-06	3.073678601e-06	6
5.267071018e-06	3.093374756e-06	6
5.263598055e-06	3.113070911e-06	6
5.260125091e-06	3.132767066e-06	6
5.256652127e-06	3.152463221e-06	6
5.253179164e-06	3.172159376e-06	6
5.2497062e-06	3.191855531e-06	6
5.246233237e-06	3.211551686e-06	6
5.242760273e-06	3.231247841e-06	6
5.23928731e-06	3.250943996e-06	6
5.235814346e-06	3.270640151e-06	6
5.232341383e-06	3.290336306e-06	6
5.228868419e-06	3.310032461e-06	6
5.225395455e-06	3.329728616e-06	6
5.221922492e-06	3.349424771e-06	6
5.218449528e-06	3.369120926e-06	6
5.214976565e-06	3.388817082e-06	6
5.211503601e-06	3.408513237e-06	6
5.208030638e-06	3.428209392e-06	6
5.204557674e-06	3.447905547e-06	6
5.201084711e-06	3.467601702e-06	6
5.197611747e-06	3.487297857e-06	6
5.194138783e-06	3.506994012e-06	6
5.19066582e-06	3.526690167e-06	6
5.187192856e-06	3.546386322e-06	6
5.183719893e-06	3.566082477e-06	6
5.180246929e-06	3.585778632e-06	6
5.176773966e-06	3.605474787e-06	6
5.173301002e-06	3.625170942e-06	6
5.169828039e-06	3.644867097e-06	6
5.166355075e-06	3.664563252e-06	6
5.162882111e-06	3.684259407e-06	6
5.159409148e-06	3.703955562e-06	6
5.155936184e-06	3.723651718e-06	6
5.152463221e-06	3.743347873e-06	6
5.148990257e-06	3.763044028e-06	6
5.145517294e-06	3.782740183e-06	6
5.14204433e-06	3.802436338e-06	6
5.138571367e-06	3.822132493e-06	6
5.135098403e-06	3.841828648e-06	6
5.131625439e-06	3.861524803e-06	6
5.128152476e-06	3.881220958e-06	6
5.124679512e-06	3.900917113e-06	6
5.121206549e-06	3.920613268e-06	6
5.117733585e-06	3.940309423e-06	6
5.117733585e-06	3.940309423e-06	-6
5.117733585e-06	3.940309423e-06	-6
5.117733585e-06	3.940309423e-06	-6
5.117733585e-06	3.940309423e-06	-6
5.117733585e-06	3.940309423e-06	-6
5.117733585e-06	3.940309423e-06	-6
5.117733585e-06	3.940309423e-06	-6
5.117733585e-06	3.940309423e-06	-6
5.117733585e-06	3.940309423e-06	-6
5.117733585e-06	3.940309423e-06	-6
5.117733585e-06	3.940309423e-06	-6
5.121206549e-06	3.920613268e-06	-6
5.124679512e-06	3.900917113e-06	-6
5.128152476e-06	3.881220958e-06	-6
5.131625439e-06	3.861524803e-06	-6
5.135098403e-06	3.841828648e-06	-6
5.138571367e-06	3.822132493e-06	-6
5.14204433e-06	3.802436338e-06	-6
5.145517294e-06	3.782740183e-06	-6
5.148990257e-06	3.763044028e-06	-6
5.152463221e-06	3.743347873e-06	-6
5.155936184e-06	3.723651718e-06	-6
5.159409148e-06	3.703955562e-06	-6
5.162882111e-06	3.684259407e-06	-6
5.166355075e-06	3.664563252e-06	-6
5.169828039e-06	3.644867097e-06	-6
5.173301002e-06	3.625170942e-06	-6
5.176773966e-06	3.605474787e-06	-6
5.180246929e-06	3.585778632e-06	-6
5.183719893e-06	3.566082477e-06	-6
5.187192856e-06	3.546386322e-06	-6
5.19066582e-06	3.526690167e-06	-6
5.194138783e-06	3.506994012e-06	-6
5.197611747e-06	3.487297857e-06	-6
5.201084711e-06	3.467601702e-06	-6
5.204557674e-06	3.447905547e-06	-6
5.208030638e-06	3.428209392e-06	-6
5.211503601e-06	3.408513237e-06	-6
5.214976565e-06	3.388817082e-06	-6
5.218449528e-06	3.369120926e-06	-6
5.221922492e-06	3.349424771e-06	-6
5.225395455e-06	3.329728616e-06	-6
5.228868419e-06	3.310032461e-06	-6
5.232341383e-06	3.290336306e-06	-6
5.235814346e-06	3.270640151e-06	-6
5.23928731e-06	3.250943996e-06	-6
5.242760273e-06	3.231247841e-06	-6
5.246233237e-06	3.211551686e-06	-6
5.2497062e-06	3.191855531e-06	-6
5.253179164e-06	3.172159376e-06	-6
5.256652127e-06	3.152463221e-06	-6
5.260125091e-06	3.132767066e-06	-6
5.263598055e-06	3.113070911e-06	-6
5.267071018e-06	3.093374756e-06	-6
5.270543982e-06	3.073678601e-06	-6
5.274016945e-06	3.053982445e-06	-6
5.277489909e-06	3.03428629e-06	-6
5.280962872e-06	3.014590135e-06	-6
5.284435836e-06	2.99489398e-06	-6
5.287908799e-06	2.975197825e-06	-6
5.291381763e-06	2.95550167e-06	-6
5.291381763e-06	2.95550167e-06	0
5.2749683e-06	2.952607534e-06	0
5.258554838e-06	2.949713398e-06	0
5.242141375e-06	2.946819261e-06	0
5.225727913e-06	2.943925125e-06	0
5.20931445e-06	2.941030989e-06	0
5.192900988e-06	2.938136852e-06	0
5.192900988e-06	2.938136852e-06	6
5.192900988e-06	2.938136852e-06	6
5.192900988e-06	2.938136852e-06	6
5.192900988e-06	2.938136852e-06	6
5.192900988e-06	2.938136852e-06	6
5.192900988e-06	2.938136852e-06	6
5.192900988e-06	2.938136852e-06	6
5.192900988e-06	2.938136852e-06	6
5.192900988e-06	2.938136852e-06	6
5.192900988e-06	2.938136852e-06	6
5.192900988e-06	2.938136852e-06	6
5.189428024e-06	2.957833007e-06	6
5.185955061e-06	2.977529163e-06	6
5.182482097e-06	2.997225318e-06	6
5.179009133e-06	3.016921473e-06	6
5.17553617e-06	3.036617628e-06	6
5.172063206e-06	3.056313783e-06	6
5.168590243e-06	3.076009938e-06	6
5.165117279e-06	3.095706093e-06	6
5.161644316e-06	3.115402248e-06	6
5.158171352e-06	3.135098403e-06	6
5.154698389e-06	3.154794558e-06	6
5.151225425e-06	3.174490713e-06	6
5.147752461e-06	3.194186868e-06	6
5.144279498e-06	3.213883023e-06	6
5.140806534e-06	3.233579178e-06	6
5.137333571e-06	3.253275333e-06	6
5.133860607e-06	3.272971488e-06	6
5.130387644e-06	3.292667644e-06	6
5.12691468e-06	3.312363799e-06	6
5.123441717e-06	3.332059954e-06	6
5.119968753e-06	3.351756109e-06	6
5.116495789e-06	3.371452264e-06	6
5.113022826e-06	3.391148419e-06	6
5.109549862e-06	3.410844574e-06	6
5.106076899e-06	3.430540729e-06	6
5.102603935e-06	3.450236884e-06	6
5.099130972e-06	3.469933039e-06	6
5.095658008e-06	3.489629194e-06	6
5.092185045e-06	3.509325349e-06	6
5.088712081e-06	3.529021504e-06	6
5.085239117e-06	3.548717659e-06	6
5.081766154e-06	3.568413814e-06	6
5.07829319e-06	3.588109969e-06	6
5.074820227e-06	3.607806124e-06	6
5.071347263e-06	3.62750228e-06	6
5.0678743e-06	3.647198435e-06	6
5.064401336e-06	3.66689459e-06	6
5.060928373e-06	3.686590745e-06	6
5.057455409e-06	3.7062869e-06	6
5.053982445e-06	3.725983055e-06	6
5.050509482e-06	3.74567921e-06	6
5.047036518e-06	3.765375365e-06	6
5.043563555e-06	3.78507152e-06	6
5.040090591e-06	3.804767675e-06	6
5.036617628e-06	3.82446383e-06	6
5.033144664e-06	3.844159985e-06	6
5.029671701e-06	3.86385614e-06	6
5.026198737e-06	3.883552295e-06	6
5.022725774e-06	3.90324845e-06	6
5.01925281e-06	3.922944605e-06	6
5.01925281e-06	3.922944605e-06	-6
5.01925281e-06	3.922944605e-06	-6
5.01925281e-06	3.922944605e-06	-6
5.01925281e-06	3.922944605e-06	-6
5.01925281e-06	3.922944605e-06	-6
5.01925281e-06	3.922944605e-06	-6
5.01925281e-06	3.922944605e-06	-6
5.01925281e-06	3.922944605e-06	-6
5.01925281e-06	3.922944605e-06	-6
5.01925281e-06	3.922944605e-06	-6
5.01925281e-06	3.922944605e-06	-6
5.022725774e-06	3.90324845e-06	-6
5.026198737e-06	3.883552295e-06	-6
5.029671701e-06	3.86385614e-06	-6
5.033144664e-06	3.844159985e-06	-6
5.036617628e-06	3.82446383e-06	-6
5.040090591e-06	3.804767675e-06	-6
5.043563555e-06	3.78507152e-06	-6
5.047036518e-06	3.765375365e-06	-6
5.050509482e-06	3.74567921e-06	-6
5.053982445e-06	3.725983055e-06	-6
5.057455409e-06	3.7062869e-06	-6
5.060928373e-06	3.686590745e-06	-6
5.064401336e-06	3.66689459e-06	-6
5.0678743e-06	3.647198435e-06	-6
5.071347263e-06	3.62750228e-06	-6
5.074820227e-06	3.607806124e-06	-6
5.07829319e-06	3.588109969e-06	-6
5.081766154e-06	3.568413814e-06	-6
5.085239117e-06	3.548717659e-06	-6
5.088712081e-06	3.529021504e-06	-6
5.092185045e-06	3.509325349e-06	-6
5.095658008e-06	3.489629194e-06	-6
5.099130972e-06	3.469933039e-06	-6
5.102603935e-06	3.450236884e-06	-6
5.106076899e-06	3.430540729e-06	-6
5.109549862e-06	3.410844574e-06	-6
5.113022826e-06	3.391148419e-06	-6
5.116495789e-06	3.371452264e-06	-6
5.119968753e-06	3.351756109e-06	-6
5.123441717e-06	3.332059954e-06	-6
5.12691468e-06	3.312363799e-06	-6
5.130387644e-06	3.292667644e-06	-6
5.133860607e-06	3.272971488e-06	-6
5.137333571e-06	3.253275333e-06	-6
5.140806534e-06	3.233579178e-06	-6
5.144279498e-06	3.213883023e-06	-6
5.147752461e-06	3.194186868e-06	-6
5.151225425e-06	3.174490713e-06	-6
5.154698389e-06	3.154794558e-06	-6
5.158171352e-06	3.135098403e-06	-6
5.161644316e-06	3.115402248e-06	-6
5.165117279e-06	3.095706093e-06	-6
5.168590243e-06	3.076009938e-06	-6
5.172063206e-06	3.056313783e-06	-6
5.17553617e-06	3.036617628e-06	-6
5.179009133e-06	3.016921473e-06	-6
5.182482097e-06	2.997225318e-06	-6
5.185955061e-06	2.977529163e-06	-6
5.189428024e-06	2.957833007e-06	-6
5.192900988e-06	2.938136852e-06	-6
5.192900988e-06	2.938136852e-06	0
5.173204833e-06	2.934663889e-06	0
5.153508678e-06	2.931190925e-06	0
5.133812522e-06	2.927717962e-06	0
5.114116367e-06	2.924244998e-06	0
5.094420212e-06	2.920772035e-06	0
5.094420212e-06	2.920772035e-06	6
5.094420212e-06	2.920772035e-06	6
5.094420212e-06	2.920772035e-06	6
5.094420212e-06	2.920772035e-06	6
5.094420212e-06	2.920772035e-06	6
5.094420212e-06	2.920772035e-06	6
5.094420212e-06	2.920772035e-06	6
5.094420212e-06	2.920772035e-06	6
5.094420212e-06	2.920772035e-06	6
5.094420212e-06	2.920772035e-06	6
5.094420212e-06	2.920772035e-06	6
5.090947249e-06	2.94046819e-06	6
5.087474285e-06	2.960164345e-06	6
5.084001322e-06	2.9798605e-06	6
5.080528358e-06	2.999556655e-06	6
5.077055395e-06	3.01925281e-06	6
5.073582431e-06	3.038948965e-06	6
5.070109467e-06	3.05864512e-06	6
5.066636504e-06	3.078341275e-06	6
5.06316354e-06	3.09803743e-06	6
5.059690577e-06	3.117733585e-06	6
5.056217613e-06	3.13742974e-06	6
5.05274465e-06	3.157125895e-06	6
5.049271686e-06	3.17682205e-06	6
5.045798723e-06	3.196518206e-06	6
5.042325759e-06	3.216214361e-06	6
5.038852795e-06	3.235910516e-06	6
5.035379832e-06	3.255606671e-06	6
5.031906868e-06	3.275302826e-06	6
5.028433905e-06	3.294998981e-06	6
5.024960941e-06	3.314695136e-06	6
5.021487978e-06	3.334391291e-06	6
5.018015014e-06	3.354087446e-06	6
5.014542051e-06	3.373783601e-06	6
5.011069087e-06	3.393479756e-06	6
5.007596123e-06	3.413175911e-06	6
5.00412316e-06	3.432872066e-06	6
5.000650196e-06	3.452568221e-06	6
4.997177233e-06	3.472264376e-06	6
4.993704269e-06	3.491960531e-06	6
4.990231306e-06	3.511656686e-06	6
4.986758342e-06	3.531352842e-06	6
4.983285379e-06	3.551048997e-06	6
4.979812415e-06	3.570745152e-06	6
4.976339452e-06	3.590441307e-06	6
4.972866488e-06	3.610137462e-06	6
4.969393524e-06	3.629833617e-06	6
4.965920561e-06	3.649529772e-06	6
4.962447597e-06	3.669225927e-06	6
4.958974634e-06	3.688922082e-06	6
4.95550167e-06	3.708618237e-06	6
4.952028707e-06	3.728314392e-06	6
4.948555743e-06	3.748010547e-06	6
4.94508278e-06	3.767706702e-06	6
4.941609816e-06	3.787402857e-06	6
4.938136852e-06	3.807099012e-06	6
4.934663889e-06	3.826795167e-06	6
4.931190925e-06	3.846491322e-06	6
4.927717962e-06	3.866187478e-06	6
4.924244998e-06	3.885883633e-06	6
4.920772035e-06	3.905579788e-06	6
4.920772035e-06	3.905579788e-06	-6
4.920772035e-06	3.905579788e-06	-6
4.920772035e-06	3.905579788e-06	-6
4.920772035e-06	3.905579788e-06	-6
4.920772035e-06	3.905579788e-06	-6
4.920772035e-06	3.905579788e-06	-6
4.920772035e-06	3.905579788e-06	-6
4.920772035e-06	3.905579788e-06	-6
4.920772035e-06	3.905579788e-06	-6
4.920772035e-06	3.905579788e-06	-6
4.920772035e-06	3.905579788e-06	-6
4.924244998e-06	3.885883633e-06	-6
4.927717962e-06	3.866187478e-06	-6
4.931190925e-06	3.846491322e-06	-6
4.934663889e-06	3.826795167e-06	-6
4.938136852e-06	3.807099012e-06	-6
4.941609816e-06	3.787402857e-06	-6
4.94508278e-06	3.767706702e-06	-6
4.948555743e-06	3.748010547e-06	-6
4.952028707e-06	3.728314392e-06	-6
4.95550167e-06	3.708618237e-06	-6
4.958974634e-06	3.688922082e-06	-6
4.962447597e-06	3.669225927e-06	-6
4.965920561e-06	3.649529772e-06	-6
4.969393524e-06	3.629833617e-06	-6
4.972866488e-06	3.610137462e-06	-6
4.976339452e-06	3.590441307e-06	-6
4.979812415e-06	3.570745152e-06	-6
4.983285379e-06	3.551048997e-06	-6
4.986758342e-06	3.531352842e-06	-6
4.990231306e-06	3.511656686e-06	-6
4.993704269e-06	3.491960531e-06	-6
4.997177233e-06	3.472264376e-06	-6
5.000650196e-06	3.452568221e-06	-6
5.00412316e-06	3.432872066e-06	-6
5.007596123e-06	3.413175911e-06	-6
5.011069087e-06	3.393479756e-06	-6
5.014542051e-06	3.373783601e-06	-6
5.018015014e-06	3.354087446e-06	-6
5.021487978e-06	3.334391291e-06	-6
5.024960941e-06	3.314695136e-06	-6
5.028433905e-06	3.294998981e-06	-6
5.031906868e-06	3.275302826e-06	-6
5.035379832e-06	3.255606671e-06	-6
5.038852795e-06	3.235910516e-06	-6
5.042325759e-06	3.216214361e-06	-6
5.045798723e-06	3.196518206e-06	-6
5.049271686e-06	3.17682205e-06	-6
5.05274465e-06	3.157125895e-06	-6
5.056217613e-06	3.13742974e-06	-6
5.059690577e-06	3.117733585e-06	-6
5.06316354e-06	3.09803743e-06	-6
5.066636504e-06	3.078341275e-06	-6
5.070109467e-06	3.05864512e-06	-6
5.073582431e-06	3.038948965e-06	-6
5.077055395e-06	3.01925281e-06	-6
5.080528358e-06	2.999556655e-06	-6
5.084001322e-06	2.9798605e-06	-6
5.087474285e-06	2.960164345e-06	-6
5.090947249e-06	2.94046819e-06	-6
5.094420212e-06	2.920772035e-06	-6
