# X_m	Y_m	V
1.201163761e-06	8.591436179e-07	6
1.201163761e-06	8.591436179e-07	6
1.201163761e-06	8.591436179e-07	6
1.201163761e-06	8.591436179e-07	6
1.201163761e-06	8.591436179e-07	6
1.201163761e-06	8.591436179e-07	6
1.201163761e-06	8.591436179e-07	6
1.201163761e-06	8.591436179e-07	6
1.201163761e-06	8.591436179e-07	6
1.201163761e-06	8.591436179e-07	6
1.201163761e-06	8.591436179e-07	6
1.219957614e-06	8.659840208e-07	6
1.238751466e-06	8.728244237e-07	6
1.257545319e-06	8.796648265e-07	6
1.276339171e-06	8.865052294e-07	6
1.295133023e-06	8.933456323e-07	6
1.313926876e-06	9.001860351e-07	6
1.332720728e-06	9.07026438e-07	6
1.351514581e-06	9.138668409e-07	6
1.370308433e-06	9.207072437e-07	6
1.389102285e-06	9.275476466e-07	6
1.407896138e-06	9.343880495e-07	6
1.42668999e-06	9.412284523e-07	6
1.445483843e-06	9.480688552e-07	6
1.464277695e-06	9.549092581e-07	6
1.483071548e-06	9.617496609e-07	6
1.5018654e-06	9.685900638e-07	6
1.520659252e-06	9.754304667e-07	6
1.539453105e-06	9.822708695e-07	6
1.558246957e-06	9.891112724e-07	6
1.57704081e-06	9.959516753e-07	6
1.595834662e-06	1.002792078e-06	6
1.614628514e-06	1.009632481e-06	6
1.633422367e-06	1.016472884e-06	6
1.652216219e-06	1.023313287e-06	6
1.671010072e-06	1.03015369e-06	6
1.689803924e-06	1.036994092e-06	6
1.708597776e-06	1.043834495e-06	6
1.727391629e-06	1.050674898e-06	6
1.746185481e-06	1.057515301e-06	6
1.764979334e-06	1.064355704e-06	6
1.783773186e-06	1.071196107e-06	6
1.802567039e-06	1.07803651e-06	6
1.821360891e-06	1.084876913e-06	6
1.840154743e-06	1.091717315e-06	6
1.858948596e-06	1.098557718e-06	6
1.877742448e-06	1.105398121e-06	6
1.896536301e-06	1.112238524e-06	6
1.915330153e-06	1.119078927e-06	6
1.934124005e-06	1.12591933e-06	6
1.952917858e-06	1.132759733e-06	6
1.97171171e-06	1.139600135e-06	6
1.990505563e-06	1.146440538e-06	6
2.009299415e-06	1.153280941e-06	6
2.028093268e-06	1.160121344e-06	6
2.04688712e-06	1.166961747e-06	6
2.065680972e-06	1.17380215e-06	6
2.084474825e-06	1.180642553e-06	6
2.103268677e-06	1.187482956e-06	6
2.12206253e-06	1.194323358e-06	6
2.140856382e-06	1.201163761e-06	6
2.140856382e-06	1.201163761e-06	-6
2.140856382e-06	1.201163761e-06	-6
2.140856382e-06	1.201163761e-06	-6
2.140856382e-06	1.201163761e-06	-6
2.140856382e-06	1.201163761e-06	-6
2.140856382e-06	1.201163761e-06	-6
2.140856382e-06	1.201163761e-06	-6
2.140856382e-06	1.201163761e-06	-6
2.140856382e-06	1.201163761e-06	-6
2.140856382e-06	1.201163761e-06	-6
2.140856382e-06	1.201163761e-06	-6
2.12206253e-06	1.194323358e-06	-6
2.103268677e-06	1.187482956e-06	-6
2.084474825e-06	1.180642553e-06	-6
2.065680972e-06	1.17380215e-06	-6
2.04688712e-06	1.166961747e-06	-6
2.028093268e-06	1.160121344e-06	-6
2.009299415e-06	1.153280941e-06	-6
1.990505563e-06	1.146440538e-06	-6
1.97171171e-06	1.139600135e-06	-6
1.952917858e-06	1.132759733e-06	-6
1.934124005e-06	1.12591933e-06	-6
1.915330153e-06	1.119078927e-06	-6
1.896536301e-06	1.112238524e-06	-6
1.877742448e-06	1.105398121e-06	-6
1.858948596e-06	1.098557718e-06	-6
1.840154743e-06	1.091717315e-06	-6
1.821360891e-06	1.084876913e-06	-6
1.802567039e-06	1.07803651e-06	-6
1.783773186e-06	1.071196107e-06	-6
1.764979334e-06	1.064355704e-06	-6
1.746185481e-06	1.057515301e-06	-6
1.727391629e-06	1.050674898e-06	-6
1.708597776e-06	1.043834495e-06	-6
1.689803924e-06	1.036994092e-06	-6
1.671010072e-06	1.03015369e-06	-6
1.652216219e-06	1.023313287e-06	-6
1.633422367e-06	1.016472884e-06	-6
1.614628514e-06	1.009632481e-06	-6
1.595834662e-06	1.002792078e-06	-6
1.57704081e-06	9.959516753e-07	-6
1.558246957e-06	9.891112724e-07	-6
1.539453105e-06	9.822708695e-07	-6
1.520659252e-06	9.754304667e-07	-6
1.5018654e-06	9.685900638e-07	-6
1.483071548e-06	9.617496609e-07	-6
1.464277695e-06	9.549092581e-07	-6
1.445483843e-06	9.480688552e-07	-6
1.42668999e-06	9.412284523e-07	-6
1.407896138e-06	9.343880495e-07	-6
1.389102285e-06	9.275476466e-07	-6
1.370308433e-06	9.207072437e-07	-6
1.351514581e-06	9.138668409e-07	-6
1.332720728e-06	9.07026438e-07	-6
1.313926876e-06	9.001860351e-07	-6
1.295133023e-06	8.933456323e-07	-6
1.276339171e-06	8.865052294e-07	-6
1.257545319e-06	8.796648265e-07	-6
1.238751466e-06	8.728244237e-07	-6
1.219957614e-06	8.659840208e-07	-6
1.201163761e-06	8.591436179e-07	-6
1.201163761e-06	8.591436179e-07	0
1.194323358e-06	8.779374704e-07	0
1.187482956e-06	8.967313228e-07	0
1.180642553e-06	9.155251752e-07	0
1.17380215e-06	9.343190276e-07	0
1.166961747e-06	9.5311288e-07	0
1.166961747e-06	9.5311288e-07	6
1.166961747e-06	9.5311288e-07	6
1.166961747e-06	9.5311288e-07	6
1.166961747e-06	9.5311288e-07	6
1.166961747e-06	9.5311288e-07	6
1.166961747e-06	9.5311288e-07	6
1.166961747e-06	9.5311288e-07	6
1.166961747e-06	9.5311288e-07	6
1.166961747e-06	9.5311288e-07	6
1.166961747e-06	9.5311288e-07	6
1.166961747e-06	9.5311288e-07	6
1.185387092e-06	9.598191573e-07	6
1.203812438e-06	9.665254347e-07	6
1.222237783e-06	9.73231712e-07	6
1.240663129e-06	9.799379893e-07	6
1.259088474e-06	9.866442666e-07	6
1.27751382e-06	9.933505439e-07	6
1.295939165e-06	1.000056821e-06	6
1.314364511e-06	1.006763099e-06	6
1.332789856e-06	1.013469376e-06	6
1.351215202e-06	1.020175653e-06	6
1.369640547e-06	1.026881931e-06	6
1.388065893e-06	1.033588208e-06	6
1.406491239e-06	1.040294485e-06	6
1.424916584e-06	1.047000763e-06	6
1.44334193e-06	1.05370704e-06	6
1.461767275e-06	1.060413317e-06	6
1.480192621e-06	1.067119594e-06	6
1.498617966e-06	1.073825872e-06	6
1.517043312e-06	1.080532149e-06	6
1.535468657e-06	1.087238426e-06	6
1.553894003e-06	1.093944704e-06	6
1.572319348e-06	1.100650981e-06	6
1.590744694e-06	1.107357258e-06	6
1.609170039e-06	1.114063536e-06	6
1.627595385e-06	1.120769813e-06	6
1.64602073e-06	1.12747609e-06	6
1.664446076e-06	1.134182368e-06	6
1.682871421e-06	1.140888645e-06	6
1.701296767e-06	1.147594922e-06	6
1.719722112e-06	1.1543012e-06	6
1.738147458e-06	1.161007477e-06	6
1.756572803e-06	1.167713754e-06	6
1.774998149e-06	1.174420032e-06	6
1.793423494e-06	1.181126309e-06	6
1.81184884e-06	1.187832586e-06	6
1.830274185e-06	1.194538864e-06	6
1.848699531e-06	1.201245141e-06	6
1.867124876e-06	1.207951418e-06	6
1.885550222e-06	1.214657696e-06	6
1.903975567e-06	1.221363973e-06	6
1.922400913e-06	1.22807025e-06	6
1.940826258e-06	1.234776527e-06	6
1.959251604e-06	1.241482805e-06	6
1.977676949e-06	1.248189082e-06	6
1.996102295e-06	1.254895359e-06	6
2.01452764e-06	1.261601637e-06	6
2.032952986e-06	1.268307914e-06	6
2.051378331e-06	1.275014191e-06	6
2.069803677e-06	1.281720469e-06	6
2.088229022e-06	1.288426746e-06	6
2.106654368e-06	1.295133023e-06	6
2.106654368e-06	1.295133023e-06	-6
2.106654368e-06	1.295133023e-06	-6
2.106654368e-06	1.295133023e-06	-6
2.106654368e-06	1.295133023e-06	-6
2.106654368e-06	1.295133023e-06	-6
2.106654368e-06	1.295133023e-06	-6
2.106654368e-06	1.295133023e-06	-6
2.106654368e-06	1.295133023e-06	-6
2.106654368e-06	1.295133023e-06	-6
2.106654368e-06	1.295133023e-06	-6
2.106654368e-06	1.295133023e-06	-6
2.088229022e-06	1.288426746e-06	-6
2.069803677e-06	1.281720469e-06	-6
2.051378331e-06	1.275014191e-06	-6
2.032952986e-06	1.268307914e-06	-6
2.01452764e-06	1.261601637e-06	-6
1.996102295e-06	1.254895359e-06	-6
1.977676949e-06	1.248189082e-06	-6
1.959251604e-06	1.241482805e-06	-6
1.940826258e-06	1.234776527e-06	-6
1.922400913e-06	1.22807025e-06	-6
1.903975567e-06	1.221363973e-06	-6
1.885550222e-06	1.214657696e-06	-6
1.867124876e-06	1.207951418e-06	-6
1.848699531e-06	1.201245141e-06	-6
1.830274185e-06	1.194538864e-06	-6
1.81184884e-06	1.187832586e-06	-6
1.793423494e-06	1.181126309e-06	-6
1.774998149e-06	1.174420032e-06	-6
1.756572803e-06	1.167713754e-06	-6
1.738147458e-06	1.161007477e-06	-6
1.719722112e-06	1.1543012e-06	-6
1.701296767e-06	1.147594922e-06	-6
1.682871421e-06	1.140888645e-06	-6
1.664446076e-06	1.134182368e-06	-6
1.64602073e-06	1.12747609e-06	-6
1.627595385e-06	1.120769813e-06	-6
1.609170039e-06	1.114063536e-06	-6
1.590744694e-06	1.107357258e-06	-6
1.572319348e-06	1.100650981e-06	-6
1.553894003e-06	1.093944704e-06	-6
1.535468657e-06	1.087238426e-06	-6
1.517043312e-06	1.080532149e-06	-6
1.498617966e-06	1.073825872e-06	-6
1.480192621e-06	1.067119594e-06	-6
1.461767275e-06	1.060413317e-06	-6
1.44334193e-06	1.05370704e-06	-6
1.424916584e-06	1.047000763e-06	-6
1.406491239e-06	1.040294485e-06	-6
1.388065893e-06	1.033588208e-06	-6
1.369640547e-06	1.026881931e-06	-6
1.351215202e-06	1.020175653e-06	-6
1.332789856e-06	1.013469376e-06	-6
1.314364511e-06	1.006763099e-06	-6
1.295939165e-06	1.000056821e-06	-6
1.27751382e-06	9.933505439e-07	-6
1.259088474e-06	9.866442666e-07	-6
1.240663129e-06	9.799379893e-07	-6
1.222237783e-06	9.73231712e-07	-6
1.203812438e-06	9.665254347e-07	-6
1.185387092e-06	9.598191573e-07	-6
1.166961747e-06	9.5311288e-07	-6
1.166961747e-06	9.5311288e-07	0
1.160121344e-06	9.719067324e-07	0
1.153280941e-06	9.907005849e-07	0
1.146440538e-06	1.009494437e-06	0
1.139600135e-06	1.02828829e-06	0
1.132759733e-06	1.047082142e-06	0
1.132759733e-06	1.047082142e-06	6
1.132759733e-06	1.047082142e-06	6
1.132759733e-06	1.047082142e-06	6
1.132759733e-06	1.047082142e-06	6
1.132759733e-06	1.047082142e-06	6
1.132759733e-06	1.047082142e-06	6
1.132759733e-06	1.047082142e-06	6
1.132759733e-06	1.047082142e-06	6
1.132759733e-06	1.047082142e-06	6
1.132759733e-06	1.047082142e-06	6
1.132759733e-06	1.047082142e-06	6
1.151553585e-06	1.053922545e-06	6
1.170347437e-06	1.060762948e-06	6
1.18914129e-06	1.067603351e-06	6
1.207935142e-06	1.074443754e-06	6
1.226728995e-06	1.081284156e-06	6
1.245522847e-06	1.088124559e-06	6
1.2643167e-06	1.094964962e-06	6
1.283110552e-06	1.101805365e-06	6
1.301904404e-06	1.108645768e-06	6
1.320698257e-06	1.115486171e-06	6
1.339492109e-06	1.122326574e-06	6
1.358285962e-06	1.129166976e-06	6
1.377079814e-06	1.136007379e-06	6
1.395873666e-06	1.142847782e-06	6
1.414667519e-06	1.149688185e-06	6
1.433461371e-06	1.156528588e-06	6
1.452255224e-06	1.163368991e-06	6
1.471049076e-06	1.170209394e-06	6
1.489842929e-06	1.177049797e-06	6
1.508636781e-06	1.183890199e-06	6
1.527430633e-06	1.190730602e-06	6
1.546224486e-06	1.197571005e-06	6
1.565018338e-06	1.204411408e-06	6
1.583812191e-06	1.211251811e-06	6
1.602606043e-06	1.218092214e-06	6
1.621399895e-06	1.224932617e-06	6
1.640193748e-06	1.231773019e-06	6
1.6589876e-06	1.238613422e-06	6
1.677781453e-06	1.245453825e-06	6
1.696575305e-06	1.252294228e-06	6
1.715369157e-06	1.259134631e-06	6
1.73416301e-06	1.265975034e-06	6
1.752956862e-06	1.272815437e-06	6
1.771750715e-06	1.27965584e-06	6
1.790544567e-06	1.286496242e-06	6
1.80933842e-06	1.293336645e-06	6
1.828132272e-06	1.300177048e-06	6
1.846926124e-06	1.307017451e-06	6
1.865719977e-06	1.313857854e-06	6
1.884513829e-06	1.320698257e-06	6
1.903307682e-06	1.32753866e-06	6
1.922101534e-06	1.334379062e-06	6
1.940895386e-06	1.341219465e-06	6
1.959689239e-06	1.348059868e-06	6
1.978483091e-06	1.354900271e-06	6
1.997276944e-06	1.361740674e-06	6
2.016070796e-06	1.368581077e-06	6
2.034864649e-06	1.37542148e-06	6
2.053658501e-06	1.382261883e-06	6
2.072452353e-06	1.389102285e-06	6
2.072452353e-06	1.389102285e-06	-6
2.072452353e-06	1.389102285e-06	-6
2.072452353e-06	1.389102285e-06	-6
2.072452353e-06	1.389102285e-06	-6
2.072452353e-06	1.389102285e-06	-6
2.072452353e-06	1.389102285e-06	-6
2.072452353e-06	1.389102285e-06	-6
2.072452353e-06	1.389102285e-06	-6
2.072452353e-06	1.389102285e-06	-6
2.072452353e-06	1.389102285e-06	-6
2.072452353e-06	1.389102285e-06	-6
2.053658501e-06	1.382261883e-06	-6
2.034864649e-06	1.37542148e-06	-6
2.016070796e-06	1.368581077e-06	-6
1.997276944e-06	1.361740674e-06	-6
1.978483091e-06	1.354900271e-06	-6
1.959689239e-06	1.348059868e-06	-6
1.940895386e-06	1.341219465e-06	-6
1.922101534e-06	1.334379062e-06	-6
1.903307682e-06	1.32753866e-06	-6
1.884513829e-06	1.320698257e-06	-6
1.865719977e-06	1.313857854e-06	-6
1.846926124e-06	1.307017451e-06	-6
1.828132272e-06	1.300177048e-06	-6
1.80933842e-06	1.293336645e-06	-6
1.790544567e-06	1.286496242e-06	-6
1.771750715e-06	1.27965584e-06	-6
1.752956862e-06	1.272815437e-06	-6
1.73416301e-06	1.265975034e-06	-6
1.715369157e-06	1.259134631e-06	-6
1.696575305e-06	1.252294228e-06	-6
1.677781453e-06	1.245453825e-06	-6
1.6589876e-06	1.238613422e-06	-6
1.640193748e-06	1.231773019e-06	-6
1.621399895e-06	1.224932617e-06	-6
1.602606043e-06	1.218092214e-06	-6
1.583812191e-06	1.211251811e-06	-6
1.565018338e-06	1.204411408e-06	-6
1.546224486e-06	1.197571005e-06	-6
1.527430633e-06	1.190730602e-06	-6
1.508636781e-06	1.183890199e-06	-6
1.489842929e-06	1.177049797e-06	-6
1.471049076e-06	1.170209394e-06	-6
1.452255224e-06	1.163368991e-06	-6
1.433461371e-06	1.156528588e-06	-6
1.414667519e-06	1.149688185e-06	-6
1.395873666e-06	1.142847782e-06	-6
1.377079814e-06	1.136007379e-06	-6
1.358285962e-06	1.129166976e-06	-6
1.339492109e-06	1.122326574e-06	-6
1.320698257e-06	1.115486171e-06	-6
1.301904404e-06	1.108645768e-06	-6
1.283110552e-06	1.101805365e-06	-6
1.2643167e-06	1.094964962e-06	-6
1.245522847e-06	1.088124559e-06	-6
1.226728995e-06	1.081284156e-06	-6
1.207935142e-06	1.074443754e-06	-6
1.18914129e-06	1.067603351e-06	-6
1.170347437e-06	1.060762948e-06	-6
1.151553585e-06	1.053922545e-06	-6
1.132759733e-06	1.047082142e-06	-6
1.132759733e-06	1.047082142e-06	0
1.127059397e-06	1.062743686e-06	0
1.121359061e-06	1.078405229e-06	0
1.115658725e-06	1.094066773e-06	0
1.10995839e-06	1.109728317e-06	0
1.104258054e-06	1.125389861e-06	0
1.098557718e-06	1.141051404e-06	0
1.098557718e-06	1.141051404e-06	6
1.098557718e-06	1.141051404e-06	6
1.098557718e-06	1.141051404e-06	6
1.098557718e-06	1.141051404e-06	6
1.098557718e-06	1.141051404e-06	6
1.098557718e-06	1.141051404e-06	6
1.098557718e-06	1.141051404e-06	6
1.098557718e-06	1.141051404e-06	6
1.098557718e-06	1.141051404e-06	6
1.098557718e-06	1.141051404e-06	6
1.098557718e-06	1.141051404e-06	6
1.117351571e-06	1.147891807e-06	6
1.136145423e-06	1.15473221e-06	6
1.154939276e-06	1.161572613e-06	6
1.173733128e-06	1.168413016e-06	6
1.19252698e-06	1.175253419e-06	6
1.211320833e-06	1.182093821e-06	6
1.230114685e-06	1.188934224e-06	6
1.248908538e-06	1.195774627e-06	6
1.26770239e-06	1.20261503e-06	6
1.286496242e-06	1.209455433e-06	6
1.305290095e-06	1.216295836e-06	6
1.324083947e-06	1.223136239e-06	6
1.3428778e-06	1.229976641e-06	6
1.361671652e-06	1.236817044e-06	6
1.380465505e-06	1.243657447e-06	6
1.399259357e-06	1.25049785e-06	6
1.418053209e-06	1.257338253e-06	6
1.436847062e-06	1.264178656e-06	6
1.455640914e-06	1.271019059e-06	6
1.474434767e-06	1.277859462e-06	6
1.493228619e-06	1.284699864e-06	6
1.512022471e-06	1.291540267e-06	6
1.530816324e-06	1.29838067e-06	6
1.549610176e-06	1.305221073e-06	6
1.568404029e-06	1.312061476e-06	6
1.587197881e-06	1.318901879e-06	6
1.605991733e-06	1.325742282e-06	6
1.624785586e-06	1.332582684e-06	6
1.643579438e-06	1.339423087e-06	6
1.662373291e-06	1.34626349e-06	6
1.681167143e-06	1.353103893e-06	6
1.699960996e-06	1.359944296e-06	6
1.718754848e-06	1.366784699e-06	6
1.7375487e-06	1.373625102e-06	6
1.756342553e-06	1.380465505e-06	6
1.775136405e-06	1.387305907e-06	6
1.793930258e-06	1.39414631e-06	6
1.81272411e-06	1.400986713e-06	6
1.831517962e-06	1.407827116e-06	6
1.850311815e-06	1.414667519e-06	6
1.869105667e-06	1.421507922e-06	6
1.88789952e-06	1.428348325e-06	6
1.906693372e-06	1.435188727e-06	6
1.925487225e-06	1.44202913e-06	6
1.944281077e-06	1.448869533e-06	6
1.963074929e-06	1.455709936e-06	6
1.981868782e-06	1.462550339e-06	6
2.000662634e-06	1.469390742e-06	6
2.019456487e-06	1.476231145e-06	6
2.038250339e-06	1.483071548e-06	6
2.038250339e-06	1.483071548e-06	-6
2.038250339e-06	1.483071548e-06	-6
2.038250339e-06	1.483071548e-06	-6
2.038250339e-06	1.483071548e-06	-6
2.038250339e-06	1.483071548e-06	-6
2.038250339e-06	1.483071548e-06	-6
2.038250339e-06	1.483071548e-06	-6
2.038250339e-06	1.483071548e-06	-6
2.038250339e-06	1.483071548e-06	-6
2.038250339e-06	1.483071548e-06	-6
2.038250339e-06	1.483071548e-06	-6
2.019456487e-06	1.476231145e-06	-6
2.000662634e-06	1.469390742e-06	-6
1.981868782e-06	1.462550339e-06	-6
1.963074929e-06	1.455709936e-06	-6
1.944281077e-06	1.448869533e-06	-6
1.925487225e-06	1.44202913e-06	-6
1.906693372e-06	1.435188727e-06	-6
1.88789952e-06	1.428348325e-06	-6
1.869105667e-06	1.421507922e-06	-6
1.850311815e-06	1.414667519e-06	-6
1.831517962e-06	1.407827116e-06	-6
1.81272411e-06	1.400986713e-06	-6
1.793930258e-06	1.39414631e-06	-6
1.775136405e-06	1.387305907e-06	-6
1.756342553e-06	1.380465505e-06	-6
1.7375487e-06	1.373625102e-06	-6
1.718754848e-06	1.366784699e-06	-6
1.699960996e-06	1.359944296e-06	-6
1.681167143e-06	1.353103893e-06	-6
1.662373291e-06	1.34626349e-06	-6
1.643579438e-06	1.339423087e-06	-6
1.624785586e-06	1.332582684e-06	-6
1.605991733e-06	1.325742282e-06	-6
1.587197881e-06	1.318901879e-06	-6
1.568404029e-06	1.312061476e-06	-6
1.549610176e-06	1.305221073e-06	-6
1.530816324e-06	1.29838067e-06	-6
1.512022471e-06	1.291540267e-06	-6
1.493228619e-06	1.284699864e-06	-6
1.474434767e-06	1.277859462e-06	-6
1.455640914e-06	1.271019059e-06	-6
1.436847062e-06	1.264178656e-06	-6
1.418053209e-06	1.257338253e-06	-6
1.399259357e-06	1.25049785e-06	-6
1.380465505e-06	1.243657447e-06	-6
1.361671652e-06	1.236817044e-06	-6
1.3428778e-06	1.229976641e-06	-6
1.324083947e-06	1.223136239e-06	-6
1.305290095e-06	1.216295836e-06	-6
1.286496242e-06	1.209455433e-06	-6
1.26770239e-06	1.20261503e-06	-6
1.248908538e-06	1.195774627e-06	-6
1.230114685e-06	1.188934224e-06	-6
1.211320833e-06	1.182093821e-06	-6
1.19252698e-06	1.175253419e-06	-6
1.173733128e-06	1.168413016e-06	-6
1.154939276e-06	1.161572613e-06	-6
1.136145423e-06	1.15473221e-06	-6
1.117351571e-06	1.147891807e-06	-6
1.098557718e-06	1.141051404e-06	-6
1.098557718e-06	1.141051404e-06	0
1.091717315e-06	1.159845257e-06	0
1.084876913e-06	1.178639109e-06	0
1.07803651e-06	1.197432961e-06	0
1.071196107e-06	1.216226814e-06	0
1.064355704e-06	1.235020666e-06	0
1.064355704e-06	1.235020666e-06	6
1.064355704e-06	1.235020666e-06	6
1.064355704e-06	1.235020666e-06	6
1.064355704e-06	1.235020666e-06	6
1.064355704e-06	1.235020666e-06	6
1.064355704e-06	1.235020666e-06	6
1.064355704e-06	1.235020666e-06	6
1.064355704e-06	1.235020666e-06	6
1.064355704e-06	1.235020666e-06	6
1.064355704e-06	1.235020666e-06	6
1.064355704e-06	1.235020666e-06	6
1.083149556e-06	1.241861069e-06	6
1.101943409e-06	1.248701472e-06	6
1.120737261e-06	1.255541875e-06	6
1.139531114e-06	1.262382278e-06	6
1.158324966e-06	1.269222681e-06	6
1.177118818e-06	1.276063083e-06	6
1.195912671e-06	1.282903486e-06	6
1.214706523e-06	1.289743889e-06	6
1.233500376e-06	1.296584292e-06	6
1.252294228e-06	1.303424695e-06	6
1.271088081e-06	1.310265098e-06	6
1.289881933e-06	1.317105501e-06	6
1.308675785e-06	1.323945904e-06	6
1.327469638e-06	1.330786306e-06	6
1.34626349e-06	1.337626709e-06	6
1.365057343e-06	1.344467112e-06	6
1.383851195e-06	1.351307515e-06	6
1.402645047e-06	1.358147918e-06	6
1.4214389e-06	1.364988321e-06	6
1.440232752e-06	1.371828724e-06	6
1.459026605e-06	1.378669126e-06	6
1.477820457e-06	1.385509529e-06	6
1.49661431e-06	1.392349932e-06	6
1.515408162e-06	1.399190335e-06	6
1.534202014e-06	1.406030738e-06	6
1.552995867e-06	1.412871141e-06	6
1.571789719e-06	1.419711544e-06	6
1.590583572e-06	1.426551947e-06	6
1.609377424e-06	1.433392349e-06	6
1.628171276e-06	1.440232752e-06	6
1.646965129e-06	1.447073155e-06	6
1.665758981e-06	1.453913558e-06	6
1.684552834e-06	1.460753961e-06	6
1.703346686e-06	1.467594364e-06	6
1.722140538e-06	1.474434767e-06	6
1.740934391e-06	1.481275169e-06	6
1.759728243e-06	1.488115572e-06	6
1.778522096e-06	1.494955975e-06	6
1.797315948e-06	1.501796378e-06	6
1.816109801e-06	1.508636781e-06	6
1.834903653e-06	1.515477184e-06	6
1.853697505e-06	1.522317587e-06	6
1.872491358e-06	1.52915799e-06	6
1.89128521e-06	1.535998392e-06	6
1.910079063e-06	1.542838795e-06	6
1.928872915e-06	1.549679198e-06	6
1.947666767e-06	1.556519601e-06	6
1.96646062e-06	1.563360004e-06	6
1.985254472e-06	1.570200407e-06	6
2.004048325e-06	1.57704081e-06	6
2.004048325e-06	1.57704081e-06	-6
2.004048325e-06	1.57704081e-06	-6
2.004048325e-06	1.57704081e-06	-6
2.004048325e-06	1.57704081e-06	-6
2.004048325e-06	1.57704081e-06	-6
2.004048325e-06	1.57704081e-06	-6
2.004048325e-06	1.57704081e-06	-6
2.004048325e-06	1.57704081e-06	-6
2.004048325e-06	1.57704081e-06	-6
2.004048325e-06	1.57704081e-06	-6
2.004048325e-06	1.57704081e-06	-6
1.985254472e-06	1.570200407e-06	-6
1.96646062e-06	1.563360004e-06	-6
1.947666767e-06	1.556519601e-06	-6
1.928872915e-06	1.549679198e-06	-6
1.910079063e-06	1.542838795e-06	-6
1.89128521e-06	1.535998392e-06	-6
1.872491358e-06	1.52915799e-06	-6
1.853697505e-06	1.522317587e-06	-6
1.834903653e-06	1.515477184e-06	-6
1.816109801e-06	1.508636781e-06	-6
1.797315948e-06	1.501796378e-06	-6
1.778522096e-06	1.494955975e-06	-6
1.759728243e-06	1.488115572e-06	-6
1.740934391e-06	1.481275169e-06	-6
1.722140538e-06	1.474434767e-06	-6
1.703346686e-06	1.467594364e-06	-6
1.684552834e-06	1.460753961e-06	-6
1.665758981e-06	1.453913558e-06	-6
1.646965129e-06	1.447073155e-06	-6
1.628171276e-06	1.440232752e-06	-6
1.609377424e-06	1.433392349e-06	-6
1.590583572e-06	1.426551947e-06	-6
1.571789719e-06	1.419711544e-06	-6
1.552995867e-06	1.412871141e-06	-6
1.534202014e-06	1.406030738e-06	-6
1.515408162e-06	1.399190335e-06	-6
1.49661431e-06	1.392349932e-06	-6
1.477820457e-06	1.385509529e-06	-6
1.459026605e-06	1.378669126e-06	-6
1.440232752e-06	1.371828724e-06	-6
1.4214389e-06	1.364988321e-06	-6
1.402645047e-06	1.358147918e-06	-6
1.383851195e-06	1.351307515e-06	-6
1.365057343e-06	1.344467112e-06	-6
1.34626349e-06	1.337626709e-06	-6
1.327469638e-06	1.330786306e-06	-6
1.308675785e-06	1.323945904e-06	-6
1.289881933e-06	1.317105501e-06	-6
1.271088081e-06	1.310265098e-06	-6
1.252294228e-06	1.303424695e-06	-6
1.233500376e-06	1.296584292e-06	-6
1.214706523e-06	1.289743889e-06	-6
1.195912671e-06	1.282903486e-06	-6
1.177118818e-06	1.276063083e-06	-6
1.158324966e-06	1.269222681e-06	-6
1.139531114e-06	1.262382278e-06	-6
1.120737261e-06	1.255541875e-06	-6
1.101943409e-06	1.248701472e-06	-6
1.083149556e-06	1.241861069e-06	-6
1.064355704e-06	1.235020666e-06	-6
1.064355704e-06	1.235020666e-06	0
1.057515301e-06	1.253814519e-06	0
1.050674898e-06	1.272608371e-06	0
1.043834495e-06	1.291402224e-06	0
1.036994092e-06	1.310196076e-06	0
1.03015369e-06	1.328989928e-06	0
1.03015369e-06	1.328989928e-06	6
1.03015369e-06	1.328989928e-06	6
1.03015369e-06	1.328989928e-06	6
1.03015369e-06	1.328989928e-06	6
1.03015369e-06	1.328989928e-06	6
1.03015369e-06	1.328989928e-06	6
1.03015369e-06	1.328989928e-06	6
1.03015369e-06	1.328989928e-06	6
1.03015369e-06	1.328989928e-06	6
1.03015369e-06	1.328989928e-06	6
1.03015369e-06	1.328989928e-06	6
1.048947542e-06	1.335830331e-06	6
1.067741394e-06	1.342670734e-06	6
1.086535247e-06	1.349511137e-06	6
1.105329099e-06	1.35635154e-06	6
1.124122952e-06	1.363191943e-06	6
1.142916804e-06	1.370032346e-06	6
1.161710657e-06	1.376872748e-06	6
1.180504509e-06	1.383713151e-06	6
1.199298361e-06	1.390553554e-06	6
1.218092214e-06	1.397393957e-06	6
1.236886066e-06	1.40423436e-06	6
1.255679919e-06	1.411074763e-06	6
1.274473771e-06	1.417915166e-06	6
1.293267623e-06	1.424755568e-06	6
1.312061476e-06	1.431595971e-06	6
1.330855328e-06	1.438436374e-06	6
1.349649181e-06	1.445276777e-06	6
1.368443033e-06	1.45211718e-06	6
1.387236886e-06	1.458957583e-06	6
1.406030738e-06	1.465797986e-06	6
1.42482459e-06	1.472638389e-06	6
1.443618443e-06	1.479478791e-06	6
1.462412295e-06	1.486319194e-06	6
1.481206148e-06	1.493159597e-06	6
1.5e-06	1.5e-06	6
1.518793852e-06	1.506840403e-06	6
1.537587705e-06	1.513680806e-06	6
1.556381557e-06	1.520521209e-06	6
1.57517541e-06	1.527361611e-06	6
1.593969262e-06	1.534202014e-06	6
1.612763114e-06	1.541042417e-06	6
1.631556967e-06	1.54788282e-06	6
1.650350819e-06	1.554723223e-06	6
1.669144672e-06	1.561563626e-06	6
1.687938524e-06	1.568404029e-06	6
1.706732377e-06	1.575244432e-06	6
1.725526229e-06	1.582084834e-06	6
1.744320081e-06	1.588925237e-06	6
1.763113934e-06	1.59576564e-06	6
1.781907786e-06	1.602606043e-06	6
1.800701639e-06	1.609446446e-06	6
1.819495491e-06	1.616286849e-06	6
1.838289343e-06	1.623127252e-06	6
1.857083196e-06	1.629967654e-06	6
1.875877048e-06	1.636808057e-06	6
1.894670901e-06	1.64364846e-06	6
1.913464753e-06	1.650488863e-06	6
1.932258606e-06	1.657329266e-06	6
1.951052458e-06	1.664169669e-06	6
1.96984631e-06	1.671010072e-06	6
1.96984631e-06	1.671010072e-06	-6
1.96984631e-06	1.671010072e-06	-6
1.96984631e-06	1.671010072e-06	-6
1.96984631e-06	1.671010072e-06	-6
1.96984631e-06	1.671010072e-06	-6
1.96984631e-06	1.671010072e-06	-6
1.96984631e-06	1.671010072e-06	-6
1.96984631e-06	1.671010072e-06	-6
1.96984631e-06	1.671010072e-06	-6
1.96984631e-06	1.671010072e-06	-6
1.96984631e-06	1.671010072e-06	-6
1.951052458e-06	1.664169669e-06	-6
1.932258606e-06	1.657329266e-06	-6
1.913464753e-06	1.650488863e-06	-6
1.894670901e-06	1.64364846e-06	-6
1.875877048e-06	1.636808057e-06	-6
1.857083196e-06	1.629967654e-06	-6
1.838289343e-06	1.623127252e-06	-6
1.819495491e-06	1.616286849e-06	-6
1.800701639e-06	1.609446446e-06	-6
1.781907786e-06	1.602606043e-06	-6
1.763113934e-06	1.59576564e-06	-6
1.744320081e-06	1.588925237e-06	-6
1.725526229e-06	1.582084834e-06	-6
1.706732377e-06	1.575244432e-06	-6
1.687938524e-06	1.568404029e-06	-6
1.669144672e-06	1.561563626e-06	-6
1.650350819e-06	1.554723223e-06	-6
1.631556967e-06	1.54788282e-06	-6
1.612763114e-06	1.541042417e-06	-6
1.593969262e-06	1.534202014e-06	-6
1.57517541e-06	1.527361611e-06	-6
1.556381557e-06	1.520521209e-06	-6
1.537587705e-06	1.513680806e-06	-6
1.518793852e-06	1.506840403e-06	-6
1.5e-06	1.5e-06	-6
1.481206148e-06	1.493159597e-06	-6
1.462412295e-06	1.486319194e-06	-6
1.443618443e-06	1.479478791e-06	-6
1.42482459e-06	1.472638389e-06	-6
1.406030738e-06	1.465797986e-06	-6
1.387236886e-06	1.458957583e-06	-6
1.368443033e-06	1.45211718e-06	-6
1.349649181e-06	1.445276777e-06	-6
1.330855328e-06	1.438436374e-06	-6
1.312061476e-06	1.431595971e-06	-6
1.293267623e-06	1.424755568e-06	-6
1.274473771e-06	1.417915166e-06	-6
1.255679919e-06	1.411074763e-06	-6
1.236886066e-06	1.40423436e-06	-6
1.218092214e-06	1.397393957e-06	-6
1.199298361e-06	1.390553554e-06	-6
1.180504509e-06	1.383713151e-06	-6
1.161710657e-06	1.376872748e-06	-6
1.142916804e-06	1.370032346e-06	-6
1.124122952e-06	1.363191943e-06	-6
1.105329099e-06	1.35635154e-06	-6
1.086535247e-06	1.349511137e-06	-6
1.067741394e-06	1.342670734e-06	-6
1.048947542e-06	1.335830331e-06	-6
1.03015369e-06	1.328989928e-06	-6
1.03015369e-06	1.328989928e-06	0
1.024453354e-06	1.344651472e-06	0
1.018753018e-06	1.360313016e-06	0
1.013052682e-06	1.375974559e-06	0
1.007352347e-06	1.391636103e-06	0
1.001652011e-06	1.407297647e-06	0
9.959516753e-07	1.42295919e-06	0
9.959516753e-07	1.42295919e-06	6
9.959516753e-07	1.42295919e-06	6
9.959516753e-07	1.42295919e-06	6
9.959516753e-07	1.42295919e-06	6
9.959516753e-07	1.42295919e-06	6
9.959516753e-07	1.42295919e-06	6
9.959516753e-07	1.42295919e-06	6
9.959516753e-07	1.42295919e-06	6
9.959516753e-07	1.42295919e-06	6
9.959516753e-07	1.42295919e-06	6
9.959516753e-07	1.42295919e-06	6
1.014745528e-06	1.429799593e-06	6
1.03353938e-06	1.436639996e-06	6
1.052333233e-06	1.443480399e-06	6
1.071127085e-06	1.450320802e-06	6
1.089920937e-06	1.457161205e-06	6
1.10871479e-06	1.464001608e-06	6
1.127508642e-06	1.47084201e-06	6
1.146302495e-06	1.477682413e-06	6
1.165096347e-06	1.484522816e-06	6
1.183890199e-06	1.491363219e-06	6
1.202684052e-06	1.498203622e-06	6
1.221477904e-06	1.505044025e-06	6
1.240271757e-06	1.511884428e-06	6
1.259065609e-06	1.518724831e-06	6
1.277859462e-06	1.525565233e-06	6
1.296653314e-06	1.532405636e-06	6
1.315447166e-06	1.539246039e-06	6
1.334241019e-06	1.546086442e-06	6
1.353034871e-06	1.552926845e-06	6
1.371828724e-06	1.559767248e-06	6
1.390622576e-06	1.566607651e-06	6
1.409416428e-06	1.573448053e-06	6
1.428210281e-06	1.580288456e-06	6
1.447004133e-06	1.587128859e-06	6
1.465797986e-06	1.593969262e-06	6
1.484591838e-06	1.600809665e-06	6
1.50338569e-06	1.607650068e-06	6
1.522179543e-06	1.614490471e-06	6
1.540973395e-06	1.621330874e-06	6
1.559767248e-06	1.628171276e-06	6
1.5785611e-06	1.635011679e-06	6
1.597354953e-06	1.641852082e-06	6
1.616148805e-06	1.648692485e-06	6
1.634942657e-06	1.655532888e-06	6
1.65373651e-06	1.662373291e-06	6
1.672530362e-06	1.669213694e-06	6
1.691324215e-06	1.676054096e-06	6
1.710118067e-06	1.682894499e-06	6
1.728911919e-06	1.689734902e-06	6
1.747705772e-06	1.696575305e-06	6
1.766499624e-06	1.703415708e-06	6
1.785293477e-06	1.710256111e-06	6
1.804087329e-06	1.717096514e-06	6
1.822881182e-06	1.723936917e-06	6
1.841675034e-06	1.730777319e-06	6
1.860468886e-06	1.737617722e-06	6
1.879262739e-06	1.744458125e-06	6
1.898056591e-06	1.751298528e-06	6
1.916850444e-06	1.758138931e-06	6
1.935644296e-06	1.764979334e-06	6
1.935644296e-06	1.764979334e-06	-6
1.935644296e-06	1.764979334e-06	-6
1.935644296e-06	1.764979334e-06	-6
1.935644296e-06	1.764979334e-06	-6
1.935644296e-06	1.764979334e-06	-6
1.935644296e-06	1.764979334e-06	-6
1.935644296e-06	1.764979334e-06	-6
1.935644296e-06	1.764979334e-06	-6
1.935644296e-06	1.764979334e-06	-6
1.935644296e-06	1.764979334e-06	-6
1.935644296e-06	1.764979334e-06	-6
1.916850444e-06	1.758138931e-06	-6
1.898056591e-06	1.751298528e-06	-6
1.879262739e-06	1.744458125e-06	-6
1.860468886e-06	1.737617722e-06	-6
1.841675034e-06	1.730777319e-06	-6
1.822881182e-06	1.723936917e-06	-6
1.804087329e-06	1.717096514e-06	-6
1.785293477e-06	1.710256111e-06	-6
1.766499624e-06	1.703415708e-06	-6
1.747705772e-06	1.696575305e-06	-6
1.728911919e-06	1.689734902e-06	-6
1.710118067e-06	1.682894499e-06	-6
1.691324215e-06	1.676054096e-06	-6
1.672530362e-06	1.669213694e-06	-6
1.65373651e-06	1.662373291e-06	-6
1.634942657e-06	1.655532888e-06	-6
1.616148805e-06	1.648692485e-06	-6
1.597354953e-06	1.641852082e-06	-6
1.5785611e-06	1.635011679e-06	-6
1.559767248e-06	1.628171276e-06	-6
1.540973395e-06	1.621330874e-06	-6
1.522179543e-06	1.614490471e-06	-6
1.50338569e-06	1.607650068e-06	-6
1.484591838e-06	1.600809665e-06	-6
1.465797986e-06	1.593969262e-06	-6
1.447004133e-06	1.587128859e-06	-6
1.428210281e-06	1.580288456e-06	-6
1.409416428e-06	1.573448053e-06	-6
1.390622576e-06	1.566607651e-06	-6
1.371828724e-06	1.559767248e-06	-6
1.353034871e-06	1.552926845e-06	-6
1.334241019e-06	1.546086442e-06	-6
1.315447166e-06	1.539246039e-06	-6
1.296653314e-06	1.532405636e-06	-6
1.277859462e-06	1.525565233e-06	-6
1.259065609e-06	1.518724831e-06	-6
1.240271757e-06	1.511884428e-06	-6
1.221477904e-06	1.505044025e-06	-6
1.202684052e-06	1.498203622e-06	-6
1.183890199e-06	1.491363219e-06	-6
1.165096347e-06	1.484522816e-06	-6
1.146302495e-06	1.477682413e-06	-6
1.127508642e-06	1.47084201e-06	-6
1.10871479e-06	1.464001608e-06	-6
1.089920937e-06	1.457161205e-06	-6
1.071127085e-06	1.450320802e-06	-6
1.052333233e-06	1.443480399e-06	-6
1.03353938e-06	1.436639996e-06	-6
1.014745528e-06	1.429799593e-06	-6
9.959516753e-07	1.42295919e-06	-6
9.959516753e-07	1.42295919e-06	0
9.891112724e-07	1.441753043e-06	0
9.822708695e-07	1.460546895e-06	0
9.754304667e-07	1.479340748e-06	0
9.685900638e-07	1.4981346e-06	0
9.617496609e-07	1.516928452e-06	0
9.617496609e-07	1.516928452e-06	6
9.617496609e-07	1.516928452e-06	6
9.617496609e-07	1.516928452e-06	6
9.617496609e-07	1.516928452e-06	6
9.617496609e-07	1.516928452e-06	6
9.617496609e-07	1.516928452e-06	6
9.617496609e-07	1.516928452e-06	6
9.617496609e-07	1.516928452e-06	6
9.617496609e-07	1.516928452e-06	6
9.617496609e-07	1.516928452e-06	6
9.617496609e-07	1.516928452e-06	6
9.805435134e-07	1.523768855e-06	6
9.993373658e-07	1.530609258e-06	6
1.018131218e-06	1.537449661e-06	6
1.036925071e-06	1.544290064e-06	6
1.055718923e-06	1.551130467e-06	6
1.074512775e-06	1.55797087e-06	6
1.093306628e-06	1.564811273e-06	6
1.11210048e-06	1.571651675e-06	6
1.130894333e-06	1.578492078e-06	6
1.149688185e-06	1.585332481e-06	6
1.168482038e-06	1.592172884e-06	6
1.18727589e-06	1.599013287e-06	6
1.206069742e-06	1.60585369e-06	6
1.224863595e-06	1.612694093e-06	6
1.243657447e-06	1.619534495e-06	6
1.2624513e-06	1.626374898e-06	6
1.281245152e-06	1.633215301e-06	6
1.300039004e-06	1.640055704e-06	6
1.318832857e-06	1.646896107e-06	6
1.337626709e-06	1.65373651e-06	6
1.356420562e-06	1.660576913e-06	6
1.375214414e-06	1.667417316e-06	6
1.394008267e-06	1.674257718e-06	6
1.412802119e-06	1.681098121e-06	6
1.431595971e-06	1.687938524e-06	6
1.450389824e-06	1.694778927e-06	6
1.469183676e-06	1.70161933e-06	6
1.487977529e-06	1.708459733e-06	6
1.506771381e-06	1.715300136e-06	6
1.525565233e-06	1.722140538e-06	6
1.544359086e-06	1.728980941e-06	6
1.563152938e-06	1.735821344e-06	6
1.581946791e-06	1.742661747e-06	6
1.600740643e-06	1.74950215e-06	6
1.619534495e-06	1.756342553e-06	6
1.638328348e-06	1.763182956e-06	6
1.6571222e-06	1.770023359e-06	6
1.675916053e-06	1.776863761e-06	6
1.694709905e-06	1.783704164e-06	6
1.713503758e-06	1.790544567e-06	6
1.73229761e-06	1.79738497e-06	6
1.751091462e-06	1.804225373e-06	6
1.769885315e-06	1.811065776e-06	6
1.788679167e-06	1.817906179e-06	6
1.80747302e-06	1.824746581e-06	6
1.826266872e-06	1.831586984e-06	6
1.845060724e-06	1.838427387e-06	6
1.863854577e-06	1.84526779e-06	6
1.882648429e-06	1.852108193e-06	6
1.901442282e-06	1.858948596e-06	6
1.901442282e-06	1.858948596e-06	-6
1.901442282e-06	1.858948596e-06	-6
1.901442282e-06	1.858948596e-06	-6
1.901442282e-06	1.858948596e-06	-6
1.901442282e-06	1.858948596e-06	-6
1.901442282e-06	1.858948596e-06	-6
1.901442282e-06	1.858948596e-06	-6
1.901442282e-06	1.858948596e-06	-6
1.901442282e-06	1.858948596e-06	-6
1.901442282e-06	1.858948596e-06	-6
1.901442282e-06	1.858948596e-06	-6
1.882648429e-06	1.852108193e-06	-6
1.863854577e-06	1.84526779e-06	-6
1.845060724e-06	1.838427387e-06	-6
1.826266872e-06	1.831586984e-06	-6
1.80747302e-06	1.824746581e-06	-6
1.788679167e-06	1.817906179e-06	-6
1.769885315e-06	1.811065776e-06	-6
1.751091462e-06	1.804225373e-06	-6
1.73229761e-06	1.79738497e-06	-6
1.713503758e-06	1.790544567e-06	-6
1.694709905e-06	1.783704164e-06	-6
1.675916053e-06	1.776863761e-06	-6
1.6571222e-06	1.770023359e-06	-6
1.638328348e-06	1.763182956e-06	-6
1.619534495e-06	1.756342553e-06	-6
1.600740643e-06	1.74950215e-06	-6
1.581946791e-06	1.742661747e-06	-6
1.563152938e-06	1.735821344e-06	-6
1.544359086e-06	1.728980941e-06	-6
1.525565233e-06	1.722140538e-06	-6
1.506771381e-06	1.715300136e-06	-6
1.487977529e-06	1.708459733e-06	-6
1.469183676e-06	1.70161933e-06	-6
1.450389824e-06	1.694778927e-06	-6
1.431595971e-06	1.687938524e-06	-6
1.412802119e-06	1.681098121e-06	-6
1.394008267e-06	1.674257718e-06	-6
1.375214414e-06	1.667417316e-06	-6
1.356420562e-06	1.660576913e-06	-6
1.337626709e-06	1.65373651e-06	-6
1.318832857e-06	1.646896107e-06	-6
1.300039004e-06	1.640055704e-06	-6
1.281245152e-06	1.633215301e-06	-6
1.2624513e-06	1.626374898e-06	-6
1.243657447e-06	1.619534495e-06	-6
1.224863595e-06	1.612694093e-06	-6
1.206069742e-06	1.60585369e-06	-6
1.18727589e-06	1.599013287e-06	-6
1.168482038e-06	1.592172884e-06	-6
1.149688185e-06	1.585332481e-06	-6
1.130894333e-06	1.578492078e-06	-6
1.11210048e-06	1.571651675e-06	-6
1.093306628e-06	1.564811273e-06	-6
1.074512775e-06	1.55797087e-06	-6
1.055718923e-06	1.551130467e-06	-6
1.036925071e-06	1.544290064e-06	-6
1.018131218e-06	1.537449661e-06	-6
9.993373658e-07	1.530609258e-06	-6
9.805435134e-07	1.523768855e-06	-6
9.617496609e-07	1.516928452e-06	-6
9.617496609e-07	1.516928452e-06	0
9.549092581e-07	1.535722305e-06	0
9.480688552e-07	1.554516157e-06	0
9.412284523e-07	1.57331001e-06	0
9.343880495e-07	1.592103862e-06	0
9.275476466e-07	1.610897715e-06	0
9.275476466e-07	1.610897715e-06	6
9.275476466e-07	1.610897715e-06	6
9.275476466e-07	1.610897715e-06	6
9.275476466e-07	1.610897715e-06	6
9.275476466e-07	1.610897715e-06	6
9.275476466e-07	1.610897715e-06	6
9.275476466e-07	1.610897715e-06	6
9.275476466e-07	1.610897715e-06	6
9.275476466e-07	1.610897715e-06	6
9.275476466e-07	1.610897715e-06	6
9.275476466e-07	1.610897715e-06	6
9.46341499e-07	1.617738117e-06	6
9.651353514e-07	1.62457852e-06	6
9.839292039e-07	1.631418923e-06	6
1.002723056e-06	1.638259326e-06	6
1.021516909e-06	1.645099729e-06	6
1.040310761e-06	1.651940132e-06	6
1.059104614e-06	1.658780535e-06	6
1.077898466e-06	1.665620938e-06	6
1.096692318e-06	1.67246134e-06	6
1.115486171e-06	1.679301743e-06	6
1.134280023e-06	1.686142146e-06	6
1.153073876e-06	1.692982549e-06	6
1.171867728e-06	1.699822952e-06	6
1.19066158e-06	1.706663355e-06	6
1.209455433e-06	1.713503758e-06	6
1.228249285e-06	1.72034416e-06	6
1.247043138e-06	1.727184563e-06	6
1.26583699e-06	1.734024966e-06	6
1.284630843e-06	1.740865369e-06	6
1.303424695e-06	1.747705772e-06	6
1.322218547e-06	1.754546175e-06	6
1.3410124e-06	1.761386578e-06	6
1.359806252e-06	1.768226981e-06	6
1.378600105e-06	1.775067383e-06	6
1.397393957e-06	1.781907786e-06	6
1.416187809e-06	1.788748189e-06	6
1.434981662e-06	1.795588592e-06	6
1.453775514e-06	1.802428995e-06	6
1.472569367e-06	1.809269398e-06	6
1.491363219e-06	1.816109801e-06	6
1.510157071e-06	1.822950203e-06	6
1.528950924e-06	1.829790606e-06	6
1.547744776e-06	1.836631009e-06	6
1.566538629e-06	1.843471412e-06	6
1.585332481e-06	1.850311815e-06	6
1.604126334e-06	1.857152218e-06	6
1.622920186e-06	1.863992621e-06	6
1.641714038e-06	1.870833024e-06	6
1.660507891e-06	1.877673426e-06	6
1.679301743e-06	1.884513829e-06	6
1.698095596e-06	1.891354232e-06	6
1.716889448e-06	1.898194635e-06	6
1.7356833e-06	1.905035038e-06	6
1.754477153e-06	1.911875441e-06	6
1.773271005e-06	1.918715844e-06	6
1.792064858e-06	1.925556246e-06	6
1.81085871e-06	1.932396649e-06	6
1.829652563e-06	1.939237052e-06	6
1.848446415e-06	1.946077455e-06	6
1.867240267e-06	1.952917858e-06	6
1.867240267e-06	1.952917858e-06	-6
1.867240267e-06	1.952917858e-06	-6
1.867240267e-06	1.952917858e-06	-6
1.867240267e-06	1.952917858e-06	-6
1.867240267e-06	1.952917858e-06	-6
1.867240267e-06	1.952917858e-06	-6
1.867240267e-06	1.952917858e-06	-6
1.867240267e-06	1.952917858e-06	-6
1.867240267e-06	1.952917858e-06	-6
1.867240267e-06	1.952917858e-06	-6
1.867240267e-06	1.952917858e-06	-6
1.848446415e-06	1.946077455e-06	-6
1.829652563e-06	1.939237052e-06	-6
1.81085871e-06	1.932396649e-06	-6
1.792064858e-06	1.925556246e-06	-6
1.773271005e-06	1.918715844e-06	-6
1.754477153e-06	1.911875441e-06	-6
1.7356833e-06	1.905035038e-06	-6
1.716889448e-06	1.898194635e-06	-6
1.698095596e-06	1.891354232e-06	-6
1.679301743e-06	1.884513829e-06	-6
1.660507891e-06	1.877673426e-06	-6
1.641714038e-06	1.870833024e-06	-6
1.622920186e-06	1.863992621e-06	-6
1.604126334e-06	1.857152218e-06	-6
1.585332481e-06	1.850311815e-06	-6
1.566538629e-06	1.843471412e-06	-6
1.547744776e-06	1.836631009e-06	-6
1.528950924e-06	1.829790606e-06	-6
1.510157071e-06	1.822950203e-06	-6
1.491363219e-06	1.816109801e-06	-6
1.472569367e-06	1.809269398e-06	-6
1.453775514e-06	1.802428995e-06	-6
1.434981662e-06	1.795588592e-06	-6
1.416187809e-06	1.788748189e-06	-6
1.397393957e-06	1.781907786e-06	-6
1.378600105e-06	1.775067383e-06	-6
1.359806252e-06	1.768226981e-06	-6
1.3410124e-06	1.761386578e-06	-6
1.322218547e-06	1.754546175e-06	-6
1.303424695e-06	1.747705772e-06	-6
1.284630843e-06	1.740865369e-06	-6
1.26583699e-06	1.734024966e-06	-6
1.247043138e-06	1.727184563e-06	-6
1.228249285e-06	1.72034416e-06	-6
1.209455433e-06	1.713503758e-06	-6
1.19066158e-06	1.706663355e-06	-6
1.171867728e-06	1.699822952e-06	-6
1.153073876e-06	1.692982549e-06	-6
1.134280023e-06	1.686142146e-06	-6
1.115486171e-06	1.679301743e-06	-6
1.096692318e-06	1.67246134e-06	-6
1.077898466e-06	1.665620938e-06	-6
1.059104614e-06	1.658780535e-06	-6
1.040310761e-06	1.651940132e-06	-6
1.021516909e-06	1.645099729e-06	-6
1.002723056e-06	1.638259326e-06	-6
9.839292039e-07	1.631418923e-06	-6
9.651353514e-07	1.62457852e-06	-6
9.46341499e-07	1.617738117e-06	-6
9.275476466e-07	1.610897715e-06	-6
9.275476466e-07	1.610897715e-06	0
9.207072437e-07	1.629691567e-06	0
9.138668409e-07	1.648485419e-06	0
9.07026438e-07	1.667279272e-06	0
9.001860351e-07	1.686073124e-06	0
8.933456323e-07	1.704866977e-06	0
8.933456323e-07	1.704866977e-06	6
8.933456323e-07	1.704866977e-06	6
8.933456323e-07	1.704866977e-06	6
8.933456323e-07	1.704866977e-06	6
8.933456323e-07	1.704866977e-06	6
8.933456323e-07	1.704866977e-06	6
8.933456323e-07	1.704866977e-06	6
8.933456323e-07	1.704866977e-06	6
8.933456323e-07	1.704866977e-06	6
8.933456323e-07	1.704866977e-06	6
8.933456323e-07	1.704866977e-06	6
9.121394847e-07	1.71170738e-06	6
9.309333371e-07	1.718547782e-06	6
9.497271895e-07	1.725388185e-06	6
9.685210419e-07	1.732228588e-06	6
9.873148944e-07	1.739068991e-06	6
1.006108747e-06	1.745909394e-06	6
1.024902599e-06	1.752749797e-06	6
1.043696452e-06	1.7595902e-06	6
1.062490304e-06	1.766430602e-06	6
1.081284156e-06	1.773271005e-06	6
1.100078009e-06	1.780111408e-06	6
1.118871861e-06	1.786951811e-06	6
1.137665714e-06	1.793792214e-06	6
1.156459566e-06	1.800632617e-06	6
1.175253419e-06	1.80747302e-06	6
1.194047271e-06	1.814313423e-06	6
1.212841123e-06	1.821153825e-06	6
1.231634976e-06	1.827994228e-06	6
1.250428828e-06	1.834834631e-06	6
1.269222681e-06	1.841675034e-06	6
1.288016533e-06	1.848515437e-06	6
1.306810385e-06	1.85535584e-06	6
1.325604238e-06	1.862196243e-06	6
1.34439809e-06	1.869036645e-06	6
1.363191943e-06	1.875877048e-06	6
1.381985795e-06	1.882717451e-06	6
1.400779648e-06	1.889557854e-06	6
1.4195735e-06	1.896398257e-06	6
1.438367352e-06	1.90323866e-06	6
1.457161205e-06	1.910079063e-06	6
1.475955057e-06	1.916919466e-06	6
1.49474891e-06	1.923759868e-06	6
1.513542762e-06	1.930600271e-06	6
1.532336614e-06	1.937440674e-06	6
1.551130467e-06	1.944281077e-06	6
1.569924319e-06	1.95112148e-06	6
1.588718172e-06	1.957961883e-06	6
1.607512024e-06	1.964802286e-06	6
1.626305876e-06	1.971642688e-06	6
1.645099729e-06	1.978483091e-06	6
1.663893581e-06	1.985323494e-06	6
1.682687434e-06	1.992163897e-06	6
1.701481286e-06	1.9990043e-06	6
1.720275139e-06	2.005844703e-06	6
1.739068991e-06	2.012685106e-06	6
1.757862843e-06	2.019525509e-06	6
1.776656696e-06	2.026365911e-06	6
1.795450548e-06	2.033206314e-06	6
1.814244401e-06	2.040046717e-06	6
1.833038253e-06	2.04688712e-06	6
1.833038253e-06	2.04688712e-06	-6
1.833038253e-06	2.04688712e-06	-6
1.833038253e-06	2.04688712e-06	-6
1.833038253e-06	2.04688712e-06	-6
1.833038253e-06	2.04688712e-06	-6
1.833038253e-06	2.04688712e-06	-6
1.833038253e-06	2.04688712e-06	-6
1.833038253e-06	2.04688712e-06	-6
1.833038253e-06	2.04688712e-06	-6
1.833038253e-06	2.04688712e-06	-6
1.833038253e-06	2.04688712e-06	-6
1.814244401e-06	2.040046717e-06	-6
1.795450548e-06	2.033206314e-06	-6
1.776656696e-06	2.026365911e-06	-6
1.757862843e-06	2.019525509e-06	-6
1.739068991e-06	2.012685106e-06	-6
1.720275139e-06	2.005844703e-06	-6
1.701481286e-06	1.9990043e-06	-6
1.682687434e-06	1.992163897e-06	-6
1.663893581e-06	1.985323494e-06	-6
1.645099729e-06	1.978483091e-06	-6
1.626305876e-06	1.971642688e-06	-6
1.607512024e-06	1.964802286e-06	-6
1.588718172e-06	1.957961883e-06	-6
1.569924319e-06	1.95112148e-06	-6
1.551130467e-06	1.944281077e-06	-6
1.532336614e-06	1.937440674e-06	-6
1.513542762e-06	1.930600271e-06	-6
1.49474891e-06	1.923759868e-06	-6
1.475955057e-06	1.916919466e-06	-6
1.457161205e-06	1.910079063e-06	-6
1.438367352e-06	1.90323866e-06	-6
1.4195735e-06	1.896398257e-06	-6
1.400779648e-06	1.889557854e-06	-6
1.381985795e-06	1.882717451e-06	-6
1.363191943e-06	1.875877048e-06	-6
1.34439809e-06	1.869036645e-06	-6
1.325604238e-06	1.862196243e-06	-6
1.306810385e-06	1.85535584e-06	-6
1.288016533e-06	1.848515437e-06	-6
1.269222681e-06	1.841675034e-06	-6
1.250428828e-06	1.834834631e-06	-6
1.231634976e-06	1.827994228e-06	-6
1.212841123e-06	1.821153825e-06	-6
1.194047271e-06	1.814313423e-06	-6
1.175253419e-06	1.80747302e-06	-6
1.156459566e-06	1.800632617e-06	-6
1.137665714e-06	1.793792214e-06	-6
1.118871861e-06	1.786951811e-06	-6
1.100078009e-06	1.780111408e-06	-6
1.081284156e-06	1.773271005e-06	-6
1.062490304e-06	1.766430602e-06	-6
1.043696452e-06	1.7595902e-06	-6
1.024902599e-06	1.752749797e-06	-6
1.006108747e-06	1.745909394e-06	-6
9.873148944e-07	1.739068991e-06	-6
9.685210419e-07	1.732228588e-06	-6
9.497271895e-07	1.725388185e-06	-6
9.309333371e-07	1.718547782e-06	-6
9.121394847e-07	1.71170738e-06	-6
8.933456323e-07	1.704866977e-06	-6
8.933456323e-07	1.704866977e-06	0
8.865052294e-07	1.723660829e-06	0
8.796648265e-07	1.742454681e-06	0
8.728244237e-07	1.761248534e-06	0
8.659840208e-07	1.780042386e-06	0
8.591436179e-07	1.798836239e-06	0
8.591436179e-07	1.798836239e-06	6
8.591436179e-07	1.798836239e-06	6
8.591436179e-07	1.798836239e-06	6
8.591436179e-07	1.798836239e-06	6
8.591436179e-07	1.798836239e-06	6
8.591436179e-07	1.798836239e-06	6
8.591436179e-07	1.798836239e-06	6
8.591436179e-07	1.798836239e-06	6
8.591436179e-07	1.798836239e-06	6
8.591436179e-07	1.798836239e-06	6
8.591436179e-07	1.798836239e-06	6
8.779374704e-07	1.805676642e-06	6
8.967313228e-07	1.812517044e-06	6
9.155251752e-07	1.819357447e-06	6
9.343190276e-07	1.82619785e-06	6
9.5311288e-07	1.833038253e-06	6
9.719067324e-07	1.839878656e-06	6
9.907005849e-07	1.846719059e-06	6
1.009494437e-06	1.853559462e-06	6
1.02828829e-06	1.860399865e-06	6
1.047082142e-06	1.867240267e-06	6
1.065875995e-06	1.87408067e-06	6
1.084669847e-06	1.880921073e-06	6
1.103463699e-06	1.887761476e-06	6
1.122257552e-06	1.894601879e-06	6
1.141051404e-06	1.901442282e-06	6
1.159845257e-06	1.908282685e-06	6
1.178639109e-06	1.915123087e-06	6
1.197432961e-06	1.92196349e-06	6
1.216226814e-06	1.928803893e-06	6
1.235020666e-06	1.935644296e-06	6
1.253814519e-06	1.942484699e-06	6
1.272608371e-06	1.949325102e-06	6
1.291402224e-06	1.956165505e-06	6
1.310196076e-06	1.963005908e-06	6
1.328989928e-06	1.96984631e-06	6
1.347783781e-06	1.976686713e-06	6
1.366577633e-06	1.983527116e-06	6
1.385371486e-06	1.990367519e-06	6
1.404165338e-06	1.997207922e-06	6
1.42295919e-06	2.004048325e-06	6
1.441753043e-06	2.010888728e-06	6
1.460546895e-06	2.01772913e-06	6
1.479340748e-06	2.024569533e-06	6
1.4981346e-06	2.031409936e-06	6
1.516928452e-06	2.038250339e-06	6
1.535722305e-06	2.045090742e-06	6
1.554516157e-06	2.051931145e-06	6
1.57331001e-06	2.058771548e-06	6
1.592103862e-06	2.065611951e-06	6
1.610897715e-06	2.072452353e-06	6
1.629691567e-06	2.079292756e-06	6
1.648485419e-06	2.086133159e-06	6
1.667279272e-06	2.092973562e-06	6
1.686073124e-06	2.099813965e-06	6
1.704866977e-06	2.106654368e-06	6
1.723660829e-06	2.113494771e-06	6
1.742454681e-06	2.120335173e-06	6
1.761248534e-06	2.127175576e-06	6
1.780042386e-06	2.134015979e-06	6
1.798836239e-06	2.140856382e-06	6
1.798836239e-06	2.140856382e-06	-6
1.798836239e-06	2.140856382e-06	-6
1.798836239e-06	2.140856382e-06	-6
1.798836239e-06	2.140856382e-06	-6
1.798836239e-06	2.140856382e-06	-6
1.798836239e-06	2.140856382e-06	-6
1.798836239e-06	2.140856382e-06	-6
1.798836239e-06	2.140856382e-06	-6
1.798836239e-06	2.140856382e-06	-6
1.798836239e-06	2.140856382e-06	-6
1.798836239e-06	2.140856382e-06	-6
1.780042386e-06	2.134015979e-06	-6
1.761248534e-06	2.127175576e-06	-6
1.742454681e-06	2.120335173e-06	-6
1.723660829e-06	2.113494771e-06	-6
1.704866977e-06	2.106654368e-06	-6
1.686073124e-06	2.099813965e-06	-6
1.667279272e-06	2.092973562e-06	-6
1.648485419e-06	2.086133159e-06	-6
1.629691567e-06	2.079292756e-06	-6
1.610897715e-06	2.072452353e-06	-6
1.592103862e-06	2.065611951e-06	-6
1.57331001e-06	2.058771548e-06	-6
1.554516157e-06	2.051931145e-06	-6
1.535722305e-06	2.045090742e-06	-6
1.516928452e-06	2.038250339e-06	-6
1.4981346e-06	2.031409936e-06	-6
1.479340748e-06	2.024569533e-06	-6
1.460546895e-06	2.01772913e-06	-6
1.441753043e-06	2.010888728e-06	-6
1.42295919e-06	2.004048325e-06	-6
1.404165338e-06	1.997207922e-06	-6
1.385371486e-06	1.990367519e-06	-6
1.366577633e-06	1.983527116e-06	-6
1.347783781e-06	1.976686713e-06	-6
1.328989928e-06	1.96984631e-06	-6
1.310196076e-06	1.963005908e-06	-6
1.291402224e-06	1.956165505e-06	-6
1.272608371e-06	1.949325102e-06	-6
1.253814519e-06	1.942484699e-06	-6
1.235020666e-06	1.935644296e-06	-6
1.216226814e-06	1.928803893e-06	-6
1.197432961e-06	1.92196349e-06	-6
1.178639109e-06	1.915123087e-06	-6
1.159845257e-06	1.908282685e-06	-6
1.141051404e-06	1.901442282e-06	-6
1.122257552e-06	1.894601879e-06	-6
1.103463699e-06	1.887761476e-06	-6
1.084669847e-06	1.880921073e-06	-6
1.065875995e-06	1.87408067e-06	-6
1.047082142e-06	1.867240267e-06	-6
1.02828829e-06	1.860399865e-06	-6
1.009494437e-06	1.853559462e-06	-6
9.907005849e-07	1.846719059e-06	-6
9.719067324e-07	1.839878656e-06	-6
9.5311288e-07	1.833038253e-06	-6
9.343190276e-07	1.82619785e-06	-6
9.155251752e-07	1.819357447e-06	-6
8.967313228e-07	1.812517044e-06	-6
8.779374704e-07	1.805676642e-06	-6
8.591436179e-07	1.798836239e-06	-6
