# X_m	Y_m	V
2.140856382e-06	3.798836239e-06	6
2.140856382e-06	3.798836239e-06	6
2.140856382e-06	3.798836239e-06	6
2.140856382e-06	3.798836239e-06	6
2.140856382e-06	3.798836239e-06	6
2.140856382e-06	3.798836239e-06	6
2.140856382e-06	3.798836239e-06	6
2.140856382e-06	3.798836239e-06	6
2.140856382e-06	3.798836239e-06	6
2.140856382e-06	3.798836239e-06	6
2.140856382e-06	3.798836239e-06	6
2.122431037e-06	3.805542516e-06	6
2.104005691e-06	3.812248793e-06	6
2.085580346e-06	3.818955071e-06	6
2.067155e-06	3.825661348e-06	6
2.048729655e-06	3.832367625e-06	6
2.030304309e-06	3.839073903e-06	6
2.011878964e-06	3.84578018e-06	6
1.993453618e-06	3.852486457e-06	6
1.975028273e-06	3.859192735e-06	6
1.956602927e-06	3.865899012e-06	6
1.938177581e-06	3.872605289e-06	6
1.919752236e-06	3.879311567e-06	6
1.90132689e-06	3.886017844e-06	6
1.882901545e-06	3.892724121e-06	6
1.864476199e-06	3.899430399e-06	6
1.846050854e-06	3.906136676e-06	6
1.827625508e-06	3.912842953e-06	6
1.809200163e-06	3.91954923e-06	6
1.790774817e-06	3.926255508e-06	6
1.772349472e-06	3.932961785e-06	6
1.753924126e-06	3.939668062e-06	6
1.735498781e-06	3.94637434e-06	6
1.717073435e-06	3.953080617e-06	6
1.69864809e-06	3.959786894e-06	6
1.680222744e-06	3.966493172e-06	6
1.661797399e-06	3.973199449e-06	6
1.643372053e-06	3.979905726e-06	6
1.624946708e-06	3.986612004e-06	6
1.606521362e-06	3.993318281e-06	6
1.588096017e-06	4.000024558e-06	6
1.569670671e-06	4.006730836e-06	6
1.551245326e-06	4.013437113e-06	6
1.53281998e-06	4.02014339e-06	6
1.514394635e-06	4.026849668e-06	6
1.495969289e-06	4.033555945e-06	6
1.477543944e-06	4.040262222e-06	6
1.459118598e-06	4.0469685e-06	6
1.440693253e-06	4.053674777e-06	6
1.422267907e-06	4.060381054e-06	6
1.403842562e-06	4.067087332e-06	6
1.385417216e-06	4.073793609e-06	6
1.366991871e-06	4.080499886e-06	6
1.348566525e-06	4.087206163e-06	6
1.33014118e-06	4.093912441e-06	6
1.311715834e-06	4.100618718e-06	6
1.293290489e-06	4.107324995e-06	6
1.274865143e-06	4.114031273e-06	6
1.256439798e-06	4.12073755e-06	6
1.238014452e-06	4.127443827e-06	6
1.219589107e-06	4.134150105e-06	6
1.201163761e-06	4.140856382e-06	6
1.201163761e-06	4.140856382e-06	-6
1.201163761e-06	4.140856382e-06	-6
1.201163761e-06	4.140856382e-06	-6
1.201163761e-06	4.140856382e-06	-6
1.201163761e-06	4.140856382e-06	-6
1.201163761e-06	4.140856382e-06	-6
1.201163761e-06	4.140856382e-06	-6
1.201163761e-06	4.140856382e-06	-6
1.201163761e-06	4.140856382e-06	-6
1.201163761e-06	4.140856382e-06	-6
1.201163761e-06	4.140856382e-06	-6
1.219589107e-06	4.134150105e-06	-6
1.238014452e-06	4.127443827e-06	-6
1.256439798e-06	4.12073755e-06	-6
1.274865143e-06	4.114031273e-06	-6
1.293290489e-06	4.107324995e-06	-6
1.311715834e-06	4.100618718e-06	-6
1.33014118e-06	4.093912441e-06	-6
1.348566525e-06	4.087206163e-06	-6
1.366991871e-06	4.080499886e-06	-6
1.385417216e-06	4.073793609e-06	-6
1.403842562e-06	4.067087332e-06	-6
1.422267907e-06	4.060381054e-06	-6
1.440693253e-06	4.053674777e-06	-6
1.459118598e-06	4.0469685e-06	-6
1.477543944e-06	4.040262222e-06	-6
1.495969289e-06	4.033555945e-06	-6
1.514394635e-06	4.026849668e-06	-6
1.53281998e-06	4.02014339e-06	-6
1.551245326e-06	4.013437113e-06	-6
1.569670671e-06	4.006730836e-06	-6
1.588096017e-06	4.000024558e-06	-6
1.606521362e-06	3.993318281e-06	-6
1.624946708e-06	3.986612004e-06	-6
1.643372053e-06	3.979905726e-06	-6
1.661797399e-06	3.973199449e-06	-6
1.680222744e-06	3.966493172e-06	-6
1.69864809e-06	3.959786894e-06	-6
1.717073435e-06	3.953080617e-06	-6
1.735498781e-06	3.94637434e-06	-6
1.753924126e-06	3.939668062e-06	-6
1.772349472e-06	3.932961785e-06	-6
1.790774817e-06	3.926255508e-06	-6
1.809200163e-06	3.91954923e-06	-6
1.827625508e-06	3.912842953e-06	-6
1.846050854e-06	3.906136676e-06	-6
1.864476199e-06	3.899430399e-06	-6
1.882901545e-06	3.892724121e-06	-6
1.90132689e-06	3.886017844e-06	-6
1.919752236e-06	3.879311567e-06	-6
1.938177581e-06	3.872605289e-06	-6
1.956602927e-06	3.865899012e-06	-6
1.975028273e-06	3.859192735e-06	-6
1.993453618e-06	3.852486457e-06	-6
2.011878964e-06	3.84578018e-06	-6
2.030304309e-06	3.839073903e-06	-6
2.048729655e-06	3.832367625e-06	-6
2.067155e-06	3.825661348e-06	-6
2.085580346e-06	3.818955071e-06	-6
2.104005691e-06	3.812248793e-06	-6
2.122431037e-06	3.805542516e-06	-6
2.140856382e-06	3.798836239e-06	-6
2.140856382e-06	3.798836239e-06	0
2.134015979e-06	3.780042386e-06	0
2.127175576e-06	3.761248534e-06	0
2.120335173e-06	3.742454681e-06	0
2.113494771e-06	3.723660829e-06	0
2.106654368e-06	3.704866977e-06	0
2.106654368e-06	3.704866977e-06	6
2.106654368e-06	3.704866977e-06	6
2.106654368e-06	3.704866977e-06	6
2.106654368e-06	3.704866977e-06	6
2.106654368e-06	3.704866977e-06	6
2.106654368e-06	3.704866977e-06	6
2.106654368e-06	3.704866977e-06	6
2.106654368e-06	3.704866977e-06	6
2.106654368e-06	3.704866977e-06	6
2.106654368e-06	3.704866977e-06	6
2.106654368e-06	3.704866977e-06	6
2.088229022e-06	3.711573254e-06	6
2.069803677e-06	3.718279531e-06	6
2.051378331e-06	3.724985809e-06	6
2.032952986e-06	3.731692086e-06	6
2.01452764e-06	3.738398363e-06	6
1.996102295e-06	3.745104641e-06	6
1.977676949e-06	3.751810918e-06	6
1.959251604e-06	3.758517195e-06	6
1.940826258e-06	3.765223473e-06	6
1.922400913e-06	3.77192975e-06	6
1.903975567e-06	3.778636027e-06	6
1.885550222e-06	3.785342304e-06	6
1.867124876e-06	3.792048582e-06	6
1.848699531e-06	3.798754859e-06	6
1.830274185e-06	3.805461136e-06	6
1.81184884e-06	3.812167414e-06	6
1.793423494e-06	3.818873691e-06	6
1.774998149e-06	3.825579968e-06	6
1.756572803e-06	3.832286246e-06	6
1.738147458e-06	3.838992523e-06	6
1.719722112e-06	3.8456988e-06	6
1.701296767e-06	3.852405078e-06	6
1.682871421e-06	3.859111355e-06	6
1.664446076e-06	3.865817632e-06	6
1.64602073e-06	3.87252391e-06	6
1.627595385e-06	3.879230187e-06	6
1.609170039e-06	3.885936464e-06	6
1.590744694e-06	3.892642742e-06	6
1.572319348e-06	3.899349019e-06	6
1.553894003e-06	3.906055296e-06	6
1.535468657e-06	3.912761574e-06	6
1.517043312e-06	3.919467851e-06	6
1.498617966e-06	3.926174128e-06	6
1.480192621e-06	3.932880406e-06	6
1.461767275e-06	3.939586683e-06	6
1.44334193e-06	3.94629296e-06	6
1.424916584e-06	3.952999237e-06	6
1.406491239e-06	3.959705515e-06	6
1.388065893e-06	3.966411792e-06	6
1.369640547e-06	3.973118069e-06	6
1.351215202e-06	3.979824347e-06	6
1.332789856e-06	3.986530624e-06	6
1.314364511e-06	3.993236901e-06	6
1.295939165e-06	3.999943179e-06	6
1.27751382e-06	4.006649456e-06	6
1.259088474e-06	4.013355733e-06	6
1.240663129e-06	4.020062011e-06	6
1.222237783e-06	4.026768288e-06	6
1.203812438e-06	4.033474565e-06	6
1.185387092e-06	4.040180843e-06	6
1.166961747e-06	4.04688712e-06	6
1.166961747e-06	4.04688712e-06	-6
1.166961747e-06	4.04688712e-06	-6
1.166961747e-06	4.04688712e-06	-6
1.166961747e-06	4.04688712e-06	-6
1.166961747e-06	4.04688712e-06	-6
1.166961747e-06	4.04688712e-06	-6
1.166961747e-06	4.04688712e-06	-6
1.166961747e-06	4.04688712e-06	-6
1.166961747e-06	4.04688712e-06	-6
1.166961747e-06	4.04688712e-06	-6
1.166961747e-06	4.04688712e-06	-6
1.185387092e-06	4.040180843e-06	-6
1.203812438e-06	4.033474565e-06	-6
1.222237783e-06	4.026768288e-06	-6
1.240663129e-06	4.020062011e-06	-6
1.259088474e-06	4.013355733e-06	-6
1.27751382e-06	4.006649456e-06	-6
1.295939165e-06	3.999943179e-06	-6
1.314364511e-06	3.993236901e-06	-6
1.332789856e-06	3.986530624e-06	-6
1.351215202e-06	3.979824347e-06	-6
1.369640547e-06	3.973118069e-06	-6
1.388065893e-06	3.966411792e-06	-6
1.406491239e-06	3.959705515e-06	-6
1.424916584e-06	3.952999237e-06	-6
1.44334193e-06	3.94629296e-06	-6
1.461767275e-06	3.939586683e-06	-6
1.480192621e-06	3.932880406e-06	-6
1.498617966e-06	3.926174128e-06	-6
1.517043312e-06	3.919467851e-06	-6
1.535468657e-06	3.912761574e-06	-6
1.553894003e-06	3.906055296e-06	-6
1.572319348e-06	3.899349019e-06	-6
1.590744694e-06	3.892642742e-06	-6
1.609170039e-06	3.885936464e-06	-6
1.627595385e-06	3.879230187e-06	-6
1.64602073e-06	3.87252391e-06	-6
1.664446076e-06	3.865817632e-06	-6
1.682871421e-06	3.859111355e-06	-6
1.701296767e-06	3.852405078e-06	-6
1.719722112e-06	3.8456988e-06	-6
1.738147458e-06	3.838992523e-06	-6
1.756572803e-06	3.832286246e-06	-6
1.774998149e-06	3.825579968e-06	-6
1.793423494e-06	3.818873691e-06	-6
1.81184884e-06	3.812167414e-06	-6
1.830274185e-06	3.805461136e-06	-6
1.848699531e-06	3.798754859e-06	-6
1.867124876e-06	3.792048582e-06	-6
1.885550222e-06	3.785342304e-06	-6
1.903975567e-06	3.778636027e-06	-6
1.922400913e-06	3.77192975e-06	-6
1.940826258e-06	3.765223473e-06	-6
1.959251604e-06	3.758517195e-06	-6
1.977676949e-06	3.751810918e-06	-6
1.996102295e-06	3.745104641e-06	-6
2.01452764e-06	3.738398363e-06	-6
2.032952986e-06	3.731692086e-06	-6
2.051378331e-06	3.724985809e-06	-6
2.069803677e-06	3.718279531e-06	-6
2.088229022e-06	3.711573254e-06	-6
2.106654368e-06	3.704866977e-06	-6
2.106654368e-06	3.704866977e-06	0
2.100954032e-06	3.689205433e-06	0
2.095253696e-06	3.673543889e-06	0
2.089553361e-06	3.657882346e-06	0
2.083853025e-06	3.642220802e-06	0
2.078152689e-06	3.626559258e-06	0
2.072452353e-06	3.610897715e-06	0
2.072452353e-06	3.610897715e-06	6
2.072452353e-06	3.610897715e-06	6
2.072452353e-06	3.610897715e-06	6
2.072452353e-06	3.610897715e-06	6
2.072452353e-06	3.610897715e-06	6
2.072452353e-06	3.610897715e-06	6
2.072452353e-06	3.610897715e-06	6
2.072452353e-06	3.610897715e-06	6
2.072452353e-06	3.610897715e-06	6
2.072452353e-06	3.610897715e-06	6
2.072452353e-06	3.610897715e-06	6
2.053658501e-06	3.617738117e-06	6
2.034864649e-06	3.62457852e-06	6
2.016070796e-06	3.631418923e-06	6
1.997276944e-06	3.638259326e-06	6
1.978483091e-06	3.645099729e-06	6
1.959689239e-06	3.651940132e-06	6
1.940895386e-06	3.658780535e-06	6
1.922101534e-06	3.665620938e-06	6
1.903307682e-06	3.67246134e-06	6
1.884513829e-06	3.679301743e-06	6
1.865719977e-06	3.686142146e-06	6
1.846926124e-06	3.692982549e-06	6
1.828132272e-06	3.699822952e-06	6
1.80933842e-06	3.706663355e-06	6
1.790544567e-06	3.713503758e-06	6
1.771750715e-06	3.72034416e-06	6
1.752956862e-06	3.727184563e-06	6
1.73416301e-06	3.734024966e-06	6
1.715369157e-06	3.740865369e-06	6
1.696575305e-06	3.747705772e-06	6
1.677781453e-06	3.754546175e-06	6
1.6589876e-06	3.761386578e-06	6
1.640193748e-06	3.768226981e-06	6
1.621399895e-06	3.775067383e-06	6
1.602606043e-06	3.781907786e-06	6
1.583812191e-06	3.788748189e-06	6
1.565018338e-06	3.795588592e-06	6
1.546224486e-06	3.802428995e-06	6
1.527430633e-06	3.809269398e-06	6
1.508636781e-06	3.816109801e-06	6
1.489842929e-06	3.822950203e-06	6
1.471049076e-06	3.829790606e-06	6
1.452255224e-06	3.836631009e-06	6
1.433461371e-06	3.843471412e-06	6
1.414667519e-06	3.850311815e-06	6
1.395873666e-06	3.857152218e-06	6
1.377079814e-06	3.863992621e-06	6
1.358285962e-06	3.870833024e-06	6
1.339492109e-06	3.877673426e-06	6
1.320698257e-06	3.884513829e-06	6
1.301904404e-06	3.891354232e-06	6
1.283110552e-06	3.898194635e-06	6
1.2643167e-06	3.905035038e-06	6
1.245522847e-06	3.911875441e-06	6
1.226728995e-06	3.918715844e-06	6
1.207935142e-06	3.925556246e-06	6
1.18914129e-06	3.932396649e-06	6
1.170347437e-06	3.939237052e-06	6
1.151553585e-06	3.946077455e-06	6
1.132759733e-06	3.952917858e-06	6
1.132759733e-06	3.952917858e-06	-6
1.132759733e-06	3.952917858e-06	-6
1.132759733e-06	3.952917858e-06	-6
1.132759733e-06	3.952917858e-06	-6
1.132759733e-06	3.952917858e-06	-6
1.132759733e-06	3.952917858e-06	-6
1.132759733e-06	3.952917858e-06	-6
1.132759733e-06	3.952917858e-06	-6
1.132759733e-06	3.952917858e-06	-6
1.132759733e-06	3.952917858e-06	-6
1.132759733e-06	3.952917858e-06	-6
1.151553585e-06	3.946077455e-06	-6
1.170347437e-06	3.939237052e-06	-6
1.18914129e-06	3.932396649e-06	-6
1.207935142e-06	3.925556246e-06	-6
1.226728995e-06	3.918715844e-06	-6
1.245522847e-06	3.911875441e-06	-6
1.2643167e-06	3.905035038e-06	-6
1.283110552e-06	3.898194635e-06	-6
1.301904404e-06	3.891354232e-06	-6
1.320698257e-06	3.884513829e-06	-6
1.339492109e-06	3.877673426e-06	-6
1.358285962e-06	3.870833024e-06	-6
1.377079814e-06	3.863992621e-06	-6
1.395873666e-06	3.857152218e-06	-6
1.414667519e-06	3.850311815e-06	-6
1.433461371e-06	3.843471412e-06	-6
1.452255224e-06	3.836631009e-06	-6
1.471049076e-06	3.829790606e-06	-6
1.489842929e-06	3.822950203e-06	-6
1.508636781e-06	3.816109801e-06	-6
1.527430633e-06	3.809269398e-06	-6
1.546224486e-06	3.802428995e-06	-6
1.565018338e-06	3.795588592e-06	-6
1.583812191e-06	3.788748189e-06	-6
1.602606043e-06	3.781907786e-06	-6
1.621399895e-06	3.775067383e-06	-6
1.640193748e-06	3.768226981e-06	-6
1.6589876e-06	3.761386578e-06	-6
1.677781453e-06	3.754546175e-06	-6
1.696575305e-06	3.747705772e-06	-6
1.715369157e-06	3.740865369e-06	-6
1.73416301e-06	3.734024966e-06	-6
1.752956862e-06	3.727184563e-06	-6
1.771750715e-06	3.72034416e-06	-6
1.790544567e-06	3.713503758e-06	-6
1.80933842e-06	3.706663355e-06	-6
1.828132272e-06	3.699822952e-06	-6
1.846926124e-06	3.692982549e-06	-6
1.865719977e-06	3.686142146e-06	-6
1.884513829e-06	3.679301743e-06	-6
1.903307682e-06	3.67246134e-06	-6
1.922101534e-06	3.665620938e-06	-6
1.940895386e-06	3.658780535e-06	-6
1.959689239e-06	3.651940132e-06	-6
1.978483091e-06	3.645099729e-06	-6
1.997276944e-06	3.638259326e-06	-6
2.016070796e-06	3.631418923e-06	-6
2.034864649e-06	3.62457852e-06	-6
2.053658501e-06	3.617738117e-06	-6
2.072452353e-06	3.610897715e-06	-6
2.072452353e-06	3.610897715e-06	0
2.065611951e-06	3.592103862e-06	0
2.058771548e-06	3.57331001e-06	0
2.051931145e-06	3.554516157e-06	0
2.045090742e-06	3.535722305e-06	0
2.038250339e-06	3.516928452e-06	0
2.038250339e-06	3.516928452e-06	6
2.038250339e-06	3.516928452e-06	6
2.038250339e-06	3.516928452e-06	6
2.038250339e-06	3.516928452e-06	6
2.038250339e-06	3.516928452e-06	6
2.038250339e-06	3.516928452e-06	6
2.038250339e-06	3.516928452e-06	6
2.038250339e-06	3.516928452e-06	6
2.038250339e-06	3.516928452e-06	6
2.038250339e-06	3.516928452e-06	6
2.038250339e-06	3.516928452e-06	6
2.019824994e-06	3.52363473e-06	6
2.001399648e-06	3.530341007e-06	6
1.982974303e-06	3.537047284e-06	6
1.964548957e-06	3.543753562e-06	6
1.946123612e-06	3.550459839e-06	6
1.927698266e-06	3.557166116e-06	6
1.909272921e-06	3.563872394e-06	6
1.890847575e-06	3.570578671e-06	6
1.87242223e-06	3.577284948e-06	6
1.853996884e-06	3.583991226e-06	6
1.835571538e-06	3.590697503e-06	6
1.817146193e-06	3.59740378e-06	6
1.798720847e-06	3.604110058e-06	6
1.780295502e-06	3.610816335e-06	6
1.761870156e-06	3.617522612e-06	6
1.743444811e-06	3.62422889e-06	6
1.725019465e-06	3.630935167e-06	6
1.70659412e-06	3.637641444e-06	6
1.688168774e-06	3.644347722e-06	6
1.669743429e-06	3.651053999e-06	6
1.651318083e-06	3.657760276e-06	6
1.632892738e-06	3.664466554e-06	6
1.614467392e-06	3.671172831e-06	6
1.596042047e-06	3.677879108e-06	6
1.577616701e-06	3.684585385e-06	6
1.559191356e-06	3.691291663e-06	6
1.54076601e-06	3.69799794e-06	6
1.522340665e-06	3.704704217e-06	6
1.503915319e-06	3.711410495e-06	6
1.485489974e-06	3.718116772e-06	6
1.467064628e-06	3.724823049e-06	6
1.448639283e-06	3.731529327e-06	6
1.430213937e-06	3.738235604e-06	6
1.411788592e-06	3.744941881e-06	6
1.393363246e-06	3.751648159e-06	6
1.374937901e-06	3.758354436e-06	6
1.356512555e-06	3.765060713e-06	6
1.33808721e-06	3.771766991e-06	6
1.319661864e-06	3.778473268e-06	6
1.301236519e-06	3.785179545e-06	6
1.282811173e-06	3.791885823e-06	6
1.264385828e-06	3.7985921e-06	6
1.245960482e-06	3.805298377e-06	6
1.227535137e-06	3.812004655e-06	6
1.209109791e-06	3.818710932e-06	6
1.190684446e-06	3.825417209e-06	6
1.1722591e-06	3.832123487e-06	6
1.153833755e-06	3.838829764e-06	6
1.135408409e-06	3.845536041e-06	6
1.116983064e-06	3.852242318e-06	6
1.098557718e-06	3.858948596e-06	6
1.098557718e-06	3.858948596e-06	-6
1.098557718e-06	3.858948596e-06	-6
1.098557718e-06	3.858948596e-06	-6
1.098557718e-06	3.858948596e-06	-6
1.098557718e-06	3.858948596e-06	-6
1.098557718e-06	3.858948596e-06	-6
1.098557718e-06	3.858948596e-06	-6
1.098557718e-06	3.858948596e-06	-6
1.098557718e-06	3.858948596e-06	-6
1.098557718e-06	3.858948596e-06	-6
1.098557718e-06	3.858948596e-06	-6
1.116983064e-06	3.852242318e-06	-6
1.135408409e-06	3.845536041e-06	-6
1.153833755e-06	3.838829764e-06	-6
1.1722591e-06	3.832123487e-06	-6
1.190684446e-06	3.825417209e-06	-6
1.209109791e-06	3.818710932e-06	-6
1.227535137e-06	3.812004655e-06	-6
1.245960482e-06	3.805298377e-06	-6
1.264385828e-06	3.7985921e-06	-6
1.282811173e-06	3.791885823e-06	-6
1.301236519e-06	3.785179545e-06	-6
1.319661864e-06	3.778473268e-06	-6
1.33808721e-06	3.771766991e-06	-6
1.356512555e-06	3.765060713e-06	-6
1.374937901e-06	3.758354436e-06	-6
1.393363246e-06	3.751648159e-06	-6
1.411788592e-06	3.744941881e-06	-6
1.430213937e-06	3.738235604e-06	-6
1.448639283e-06	3.731529327e-06	-6
1.467064628e-06	3.724823049e-06	-6
1.485489974e-06	3.718116772e-06	-6
1.503915319e-06	3.711410495e-06	-6
1.522340665e-06	3.704704217e-06	-6
1.54076601e-06	3.69799794e-06	-6
1.559191356e-06	3.691291663e-06	-6
1.577616701e-06	3.684585385e-06	-6
1.596042047e-06	3.677879108e-06	-6
1.614467392e-06	3.671172831e-06	-6
1.632892738e-06	3.664466554e-06	-6
1.651318083e-06	3.657760276e-06	-6
1.669743429e-06	3.651053999e-06	-6
1.688168774e-06	3.644347722e-06	-6
1.70659412e-06	3.637641444e-06	-6
1.725019465e-06	3.630935167e-06	-6
1.743444811e-06	3.62422889e-06	-6
1.761870156e-06	3.617522612e-06	-6
1.780295502e-06	3.610816335e-06	-6
1.798720847e-06	3.604110058e-06	-6
1.817146193e-06	3.59740378e-06	-6
1.835571538e-06	3.590697503e-06	-6
1.853996884e-06	3.583991226e-06	-6
1.87242223e-06	3.577284948e-06	-6
1.890847575e-06	3.570578671e-06	-6
1.909272921e-06	3.563872394e-06	-6
1.927698266e-06	3.557166116e-06	-6
1.946123612e-06	3.550459839e-06	-6
1.964548957e-06	3.543753562e-06	-6
1.982974303e-06	3.537047284e-06	-6
2.001399648e-06	3.530341007e-06	-6
2.019824994e-06	3.52363473e-06	-6
2.038250339e-06	3.516928452e-06	-6
2.038250339e-06	3.516928452e-06	0
2.031409936e-06	3.4981346e-06	0
2.024569533e-06	3.479340748e-06	0
2.01772913e-06	3.460546895e-06	0
2.010888728e-06	3.441753043e-06	0
2.004048325e-06	3.42295919e-06	0
2.004048325e-06	3.42295919e-06	6
2.004048325e-06	3.42295919e-06	6
2.004048325e-06	3.42295919e-06	6
2.004048325e-06	3.42295919e-06	6
2.004048325e-06	3.42295919e-06	6
2.004048325e-06	3.42295919e-06	6
2.004048325e-06	3.42295919e-06	6
2.004048325e-06	3.42295919e-06	6
2.004048325e-06	3.42295919e-06	6
2.004048325e-06	3.42295919e-06	6
2.004048325e-06	3.42295919e-06	6
1.985622979e-06	3.429665468e-06	6
1.967197634e-06	3.436371745e-06	6
1.948772288e-06	3.443078022e-06	6
1.930346943e-06	3.4497843e-06	6
1.911921597e-06	3.456490577e-06	6
1.893496252e-06	3.463196854e-06	6
1.875070906e-06	3.469903132e-06	6
1.856645561e-06	3.476609409e-06	6
1.838220215e-06	3.483315686e-06	6
1.81979487e-06	3.490021964e-06	6
1.801369524e-06	3.496728241e-06	6
1.782944179e-06	3.503434518e-06	6
1.764518833e-06	3.510140796e-06	6
1.746093488e-06	3.516847073e-06	6
1.727668142e-06	3.52355335e-06	6
1.709242797e-06	3.530259628e-06	6
1.690817451e-06	3.536965905e-06	6
1.672392106e-06	3.543672182e-06	6
1.65396676e-06	3.550378459e-06	6
1.635541415e-06	3.557084737e-06	6
1.617116069e-06	3.563791014e-06	6
1.598690724e-06	3.570497291e-06	6
1.580265378e-06	3.577203569e-06	6
1.561840033e-06	3.583909846e-06	6
1.543414687e-06	3.590616123e-06	6
1.524989342e-06	3.597322401e-06	6
1.506563996e-06	3.604028678e-06	6
1.488138651e-06	3.610734955e-06	6
1.469713305e-06	3.617441233e-06	6
1.45128796e-06	3.62414751e-06	6
1.432862614e-06	3.630853787e-06	6
1.414437269e-06	3.637560065e-06	6
1.396011923e-06	3.644266342e-06	6
1.377586578e-06	3.650972619e-06	6
1.359161232e-06	3.657678897e-06	6
1.340735887e-06	3.664385174e-06	6
1.322310541e-06	3.671091451e-06	6
1.303885196e-06	3.677797729e-06	6
1.28545985e-06	3.684504006e-06	6
1.267034505e-06	3.691210283e-06	6
1.248609159e-06	3.697916561e-06	6
1.230183813e-06	3.704622838e-06	6
1.211758468e-06	3.711329115e-06	6
1.193333122e-06	3.718035393e-06	6
1.174907777e-06	3.72474167e-06	6
1.156482431e-06	3.731447947e-06	6
1.138057086e-06	3.738154224e-06	6
1.11963174e-06	3.744860502e-06	6
1.101206395e-06	3.751566779e-06	6
1.082781049e-06	3.758273056e-06	6
1.064355704e-06	3.764979334e-06	6
1.064355704e-06	3.764979334e-06	-6
1.064355704e-06	3.764979334e-06	-6
1.064355704e-06	3.764979334e-06	-6
1.064355704e-06	3.764979334e-06	-6
1.064355704e-06	3.764979334e-06	-6
1.064355704e-06	3.764979334e-06	-6
1.064355704e-06	3.764979334e-06	-6
1.064355704e-06	3.764979334e-06	-6
1.064355704e-06	3.764979334e-06	-6
1.064355704e-06	3.764979334e-06	-6
1.064355704e-06	3.764979334e-06	-6
1.082781049e-06	3.758273056e-06	-6
1.101206395e-06	3.751566779e-06	-6
1.11963174e-06	3.744860502e-06	-6
1.138057086e-06	3.738154224e-06	-6
1.156482431e-06	3.731447947e-06	-6
1.174907777e-06	3.72474167e-06	-6
1.193333122e-06	3.718035393e-06	-6
1.211758468e-06	3.711329115e-06	-6
1.230183813e-06	3.704622838e-06	-6
1.248609159e-06	3.697916561e-06	-6
1.267034505e-06	3.691210283e-06	-6
1.28545985e-06	3.684504006e-06	-6
1.303885196e-06	3.677797729e-06	-6
1.322310541e-06	3.671091451e-06	-6
1.340735887e-06	3.664385174e-06	-6
1.359161232e-06	3.657678897e-06	-6
1.377586578e-06	3.650972619e-06	-6
1.396011923e-06	3.644266342e-06	-6
1.414437269e-06	3.637560065e-06	-6
1.432862614e-06	3.630853787e-06	-6
1.45128796e-06	3.62414751e-06	-6
1.469713305e-06	3.617441233e-06	-6
1.488138651e-06	3.610734955e-06	-6
1.506563996e-06	3.604028678e-06	-6
1.524989342e-06	3.597322401e-06	-6
1.543414687e-06	3.590616123e-06	-6
1.561840033e-06	3.583909846e-06	-6
1.580265378e-06	3.577203569e-06	-6
1.598690724e-06	3.570497291e-06	-6
1.617116069e-06	3.563791014e-06	-6
1.635541415e-06	3.557084737e-06	-6
1.65396676e-06	3.550378459e-06	-6
1.672392106e-06	3.543672182e-06	-6
1.690817451e-06	3.536965905e-06	-6
1.709242797e-06	3.530259628e-06	-6
1.727668142e-06	3.52355335e-06	-6
1.746093488e-06	3.516847073e-06	-6
1.764518833e-06	3.510140796e-06	-6
1.782944179e-06	3.503434518e-06	-6
1.801369524e-06	3.496728241e-06	-6
1.81979487e-06	3.490021964e-06	-6
1.838220215e-06	3.483315686e-06	-6
1.856645561e-06	3.476609409e-06	-6
1.875070906e-06	3.469903132e-06	-6
1.893496252e-06	3.463196854e-06	-6
1.911921597e-06	3.456490577e-06	-6
1.930346943e-06	3.4497843e-06	-6
1.948772288e-06	3.443078022e-06	-6
1.967197634e-06	3.436371745e-06	-6
1.985622979e-06	3.429665468e-06	-6
2.004048325e-06	3.42295919e-06	-6
2.004048325e-06	3.42295919e-06	0
1.997207922e-06	3.404165338e-06	0
1.990367519e-06	3.385371486e-06	0
1.983527116e-06	3.366577633e-06	0
1.976686713e-06	3.347783781e-06	0
1.96984631e-06	3.328989928e-06	0
1.96984631e-06	3.328989928e-06	6
1.96984631e-06	3.328989928e-06	6
1.96984631e-06	3.328989928e-06	6
1.96984631e-06	3.328989928e-06	6
1.96984631e-06	3.328989928e-06	6
1.96984631e-06	3.328989928e-06	6
1.96984631e-06	3.328989928e-06	6
1.96984631e-06	3.328989928e-06	6
1.96984631e-06	3.328989928e-06	6
1.96984631e-06	3.328989928e-06	6
1.96984631e-06	3.328989928e-06	6
1.951420965e-06	3.335696206e-06	6
1.932995619e-06	3.342402483e-06	6
1.914570274e-06	3.34910876e-06	6
1.896144928e-06	3.355815038e-06	6
1.877719583e-06	3.362521315e-06	6
1.859294237e-06	3.369227592e-06	6
1.840868892e-06	3.37593387e-06	6
1.822443546e-06	3.382640147e-06	6
1.804018201e-06	3.389346424e-06	6
1.785592855e-06	3.396052702e-06	6
1.76716751e-06	3.402758979e-06	6
1.748742164e-06	3.409465256e-06	6
1.730316819e-06	3.416171533e-06	6
1.711891473e-06	3.422877811e-06	6
1.693466128e-06	3.429584088e-06	6
1.675040782e-06	3.436290365e-06	6
1.656615437e-06	3.442996643e-06	6
1.638190091e-06	3.44970292e-06	6
1.619764746e-06	3.456409197e-06	6
1.6013394e-06	3.463115475e-06	6
1.582914055e-06	3.469821752e-06	6
1.564488709e-06	3.476528029e-06	6
1.546063364e-06	3.483234307e-06	6
1.527638018e-06	3.489940584e-06	6
1.509212673e-06	3.496646861e-06	6
1.490787327e-06	3.503353139e-06	6
1.472361982e-06	3.510059416e-06	6
1.453936636e-06	3.516765693e-06	6
1.435511291e-06	3.523471971e-06	6
1.417085945e-06	3.530178248e-06	6
1.3986606e-06	3.536884525e-06	6
1.380235254e-06	3.543590803e-06	6
1.361809909e-06	3.55029708e-06	6
1.343384563e-06	3.557003357e-06	6
1.324959218e-06	3.563709635e-06	6
1.306533872e-06	3.570415912e-06	6
1.288108527e-06	3.577122189e-06	6
1.269683181e-06	3.583828467e-06	6
1.251257836e-06	3.590534744e-06	6
1.23283249e-06	3.597241021e-06	6
1.214407145e-06	3.603947298e-06	6
1.195981799e-06	3.610653576e-06	6
1.177556454e-06	3.617359853e-06	6
1.159131108e-06	3.62406613e-06	6
1.140705763e-06	3.630772408e-06	6
1.122280417e-06	3.637478685e-06	6
1.103855072e-06	3.644184962e-06	6
1.085429726e-06	3.65089124e-06	6
1.067004381e-06	3.657597517e-06	6
1.048579035e-06	3.664303794e-06	6
1.03015369e-06	3.671010072e-06	6
1.03015369e-06	3.671010072e-06	-6
1.03015369e-06	3.671010072e-06	-6
1.03015369e-06	3.671010072e-06	-6
1.03015369e-06	3.671010072e-06	-6
1.03015369e-06	3.671010072e-06	-6
1.03015369e-06	3.671010072e-06	-6
1.03015369e-06	3.671010072e-06	-6
1.03015369e-06	3.671010072e-06	-6
1.03015369e-06	3.671010072e-06	-6
1.03015369e-06	3.671010072e-06	-6
1.03015369e-06	3.671010072e-06	-6
1.048579035e-06	3.664303794e-06	-6
1.067004381e-06	3.657597517e-06	-6
1.085429726e-06	3.65089124e-06	-6
1.103855072e-06	3.644184962e-06	-6
1.122280417e-06	3.637478685e-06	-6
1.140705763e-06	3.630772408e-06	-6
1.159131108e-06	3.62406613e-06	-6
1.177556454e-06	3.617359853e-06	-6
1.195981799e-06	3.610653576e-06	-6
1.214407145e-06	3.603947298e-06	-6
1.23283249e-06	3.597241021e-06	-6
1.251257836e-06	3.590534744e-06	-6
1.269683181e-06	3.583828467e-06	-6
1.288108527e-06	3.577122189e-06	-6
1.306533872e-06	3.570415912e-06	-6
1.324959218e-06	3.563709635e-06	-6
1.343384563e-06	3.557003357e-06	-6
1.361809909e-06	3.55029708e-06	-6
1.380235254e-06	3.543590803e-06	-6
1.3986606e-06	3.536884525e-06	-6
1.417085945e-06	3.530178248e-06	-6
1.435511291e-06	3.523471971e-06	-6
1.453936636e-06	3.516765693e-06	-6
1.472361982e-06	3.510059416e-06	-6
1.490787327e-06	3.503353139e-06	-6
1.509212673e-06	3.496646861e-06	-6
1.527638018e-06	3.489940584e-06	-6
1.546063364e-06	3.483234307e-06	-6
1.564488709e-06	3.476528029e-06	-6
1.582914055e-06	3.469821752e-06	-6
1.6013394e-06	3.463115475e-06	-6
1.619764746e-06	3.456409197e-06	-6
1.638190091e-06	3.44970292e-06	-6
1.656615437e-06	3.442996643e-06	-6
1.675040782e-06	3.436290365e-06	-6
1.693466128e-06	3.429584088e-06	-6
1.711891473e-06	3.422877811e-06	-6
1.730316819e-06	3.416171533e-06	-6
1.748742164e-06	3.409465256e-06	-6
1.76716751e-06	3.402758979e-06	-6
1.785592855e-06	3.396052702e-06	-6
1.804018201e-06	3.389346424e-06	-6
1.822443546e-06	3.382640147e-06	-6
1.840868892e-06	3.37593387e-06	-6
1.859294237e-06	3.369227592e-06	-6
1.877719583e-06	3.362521315e-06	-6
1.896144928e-06	3.355815038e-06	-6
1.914570274e-06	3.34910876e-06	-6
1.932995619e-06	3.342402483e-06	-6
1.951420965e-06	3.335696206e-06	-6
1.96984631e-06	3.328989928e-06	-6
1.96984631e-06	3.328989928e-06	0
1.963005908e-06	3.310196076e-06	0
1.956165505e-06	3.291402224e-06	0
1.949325102e-06	3.272608371e-06	0
1.942484699e-06	3.253814519e-06	0
1.935644296e-06	3.235020666e-06	0
1.935644296e-06	3.235020666e-06	6
1.935644296e-06	3.235020666e-06	6
1.935644296e-06	3.235020666e-06	6
1.935644296e-06	3.235020666e-06	6
1.935644296e-06	3.235020666e-06	6
1.935644296e-06	3.235020666e-06	6
1.935644296e-06	3.235020666e-06	6
1.935644296e-06	3.235020666e-06	6
1.935644296e-06	3.235020666e-06	6
1.935644296e-06	3.235020666e-06	6
1.935644296e-06	3.235020666e-06	6
1.917218951e-06	3.241726944e-06	6
1.898793605e-06	3.248433221e-06	6
1.88036826e-06	3.255139498e-06	6
1.861942914e-06	3.261845776e-06	6
1.843517569e-06	3.268552053e-06	6
1.825092223e-06	3.27525833e-06	6
1.806666878e-06	3.281964607e-06	6
1.788241532e-06	3.288670885e-06	6
1.769816187e-06	3.295377162e-06	6
1.751390841e-06	3.302083439e-06	6
1.732965495e-06	3.308789717e-06	6
1.71454015e-06	3.315495994e-06	6
1.696114804e-06	3.322202271e-06	6
1.677689459e-06	3.328908549e-06	6
1.659264113e-06	3.335614826e-06	6
1.640838768e-06	3.342321103e-06	6
1.622413422e-06	3.349027381e-06	6
1.603988077e-06	3.355733658e-06	6
1.585562731e-06	3.362439935e-06	6
1.567137386e-06	3.369146213e-06	6
1.54871204e-06	3.37585249e-06	6
1.530286695e-06	3.382558767e-06	6
1.511861349e-06	3.389265045e-06	6
1.493436004e-06	3.395971322e-06	6
1.475010658e-06	3.402677599e-06	6
1.456585313e-06	3.409383877e-06	6
1.438159967e-06	3.416090154e-06	6
1.419734622e-06	3.422796431e-06	6
1.401309276e-06	3.429502709e-06	6
1.382883931e-06	3.436208986e-06	6
1.364458585e-06	3.442915263e-06	6
1.34603324e-06	3.449621541e-06	6
1.327607894e-06	3.456327818e-06	6
1.309182549e-06	3.463034095e-06	6
1.290757203e-06	3.469740372e-06	6
1.272331858e-06	3.47644665e-06	6
1.253906512e-06	3.483152927e-06	6
1.235481167e-06	3.489859204e-06	6
1.217055821e-06	3.496565482e-06	6
1.198630476e-06	3.503271759e-06	6
1.18020513e-06	3.509978036e-06	6
1.161779785e-06	3.516684314e-06	6
1.143354439e-06	3.523390591e-06	6
1.124929094e-06	3.530096868e-06	6
1.106503748e-06	3.536803146e-06	6
1.088078403e-06	3.543509423e-06	6
1.069653057e-06	3.5502157e-06	6
1.051227712e-06	3.556921978e-06	6
1.032802366e-06	3.563628255e-06	6
1.014377021e-06	3.570334532e-06	6
9.959516753e-07	3.57704081e-06	6
9.959516753e-07	3.57704081e-06	-6
9.959516753e-07	3.57704081e-06	-6
9.959516753e-07	3.57704081e-06	-6
9.959516753e-07	3.57704081e-06	-6
9.959516753e-07	3.57704081e-06	-6
9.959516753e-07	3.57704081e-06	-6
9.959516753e-07	3.57704081e-06	-6
9.959516753e-07	3.57704081e-06	-6
9.959516753e-07	3.57704081e-06	-6
9.959516753e-07	3.57704081e-06	-6
9.959516753e-07	3.57704081e-06	-6
1.014377021e-06	3.570334532e-06	-6
1.032802366e-06	3.563628255e-06	-6
1.051227712e-06	3.556921978e-06	-6
1.069653057e-06	3.5502157e-06	-6
1.088078403e-06	3.543509423e-06	-6
1.106503748e-06	3.536803146e-06	-6
1.124929094e-06	3.530096868e-06	-6
1.143354439e-06	3.523390591e-06	-6
1.161779785e-06	3.516684314e-06	-6
1.18020513e-06	3.509978036e-06	-6
1.198630476e-06	3.503271759e-06	-6
1.217055821e-06	3.496565482e-06	-6
1.235481167e-06	3.489859204e-06	-6
1.253906512e-06	3.483152927e-06	-6
1.272331858e-06	3.47644665e-06	-6
1.290757203e-06	3.469740372e-06	-6
1.309182549e-06	3.463034095e-06	-6
1.327607894e-06	3.456327818e-06	-6
1.34603324e-06	3.449621541e-06	-6
1.364458585e-06	3.442915263e-06	-6
1.382883931e-06	3.436208986e-06	-6
1.401309276e-06	3.429502709e-06	-6
1.419734622e-06	3.422796431e-06	-6
1.438159967e-06	3.416090154e-06	-6
1.456585313e-06	3.409383877e-06	-6
1.475010658e-06	3.402677599e-06	-6
1.493436004e-06	3.395971322e-06	-6
1.511861349e-06	3.389265045e-06	-6
1.530286695e-06	3.382558767e-06	-6
1.54871204e-06	3.37585249e-06	-6
1.567137386e-06	3.369146213e-06	-6
1.585562731e-06	3.362439935e-06	-6
1.603988077e-06	3.355733658e-06	-6
1.622413422e-06	3.349027381e-06	-6
1.640838768e-06	3.342321103e-06	-6
1.659264113e-06	3.335614826e-06	-6
1.677689459e-06	3.328908549e-06	-6
1.696114804e-06	3.322202271e-06	-6
1.71454015e-06	3.315495994e-06	-6
1.732965495e-06	3.308789717e-06	-6
1.751390841e-06	3.302083439e-06	-6
1.769816187e-06	3.295377162e-06	-6
1.788241532e-06	3.288670885e-06	-6
1.806666878e-06	3.281964607e-06	-6
1.825092223e-06	3.27525833e-06	-6
1.843517569e-06	3.268552053e-06	-6
1.861942914e-06	3.261845776e-06	-6
1.88036826e-06	3.255139498e-06	-6
1.898793605e-06	3.248433221e-06	-6
1.917218951e-06	3.241726944e-06	-6
1.935644296e-06	3.235020666e-06	-6
1.935644296e-06	3.235020666e-06	0
1.928803893e-06	3.216226814e-06	0
1.92196349e-06	3.197432961e-06	0
1.915123087e-06	3.178639109e-06	0
1.908282685e-06	3.159845257e-06	0
1.901442282e-06	3.141051404e-06	0
1.901442282e-06	3.141051404e-06	6
1.901442282e-06	3.141051404e-06	6
1.901442282e-06	3.141051404e-06	6
1.901442282e-06	3.141051404e-06	6
1.901442282e-06	3.141051404e-06	6
1.901442282e-06	3.141051404e-06	6
1.901442282e-06	3.141051404e-06	6
1.901442282e-06	3.141051404e-06	6
1.901442282e-06	3.141051404e-06	6
1.901442282e-06	3.141051404e-06	6
1.901442282e-06	3.141051404e-06	6
1.883016936e-06	3.147757682e-06	6
1.864591591e-06	3.154463959e-06	6
1.846166245e-06	3.161170236e-06	6
1.8277409e-06	3.167876513e-06	6
1.809315554e-06	3.174582791e-06	6
1.790890209e-06	3.181289068e-06	6
1.772464863e-06	3.187995345e-06	6
1.754039518e-06	3.194701623e-06	6
1.735614172e-06	3.2014079e-06	6
1.717188827e-06	3.208114177e-06	6
1.698763481e-06	3.214820455e-06	6
1.680338136e-06	3.221526732e-06	6
1.66191279e-06	3.228233009e-06	6
1.643487445e-06	3.234939287e-06	6
1.625062099e-06	3.241645564e-06	6
1.606636754e-06	3.248351841e-06	6
1.588211408e-06	3.255058119e-06	6
1.569786063e-06	3.261764396e-06	6
1.551360717e-06	3.268470673e-06	6
1.532935372e-06	3.275176951e-06	6
1.514510026e-06	3.281883228e-06	6
1.496084681e-06	3.288589505e-06	6
1.477659335e-06	3.295295783e-06	6
1.45923399e-06	3.30200206e-06	6
1.440808644e-06	3.308708337e-06	6
1.422383299e-06	3.315414615e-06	6
1.403957953e-06	3.322120892e-06	6
1.385532608e-06	3.328827169e-06	6
1.367107262e-06	3.335533446e-06	6
1.348681917e-06	3.342239724e-06	6
1.330256571e-06	3.348946001e-06	6
1.311831226e-06	3.355652278e-06	6
1.29340588e-06	3.362358556e-06	6
1.274980535e-06	3.369064833e-06	6
1.256555189e-06	3.37577111e-06	6
1.238129844e-06	3.382477388e-06	6
1.219704498e-06	3.389183665e-06	6
1.201279153e-06	3.395889942e-06	6
1.182853807e-06	3.40259622e-06	6
1.164428462e-06	3.409302497e-06	6
1.146003116e-06	3.416008774e-06	6
1.12757777e-06	3.422715052e-06	6
1.109152425e-06	3.429421329e-06	6
1.090727079e-06	3.436127606e-06	6
1.072301734e-06	3.442833884e-06	6
1.053876388e-06	3.449540161e-06	6
1.035451043e-06	3.456246438e-06	6
1.017025697e-06	3.462952716e-06	6
9.98600352e-07	3.469658993e-06	6
9.801750064e-07	3.47636527e-06	6
9.617496609e-07	3.483071548e-06	6
9.617496609e-07	3.483071548e-06	-6
9.617496609e-07	3.483071548e-06	-6
9.617496609e-07	3.483071548e-06	-6
9.617496609e-07	3.483071548e-06	-6
9.617496609e-07	3.483071548e-06	-6
9.617496609e-07	3.483071548e-06	-6
9.617496609e-07	3.483071548e-06	-6
9.617496609e-07	3.483071548e-06	-6
9.617496609e-07	3.483071548e-06	-6
9.617496609e-07	3.483071548e-06	-6
9.617496609e-07	3.483071548e-06	-6
9.801750064e-07	3.47636527e-06	-6
9.98600352e-07	3.469658993e-06	-6
1.017025697e-06	3.462952716e-06	-6
1.035451043e-06	3.456246438e-06	-6
1.053876388e-06	3.449540161e-06	-6
1.072301734e-06	3.442833884e-06	-6
1.090727079e-06	3.436127606e-06	-6
1.109152425e-06	3.429421329e-06	-6
1.12757777e-06	3.422715052e-06	-6
1.146003116e-06	3.416008774e-06	-6
1.164428462e-06	3.409302497e-06	-6
1.182853807e-06	3.40259622e-06	-6
1.201279153e-06	3.395889942e-06	-6
1.219704498e-06	3.389183665e-06	-6
1.238129844e-06	3.382477388e-06	-6
1.256555189e-06	3.37577111e-06	-6
1.274980535e-06	3.369064833e-06	-6
1.29340588e-06	3.362358556e-06	-6
1.311831226e-06	3.355652278e-06	-6
1.330256571e-06	3.348946001e-06	-6
1.348681917e-06	3.342239724e-06	-6
1.367107262e-06	3.335533446e-06	-6
1.385532608e-06	3.328827169e-06	-6
1.403957953e-06	3.322120892e-06	-6
1.422383299e-06	3.315414615e-06	-6
1.440808644e-06	3.308708337e-06	-6
1.45923399e-06	3.30200206e-06	-6
1.477659335e-06	3.295295783e-06	-6
1.496084681e-06	3.288589505e-06	-6
1.514510026e-06	3.281883228e-06	-6
1.532935372e-06	3.275176951e-06	-6
1.551360717e-06	3.268470673e-06	-6
1.569786063e-06	3.261764396e-06	-6
1.588211408e-06	3.255058119e-06	-6
1.606636754e-06	3.248351841e-06	-6
1.625062099e-06	3.241645564e-06	-6
1.643487445e-06	3.234939287e-06	-6
1.66191279e-06	3.228233009e-06	-6
1.680338136e-06	3.221526732e-06	-6
1.698763481e-06	3.214820455e-06	-6
1.717188827e-06	3.208114177e-06	-6
1.735614172e-06	3.2014079e-06	-6
1.754039518e-06	3.194701623e-06	-6
1.772464863e-06	3.187995345e-06	-6
1.790890209e-06	3.181289068e-06	-6
1.809315554e-06	3.174582791e-06	-6
1.8277409e-06	3.167876513e-06	-6
1.846166245e-06	3.161170236e-06	-6
1.864591591e-06	3.154463959e-06	-6
1.883016936e-06	3.147757682e-06	-6
1.901442282e-06	3.141051404e-06	-6
1.901442282e-06	3.141051404e-06	0
1.894601879e-06	3.122257552e-06	0
1.887761476e-06	3.103463699e-06	0
1.880921073e-06	3.084669847e-06	0
1.87408067e-06	3.065875995e-06	0
1.867240267e-06	3.047082142e-06	0
1.867240267e-06	3.047082142e-06	6
1.867240267e-06	3.047082142e-06	6
1.867240267e-06	3.047082142e-06	6
1.867240267e-06	3.047082142e-06	6
1.867240267e-06	3.047082142e-06	6
1.867240267e-06	3.047082142e-06	6
1.867240267e-06	3.047082142e-06	6
1.867240267e-06	3.047082142e-06	6
1.867240267e-06	3.047082142e-06	6
1.867240267e-06	3.047082142e-06	6
1.867240267e-06	3.047082142e-06	6
1.848814922e-06	3.053788419e-06	6
1.830389576e-06	3.060494697e-06	6
1.811964231e-06	3.067200974e-06	6
1.793538885e-06	3.073907251e-06	6
1.77511354e-06	3.080613529e-06	6
1.756688194e-06	3.087319806e-06	6
1.738262849e-06	3.094026083e-06	6
1.719837503e-06	3.100732361e-06	6
1.701412158e-06	3.107438638e-06	6
1.682986812e-06	3.114144915e-06	6
1.664561467e-06	3.120851193e-06	6
1.646136121e-06	3.12755747e-06	6
1.627710776e-06	3.134263747e-06	6
1.60928543e-06	3.140970025e-06	6
1.590860085e-06	3.147676302e-06	6
1.572434739e-06	3.154382579e-06	6
1.554009394e-06	3.161088857e-06	6
1.535584048e-06	3.167795134e-06	6
1.517158703e-06	3.174501411e-06	6
1.498733357e-06	3.181207689e-06	6
1.480308012e-06	3.187913966e-06	6
1.461882666e-06	3.194620243e-06	6
1.443457321e-06	3.20132652e-06	6
1.425031975e-06	3.208032798e-06	6
1.40660663e-06	3.214739075e-06	6
1.388181284e-06	3.221445352e-06	6
1.369755939e-06	3.22815163e-06	6
1.351330593e-06	3.234857907e-06	6
1.332905248e-06	3.241564184e-06	6
1.314479902e-06	3.248270462e-06	6
1.296054557e-06	3.254976739e-06	6
1.277629211e-06	3.261683016e-06	6
1.259203866e-06	3.268389294e-06	6
1.24077852e-06	3.275095571e-06	6
1.222353175e-06	3.281801848e-06	6
1.203927829e-06	3.288508126e-06	6
1.185502484e-06	3.295214403e-06	6
1.167077138e-06	3.30192068e-06	6
1.148651793e-06	3.308626958e-06	6
1.130226447e-06	3.315333235e-06	6
1.111801102e-06	3.322039512e-06	6
1.093375756e-06	3.32874579e-06	6
1.074950411e-06	3.335452067e-06	6
1.056525065e-06	3.342158344e-06	6
1.03809972e-06	3.348864622e-06	6
1.019674374e-06	3.355570899e-06	6
1.001249029e-06	3.362277176e-06	6
9.828236831e-07	3.368983453e-06	6
9.643983376e-07	3.375689731e-06	6
9.459729921e-07	3.382396008e-06	6
9.275476466e-07	3.389102285e-06	6
9.275476466e-07	3.389102285e-06	-6
9.275476466e-07	3.389102285e-06	-6
9.275476466e-07	3.389102285e-06	-6
9.275476466e-07	3.389102285e-06	-6
9.275476466e-07	3.389102285e-06	-6
9.275476466e-07	3.389102285e-06	-6
9.275476466e-07	3.389102285e-06	-6
9.275476466e-07	3.389102285e-06	-6
9.275476466e-07	3.389102285e-06	-6
9.275476466e-07	3.389102285e-06	-6
9.275476466e-07	3.389102285e-06	-6
9.459729921e-07	3.382396008e-06	-6
9.643983376e-07	3.375689731e-06	-6
9.828236831e-07	3.368983453e-06	-6
1.001249029e-06	3.362277176e-06	-6
1.019674374e-06	3.355570899e-06	-6
1.03809972e-06	3.348864622e-06	-6
1.056525065e-06	3.342158344e-06	-6
1.074950411e-06	3.335452067e-06	-6
1.093375756e-06	3.32874579e-06	-6
1.111801102e-06	3.322039512e-06	-6
1.130226447e-06	3.315333235e-06	-6
1.148651793e-06	3.308626958e-06	-6
1.167077138e-06	3.30192068e-06	-6
1.185502484e-06	3.295214403e-06	-6
1.203927829e-06	3.288508126e-06	-6
1.222353175e-06	3.281801848e-06	-6
1.24077852e-06	3.275095571e-06	-6
1.259203866e-06	3.268389294e-06	-6
1.277629211e-06	3.261683016e-06	-6
1.296054557e-06	3.254976739e-06	-6
1.314479902e-06	3.248270462e-06	-6
1.332905248e-06	3.241564184e-06	-6
1.351330593e-06	3.234857907e-06	-6
1.369755939e-06	3.22815163e-06	-6
1.388181284e-06	3.221445352e-06	-6
1.40660663e-06	3.214739075e-06	-6
1.425031975e-06	3.208032798e-06	-6
1.443457321e-06	3.20132652e-06	-6
1.461882666e-06	3.194620243e-06	-6
1.480308012e-06	3.187913966e-06	-6
1.498733357e-06	3.181207689e-06	-6
1.517158703e-06	3.174501411e-06	-6
1.535584048e-06	3.167795134e-06	-6
1.554009394e-06	3.161088857e-06	-6
1.572434739e-06	3.154382579e-06	-6
1.590860085e-06	3.147676302e-06	-6
1.60928543e-06	3.140970025e-06	-6
1.627710776e-06	3.134263747e-06	-6
1.646136121e-06	3.12755747e-06	-6
1.664561467e-06	3.120851193e-06	-6
1.682986812e-06	3.114144915e-06	-6
1.701412158e-06	3.107438638e-06	-6
1.719837503e-06	3.100732361e-06	-6
1.738262849e-06	3.094026083e-06	-6
1.756688194e-06	3.087319806e-06	-6
1.77511354e-06	3.080613529e-06	-6
1.793538885e-06	3.073907251e-06	-6
1.811964231e-06	3.067200974e-06	-6
1.830389576e-06	3.060494697e-06	-6
1.848814922e-06	3.053788419e-06	-6
1.867240267e-06	3.047082142e-06	-6
1.867240267e-06	3.047082142e-06	0
1.860399865e-06	3.02828829e-06	0
1.853559462e-06	3.009494437e-06	0
1.846719059e-06	2.990700585e-06	0
1.839878656e-06	2.971906732e-06	0
1.833038253e-06	2.95311288e-06	0
1.833038253e-06	2.95311288e-06	6
1.833038253e-06	2.95311288e-06	6
1.833038253e-06	2.95311288e-06	6
1.833038253e-06	2.95311288e-06	6
1.833038253e-06	2.95311288e-06	6
1.833038253e-06	2.95311288e-06	6
1.833038253e-06	2.95311288e-06	6
1.833038253e-06	2.95311288e-06	6
1.833038253e-06	2.95311288e-06	6
1.833038253e-06	2.95311288e-06	6
1.833038253e-06	2.95311288e-06	6
1.814612908e-06	2.959819157e-06	6
1.796187562e-06	2.966525435e-06	6
1.777762217e-06	2.973231712e-06	6
1.759336871e-06	2.979937989e-06	6
1.740911526e-06	2.986644267e-06	6
1.72248618e-06	2.993350544e-06	6
1.704060835e-06	3.000056821e-06	6
1.685635489e-06	3.006763099e-06	6
1.667210144e-06	3.013469376e-06	6
1.648784798e-06	3.020175653e-06	6
1.630359453e-06	3.026881931e-06	6
1.611934107e-06	3.033588208e-06	6
1.593508761e-06	3.040294485e-06	6
1.575083416e-06	3.047000763e-06	6
1.55665807e-06	3.05370704e-06	6
1.538232725e-06	3.060413317e-06	6
1.519807379e-06	3.067119594e-06	6
1.501382034e-06	3.073825872e-06	6
1.482956688e-06	3.080532149e-06	6
1.464531343e-06	3.087238426e-06	6
1.446105997e-06	3.093944704e-06	6
1.427680652e-06	3.100650981e-06	6
1.409255306e-06	3.107357258e-06	6
1.390829961e-06	3.114063536e-06	6
1.372404615e-06	3.120769813e-06	6
1.35397927e-06	3.12747609e-06	6
1.335553924e-06	3.134182368e-06	6
1.317128579e-06	3.140888645e-06	6
1.298703233e-06	3.147594922e-06	6
1.280277888e-06	3.1543012e-06	6
1.261852542e-06	3.161007477e-06	6
1.243427197e-06	3.167713754e-06	6
1.225001851e-06	3.174420032e-06	6
1.206576506e-06	3.181126309e-06	6
1.18815116e-06	3.187832586e-06	6
1.169725815e-06	3.194538864e-06	6
1.151300469e-06	3.201245141e-06	6
1.132875124e-06	3.207951418e-06	6
1.114449778e-06	3.214657696e-06	6
1.096024433e-06	3.221363973e-06	6
1.077599087e-06	3.22807025e-06	6
1.059173742e-06	3.234776527e-06	6
1.040748396e-06	3.241482805e-06	6
1.022323051e-06	3.248189082e-06	6
1.003897705e-06	3.254895359e-06	6
9.854723598e-07	3.261601637e-06	6
9.670470143e-07	3.268307914e-06	6
9.486216688e-07	3.275014191e-06	6
9.301963233e-07	3.281720469e-06	6
9.117709778e-07	3.288426746e-06	6
8.933456323e-07	3.295133023e-06	6
8.933456323e-07	3.295133023e-06	-6
8.933456323e-07	3.295133023e-06	-6
8.933456323e-07	3.295133023e-06	-6
8.933456323e-07	3.295133023e-06	-6
8.933456323e-07	3.295133023e-06	-6
8.933456323e-07	3.295133023e-06	-6
8.933456323e-07	3.295133023e-06	-6
8.933456323e-07	3.295133023e-06	-6
8.933456323e-07	3.295133023e-06	-6
8.933456323e-07	3.295133023e-06	-6
8.933456323e-07	3.295133023e-06	-6
9.117709778e-07	3.288426746e-06	-6
9.301963233e-07	3.281720469e-06	-6
9.486216688e-07	3.275014191e-06	-6
9.670470143e-07	3.268307914e-06	-6
9.854723598e-07	3.261601637e-06	-6
1.003897705e-06	3.254895359e-06	-6
1.022323051e-06	3.248189082e-06	-6
1.040748396e-06	3.241482805e-06	-6
1.059173742e-06	3.234776527e-06	-6
1.077599087e-06	3.22807025e-06	-6
1.096024433e-06	3.221363973e-06	-6
1.114449778e-06	3.214657696e-06	-6
1.132875124e-06	3.207951418e-06	-6
1.151300469e-06	3.201245141e-06	-6
1.169725815e-06	3.194538864e-06	-6
1.18815116e-06	3.187832586e-06	-6
1.206576506e-06	3.181126309e-06	-6
1.225001851e-06	3.174420032e-06	-6
1.243427197e-06	3.167713754e-06	-6
1.261852542e-06	3.161007477e-06	-6
1.280277888e-06	3.1543012e-06	-6
1.298703233e-06	3.147594922e-06	-6
1.317128579e-06	3.140888645e-06	-6
1.335553924e-06	3.134182368e-06	-6
1.35397927e-06	3.12747609e-06	-6
1.372404615e-06	3.120769813e-06	-6
1.390829961e-06	3.114063536e-06	-6
1.409255306e-06	3.107357258e-06	-6
1.427680652e-06	3.100650981e-06	-6
1.446105997e-06	3.093944704e-06	-6
1.464531343e-06	3.087238426e-06	-6
1.482956688e-06	3.080532149e-06	-6
1.501382034e-06	3.073825872e-06	-6
1.519807379e-06	3.067119594e-06	-6
1.538232725e-06	3.060413317e-06	-6
1.55665807e-06	3.05370704e-06	-6
1.575083416e-06	3.047000763e-06	-6
1.593508761e-06	3.040294485e-06	-6
1.611934107e-06	3.033588208e-06	-6
1.630359453e-06	3.026881931e-06	-6
1.648784798e-06	3.020175653e-06	-6
1.667210144e-06	3.013469376e-06	-6
1.685635489e-06	3.006763099e-06	-6
1.704060835e-06	3.000056821e-06	-6
1.72248618e-06	2.993350544e-06	-6
1.740911526e-06	2.986644267e-06	-6
1.759336871e-06	2.979937989e-06	-6
1.777762217e-06	2.973231712e-06	-6
1.796187562e-06	2.966525435e-06	-6
1.814612908e-06	2.959819157e-06	-6
1.833038253e-06	2.95311288e-06	-6
1.833038253e-06	2.95311288e-06	0
1.82619785e-06	2.934319028e-06	0
1.819357447e-06	2.915525175e-06	0
1.812517044e-06	2.896731323e-06	0
1.805676642e-06	2.87793747e-06	0
1.798836239e-06	2.859143618e-06	0
1.798836239e-06	2.859143618e-06	6
1.798836239e-06	2.859143618e-06	6
1.798836239e-06	2.859143618e-06	6
1.798836239e-06	2.859143618e-06	6
1.798836239e-06	2.859143618e-06	6
1.798836239e-06	2.859143618e-06	6
1.798836239e-06	2.859143618e-06	6
1.798836239e-06	2.859143618e-06	6
1.798836239e-06	2.859143618e-06	6
1.798836239e-06	2.859143618e-06	6
1.798836239e-06	2.859143618e-06	6
1.780410893e-06	2.865849895e-06	6
1.761985548e-06	2.872556173e-06	6
1.743560202e-06	2.87926245e-06	6
1.725134857e-06	2.885968727e-06	6
1.706709511e-06	2.892675005e-06	6
1.688284166e-06	2.899381282e-06	6
1.66985882e-06	2.906087559e-06	6
1.651433475e-06	2.912793837e-06	6
1.633008129e-06	2.919500114e-06	6
1.614582784e-06	2.926206391e-06	6
1.596157438e-06	2.932912668e-06	6
1.577732093e-06	2.939618946e-06	6
1.559306747e-06	2.946325223e-06	6
1.540881402e-06	2.9530315e-06	6
1.522456056e-06	2.959737778e-06	6
1.504030711e-06	2.966444055e-06	6
1.485605365e-06	2.973150332e-06	6
1.46718002e-06	2.97985661e-06	6
1.448754674e-06	2.986562887e-06	6
1.430329329e-06	2.993269164e-06	6
1.411903983e-06	2.999975442e-06	6
1.393478638e-06	3.006681719e-06	6
1.375053292e-06	3.013387996e-06	6
1.356627947e-06	3.020094274e-06	6
1.338202601e-06	3.026800551e-06	6
1.319777256e-06	3.033506828e-06	6
1.30135191e-06	3.040213106e-06	6
1.282926565e-06	3.046919383e-06	6
1.264501219e-06	3.05362566e-06	6
1.246075874e-06	3.060331938e-06	6
1.227650528e-06	3.067038215e-06	6
1.209225183e-06	3.073744492e-06	6
1.190799837e-06	3.08045077e-06	6
1.172374492e-06	3.087157047e-06	6
1.153949146e-06	3.093863324e-06	6
1.135523801e-06	3.100569601e-06	6
1.117098455e-06	3.107275879e-06	6
1.09867311e-06	3.113982156e-06	6
1.080247764e-06	3.120688433e-06	6
1.061822419e-06	3.127394711e-06	6
1.043397073e-06	3.134100988e-06	6
1.024971727e-06	3.140807265e-06	6
1.006546382e-06	3.147513543e-06	6
9.881210365e-07	3.15421982e-06	6
9.69695691e-07	3.160926097e-06	6
9.512703455e-07	3.167632375e-06	6
9.32845e-07	3.174338652e-06	6
9.144196545e-07	3.181044929e-06	6
8.95994309e-07	3.187751207e-06	6
8.775689634e-07	3.194457484e-06	6
8.591436179e-07	3.201163761e-06	6
8.591436179e-07	3.201163761e-06	-6
8.591436179e-07	3.201163761e-06	-6
8.591436179e-07	3.201163761e-06	-6
8.591436179e-07	3.201163761e-06	-6
8.591436179e-07	3.201163761e-06	-6
8.591436179e-07	3.201163761e-06	-6
8.591436179e-07	3.201163761e-06	-6
8.591436179e-07	3.201163761e-06	-6
8.591436179e-07	3.201163761e-06	-6
8.591436179e-07	3.201163761e-06	-6
8.591436179e-07	3.201163761e-06	-6
8.775689634e-07	3.194457484e-06	-6
8.95994309e-07	3.187751207e-06	-6
9.144196545e-07	3.181044929e-06	-6
9.32845e-07	3.174338652e-06	-6
9.512703455e-07	3.167632375e-06	-6
9.69695691e-07	3.160926097e-06	-6
9.881210365e-07	3.15421982e-06	-6
1.006546382e-06	3.147513543e-06	-6
1.024971727e-06	3.140807265e-06	-6
1.043397073e-06	3.134100988e-06	-6
1.061822419e-06	3.127394711e-06	-6
1.080247764e-06	3.120688433e-06	-6
1.09867311e-06	3.113982156e-06	-6
1.117098455e-06	3.107275879e-06	-6
1.135523801e-06	3.100569601e-06	-6
1.153949146e-06	3.093863324e-06	-6
1.172374492e-06	3.087157047e-06	-6
1.190799837e-06	3.08045077e-06	-6
1.209225183e-06	3.073744492e-06	-6
1.227650528e-06	3.067038215e-06	-6
1.246075874e-06	3.060331938e-06	-6
1.264501219e-06	3.05362566e-06	-6
1.282926565e-06	3.046919383e-06	-6
1.30135191e-06	3.040213106e-06	-6
1.319777256e-06	3.033506828e-06	-6
1.338202601e-06	3.026800551e-06	-6
1.356627947e-06	3.020094274e-06	-6
1.375053292e-06	3.013387996e-06	-6
1.393478638e-06	3.006681719e-06	-6
1.411903983e-06	2.999975442e-06	-6
1.430329329e-06	2.993269164e-06	-6
1.448754674e-06	2.986562887e-06	-6
1.46718002e-06	2.97985661e-06	-6
1.485605365e-06	2.973150332e-06	-6
1.504030711e-06	2.966444055e-06	-6
1.522456056e-06	2.959737778e-06	-6
1.540881402e-06	2.9530315e-06	-6
1.559306747e-06	2.946325223e-06	-6
1.577732093e-06	2.939618946e-06	-6
1.596157438e-06	2.932912668e-06	-6
1.614582784e-06	2.926206391e-06	-6
1.633008129e-06	2.919500114e-06	-6
1.651433475e-06	2.912793837e-06	-6
1.66985882e-06	2.906087559e-06	-6
1.688284166e-06	2.899381282e-06	-6
1.706709511e-06	2.892675005e-06	-6
1.725134857e-06	2.885968727e-06	-6
1.743560202e-06	2.87926245e-06	-6
1.761985548e-06	2.872556173e-06	-6
1.780410893e-06	2.865849895e-06	-6
1.798836239e-06	2.859143618e-06	-6
