# X_m	Y_m	V
4.1e-06	1.9e-06	6
4.1e-06	1.9e-06	6
4.1e-06	1.9e-06	6
4.1e-06	1.9e-06	6
4.1e-06	1.9e-06	6
4.1e-06	1.9e-06	6
4.1e-06	1.9e-06	6
4.1e-06	1.9e-06	6
4.1e-06	1.9e-06	6
4.1e-06	1.9e-06	6
4.1e-06	1.9e-06	6
4.1e-06	1.919672131e-06	6
4.1e-06	1.939344262e-06	6
4.1e-06	1.959016393e-06	6
4.1e-06	1.978688525e-06	6
4.1e-06	1.998360656e-06	6
4.1e-06	2.018032787e-06	6
4.1e-06	2.037704918e-06	6
4.1e-06	2.057377049e-06	6
4.1e-06	2.07704918e-06	6
4.1e-06	2.096721311e-06	6
4.1e-06	2.116393443e-06	6
4.1e-06	2.136065574e-06	6
4.1e-06	2.155737705e-06	6
4.1e-06	2.175409836e-06	6
4.1e-06	2.195081967e-06	6
4.1e-06	2.214754098e-06	6
4.1e-06	2.23442623e-06	6
4.1e-06	2.254098361e-06	6
4.1e-06	2.273770492e-06	6
4.1e-06	2.293442623e-06	6
4.1e-06	2.313114754e-06	6
4.1e-06	2.332786885e-06	6
4.1e-06	2.352459016e-06	6
4.1e-06	2.372131148e-06	6
4.1e-06	2.391803279e-06	6
4.1e-06	2.41147541e-06	6
4.1e-06	2.431147541e-06	6
4.1e-06	2.450819672e-06	6
4.1e-06	2.470491803e-06	6
4.1e-06	2.490163934e-06	6
4.1e-06	2.509836066e-06	6
4.1e-06	2.529508197e-06	6
4.1e-06	2.549180328e-06	6
4.1e-06	2.568852459e-06	6
4.1e-06	2.58852459e-06	6
4.1e-06	2.608196721e-06	6
4.1e-06	2.627868852e-06	6
4.1e-06	2.647540984e-06	6
4.1e-06	2.667213115e-06	6
4.1e-06	2.686885246e-06	6
4.1e-06	2.706557377e-06	6
4.1e-06	2.726229508e-06	6
4.1e-06	2.745901639e-06	6
4.1e-06	2.76557377e-06	6
4.1e-06	2.785245902e-06	6
4.1e-06	2.804918033e-06	6
4.1e-06	2.824590164e-06	6
4.1e-06	2.844262295e-06	6
4.1e-06	2.863934426e-06	6
4.1e-06	2.883606557e-06	6
4.1e-06	2.903278689e-06	6
4.1e-06	2.92295082e-06	6
4.1e-06	2.942622951e-06	6
4.1e-06	2.962295082e-06	6
4.1e-06	2.981967213e-06	6
4.1e-06	3.001639344e-06	6
4.1e-06	3.021311475e-06	6
4.1e-06	3.040983607e-06	6
4.1e-06	3.060655738e-06	6
4.1e-06	3.080327869e-06	6
4.1e-06	3.1e-06	6
4.1e-06	3.1e-06	-6
4.1e-06	3.1e-06	-6
4.1e-06	3.1e-06	-6
4.1e-06	3.1e-06	-6
4.1e-06	3.1e-06	-6
4.1e-06	3.1e-06	-6
4.1e-06	3.1e-06	-6
4.1e-06	3.1e-06	-6
4.1e-06	3.1e-06	-6
4.1e-06	3.1e-06	-6
4.1e-06	3.1e-06	-6
4.1e-06	3.080327869e-06	-6
4.1e-06	3.060655738e-06	-6
4.1e-06	3.040983607e-06	-6
4.1e-06	3.021311475e-06	-6
4.1e-06	3.001639344e-06	-6
4.1e-06	2.981967213e-06	-6
4.1e-06	2.962295082e-06	-6
4.1e-06	2.942622951e-06	-6
4.1e-06	2.92295082e-06	-6
4.1e-06	2.903278689e-06	-6
4.1e-06	2.883606557e-06	-6
4.1e-06	2.863934426e-06	-6
4.1e-06	2.844262295e-06	-6
4.1e-06	2.824590164e-06	-6
4.1e-06	2.804918033e-06	-6
4.1e-06	2.785245902e-06	-6
4.1e-06	2.76557377e-06	-6
4.1e-06	2.745901639e-06	-6
4.1e-06	2.726229508e-06	-6
4.1e-06	2.706557377e-06	-6
4.1e-06	2.686885246e-06	-6
4.1e-06	2.667213115e-06	-6
4.1e-06	2.647540984e-06	-6
4.1e-06	2.627868852e-06	-6
4.1e-06	2.608196721e-06	-6
4.1e-06	2.58852459e-06	-6
4.1e-06	2.568852459e-06	-6
4.1e-06	2.549180328e-06	-6
4.1e-06	2.529508197e-06	-6
4.1e-06	2.509836066e-06	-6
4.1e-06	2.490163934e-06	-6
4.1e-06	2.470491803e-06	-6
4.1e-06	2.450819672e-06	-6
4.1e-06	2.431147541e-06	-6
4.1e-06	2.41147541e-06	-6
4.1e-06	2.391803279e-06	-6
4.1e-06	2.372131148e-06	-6
4.1e-06	2.352459016e-06	-6
4.1e-06	2.332786885e-06	-6
4.1e-06	2.313114754e-06	-6
4.1e-06	2.293442623e-06	-6
4.1e-06	2.273770492e-06	-6
4.1e-06	2.254098361e-06	-6
4.1e-06	2.23442623e-06	-6
4.1e-06	2.214754098e-06	-6
4.1e-06	2.195081967e-06	-6
4.1e-06	2.175409836e-06	-6
4.1e-06	2.155737705e-06	-6
4.1e-06	2.136065574e-06	-6
4.1e-06	2.116393443e-06	-6
4.1e-06	2.096721311e-06	-6
4.1e-06	2.07704918e-06	-6
4.1e-06	2.057377049e-06	-6
4.1e-06	2.037704918e-06	-6
4.1e-06	2.018032787e-06	-6
4.1e-06	1.998360656e-06	-6
4.1e-06	1.978688525e-06	-6
4.1e-06	1.959016393e-06	-6
4.1e-06	1.939344262e-06	-6
4.1e-06	1.919672131e-06	-6
4.1e-06	1.9e-06	-6
4.1e-06	1.9e-06	0
4.08e-06	1.9e-06	0
4.06e-06	1.9e-06	0
4.04e-06	1.9e-06	0
4.02e-06	1.9e-06	0
4e-06	1.9e-06	0
4e-06	1.9e-06	6
4e-06	1.9e-06	6
4e-06	1.9e-06	6
4e-06	1.9e-06	6
4e-06	1.9e-06	6
4e-06	1.9e-06	6
4e-06	1.9e-06	6
4e-06	1.9e-06	6
4e-06	1.9e-06	6
4e-06	1.9e-06	6
4e-06	1.9e-06	6
4e-06	1.919672131e-06	6
4e-06	1.939344262e-06	6
4e-06	1.959016393e-06	6
4e-06	1.978688525e-06	6
4e-06	1.998360656e-06	6
4e-06	2.018032787e-06	6
4e-06	2.037704918e-06	6
4e-06	2.057377049e-06	6
4e-06	2.07704918e-06	6
4e-06	2.096721311e-06	6
4e-06	2.116393443e-06	6
4e-06	2.136065574e-06	6
4e-06	2.155737705e-06	6
4e-06	2.175409836e-06	6
4e-06	2.195081967e-06	6
4e-06	2.214754098e-06	6
4e-06	2.23442623e-06	6
4e-06	2.254098361e-06	6
4e-06	2.273770492e-06	6
4e-06	2.293442623e-06	6
4e-06	2.313114754e-06	6
4e-06	2.332786885e-06	6
4e-06	2.352459016e-06	6
4e-06	2.372131148e-06	6
4e-06	2.391803279e-06	6
4e-06	2.41147541e-06	6
4e-06	2.431147541e-06	6
4e-06	2.450819672e-06	6
4e-06	2.470491803e-06	6
4e-06	2.490163934e-06	6
4e-06	2.509836066e-06	6
4e-06	2.529508197e-06	6
4e-06	2.549180328e-06	6
4e-06	2.568852459e-06	6
4e-06	2.58852459e-06	6
4e-06	2.608196721e-06	6
4e-06	2.627868852e-06	6
4e-06	2.647540984e-06	6
4e-06	2.667213115e-06	6
4e-06	2.686885246e-06	6
4e-06	2.706557377e-06	6
4e-06	2.726229508e-06	6
4e-06	2.745901639e-06	6
4e-06	2.76557377e-06	6
4e-06	2.785245902e-06	6
4e-06	2.804918033e-06	6
4e-06	2.824590164e-06	6
4e-06	2.844262295e-06	6
4e-06	2.863934426e-06	6
4e-06	2.883606557e-06	6
4e-06	2.903278689e-06	6
4e-06	2.92295082e-06	6
4e-06	2.942622951e-06	6
4e-06	2.962295082e-06	6
4e-06	2.981967213e-06	6
4e-06	3.001639344e-06	6
4e-06	3.021311475e-06	6
4e-06	3.040983607e-06	6
4e-06	3.060655738e-06	6
4e-06	3.080327869e-06	6
4e-06	3.1e-06	6
4e-06	3.1e-06	-6
4e-06	3.1e-06	-6
4e-06	3.1e-06	-6
4e-06	3.1e-06	-6
4e-06	3.1e-06	-6
4e-06	3.1e-06	-6
4e-06	3.1e-06	-6
4e-06	3.1e-06	-6
4e-06	3.1e-06	-6
4e-06	3.1e-06	-6
4e-06	3.1e-06	-6
4e-06	3.080327869e-06	-6
4e-06	3.060655738e-06	-6
4e-06	3.040983607e-06	-6
4e-06	3.021311475e-06	-6
4e-06	3.001639344e-06	-6
4e-06	2.981967213e-06	-6
4e-06	2.962295082e-06	-6
4e-06	2.942622951e-06	-6
4e-06	2.92295082e-06	-6
4e-06	2.903278689e-06	-6
4e-06	2.883606557e-06	-6
4e-06	2.863934426e-06	-6
4e-06	2.844262295e-06	-6
4e-06	2.824590164e-06	-6
4e-06	2.804918033e-06	-6
4e-06	2.785245902e-06	-6
4e-06	2.76557377e-06	-6
4e-06	2.745901639e-06	-6
4e-06	2.726229508e-06	-6
4e-06	2.706557377e-06	-6
4e-06	2.686885246e-06	-6
4e-06	2.667213115e-06	-6
4e-06	2.647540984e-06	-6
4e-06	2.627868852e-06	-6
4e-06	2.608196721e-06	-6
4e-06	2.58852459e-06	-6
4e-06	2.568852459e-06	-6
4e-06	2.549180328e-06	-6
4e-06	2.529508197e-06	-6
4e-06	2.509836066e-06	-6
4e-06	2.490163934e-06	-6
4e-06	2.470491803e-06	-6
4e-06	2.450819672e-06	-6
4e-06	2.431147541e-06	-6
4e-06	2.41147541e-06	-6
4e-06	2.391803279e-06	-6
4e-06	2.372131148e-06	-6
4e-06	2.352459016e-06	-6
4e-06	2.332786885e-06	-6
4e-06	2.313114754e-06	-6
4e-06	2.293442623e-06	-6
4e-06	2.273770492e-06	-6
4e-06	2.254098361e-06	-6
4e-06	2.23442623e-06	-6
4e-06	2.214754098e-06	-6
4e-06	2.195081967e-06	-6
4e-06	2.175409836e-06	-6
4e-06	2.155737705e-06	-6
4e-06	2.136065574e-06	-6
4e-06	2.116393443e-06	-6
4e-06	2.096721311e-06	-6
4e-06	2.07704918e-06	-6
4e-06	2.057377049e-06	-6
4e-06	2.037704918e-06	-6
4e-06	2.018032787e-06	-6
4e-06	1.998360656e-06	-6
4e-06	1.978688525e-06	-6
4e-06	1.959016393e-06	-6
4e-06	1.939344262e-06	-6
4e-06	1.919672131e-06	-6
4e-06	1.9e-06	-6
4e-06	1.9e-06	0
3.983333333e-06	1.9e-06	0
3.966666667e-06	1.9e-06	0
3.95e-06	1.9e-06	0
3.933333333e-06	1.9e-06	0
3.916666667e-06	1.9e-06	0
3.9e-06	1.9e-06	0
3.9e-06	1.9e-06	6
3.9e-06	1.9e-06	6
3.9e-06	1.9e-06	6
3.9e-06	1.9e-06	6
3.9e-06	1.9e-06	6
3.9e-06	1.9e-06	6
3.9e-06	1.9e-06	6
3.9e-06	1.9e-06	6
3.9e-06	1.9e-06	6
3.9e-06	1.9e-06	6
3.9e-06	1.9e-06	6
3.9e-06	1.919672131e-06	6
3.9e-06	1.939344262e-06	6
3.9e-06	1.959016393e-06	6
3.9e-06	1.978688525e-06	6
3.9e-06	1.998360656e-06	6
3.9e-06	2.018032787e-06	6
3.9e-06	2.037704918e-06	6
3.9e-06	2.057377049e-06	6
3.9e-06	2.07704918e-06	6
3.9e-06	2.096721311e-06	6
3.9e-06	2.116393443e-06	6
3.9e-06	2.136065574e-06	6
3.9e-06	2.155737705e-06	6
3.9e-06	2.175409836e-06	6
3.9e-06	2.195081967e-06	6
3.9e-06	2.214754098e-06	6
3.9e-06	2.23442623e-06	6
3.9e-06	2.254098361e-06	6
3.9e-06	2.273770492e-06	6
3.9e-06	2.293442623e-06	6
3.9e-06	2.313114754e-06	6
3.9e-06	2.332786885e-06	6
3.9e-06	2.352459016e-06	6
3.9e-06	2.372131148e-06	6
3.9e-06	2.391803279e-06	6
3.9e-06	2.41147541e-06	6
3.9e-06	2.431147541e-06	6
3.9e-06	2.450819672e-06	6
3.9e-06	2.470491803e-06	6
3.9e-06	2.490163934e-06	6
3.9e-06	2.509836066e-06	6
3.9e-06	2.529508197e-06	6
3.9e-06	2.549180328e-06	6
3.9e-06	2.568852459e-06	6
3.9e-06	2.58852459e-06	6
3.9e-06	2.608196721e-06	6
3.9e-06	2.627868852e-06	6
3.9e-06	2.647540984e-06	6
3.9e-06	2.667213115e-06	6
3.9e-06	2.686885246e-06	6
3.9e-06	2.706557377e-06	6
3.9e-06	2.726229508e-06	6
3.9e-06	2.745901639e-06	6
3.9e-06	2.76557377e-06	6
3.9e-06	2.785245902e-06	6
3.9e-06	2.804918033e-06	6
3.9e-06	2.824590164e-06	6
3.9e-06	2.844262295e-06	6
3.9e-06	2.863934426e-06	6
3.9e-06	2.883606557e-06	6
3.9e-06	2.903278689e-06	6
3.9e-06	2.92295082e-06	6
3.9e-06	2.942622951e-06	6
3.9e-06	2.962295082e-06	6
3.9e-06	2.981967213e-06	6
3.9e-06	3.001639344e-06	6
3.9e-06	3.021311475e-06	6
3.9e-06	3.040983607e-06	6
3.9e-06	3.060655738e-06	6
3.9e-06	3.080327869e-06	6
3.9e-06	3.1e-06	6
3.9e-06	3.1e-06	-6
3.9e-06	3.1e-06	-6
3.9e-06	3.1e-06	-6
3.9e-06	3.1e-06	-6
3.9e-06	3.1e-06	-6
3.9e-06	3.1e-06	-6
3.9e-06	3.1e-06	-6
3.9e-06	3.1e-06	-6
3.9e-06	3.1e-06	-6
3.9e-06	3.1e-06	-6
3.9e-06	3.1e-06	-6
3.9e-06	3.080327869e-06	-6
3.9e-06	3.060655738e-06	-6
3.9e-06	3.040983607e-06	-6
3.9e-06	3.021311475e-06	-6
3.9e-06	3.001639344e-06	-6
3.9e-06	2.981967213e-06	-6
3.9e-06	2.962295082e-06	-6
3.9e-06	2.942622951e-06	-6
3.9e-06	2.92295082e-06	-6
3.9e-06	2.903278689e-06	-6
3.9e-06	2.883606557e-06	-6
3.9e-06	2.863934426e-06	-6
3.9e-06	2.844262295e-06	-6
3.9e-06	2.824590164e-06	-6
3.9e-06	2.804918033e-06	-6
3.9e-06	2.785245902e-06	-6
3.9e-06	2.76557377e-06	-6
3.9e-06	2.745901639e-06	-6
3.9e-06	2.726229508e-06	-6
3.9e-06	2.706557377e-06	-6
3.9e-06	2.686885246e-06	-6
3.9e-06	2.667213115e-06	-6
3.9e-06	2.647540984e-06	-6
3.9e-06	2.627868852e-06	-6
3.9e-06	2.608196721e-06	-6
3.9e-06	2.58852459e-06	-6
3.9e-06	2.568852459e-06	-6
3.9e-06	2.549180328e-06	-6
3.9e-06	2.529508197e-06	-6
3.9e-06	2.509836066e-06	-6
3.9e-06	2.490163934e-06	-6
3.9e-06	2.470491803e-06	-6
3.9e-06	2.450819672e-06	-6
3.9e-06	2.431147541e-06	-6
3.9e-06	2.41147541e-06	-6
3.9e-06	2.391803279e-06	-6
3.9e-06	2.372131148e-06	-6
3.9e-06	2.352459016e-06	-6
3.9e-06	2.332786885e-06	-6
3.9e-06	2.313114754e-06	-6
3.9e-06	2.293442623e-06	-6
3.9e-06	2.273770492e-06	-6
3.9e-06	2.254098361e-06	-6
3.9e-06	2.23442623e-06	-6
3.9e-06	2.214754098e-06	-6
3.9e-06	2.195081967e-06	-6
3.9e-06	2.175409836e-06	-6
3.9e-06	2.155737705e-06	-6
3.9e-06	2.136065574e-06	-6
3.9e-06	2.116393443e-06	-6
3.9e-06	2.096721311e-06	-6
3.9e-06	2.07704918e-06	-6
3.9e-06	2.057377049e-06	-6
3.9e-06	2.037704918e-06	-6
3.9e-06	2.018032787e-06	-6
3.9e-06	1.998360656e-06	-6
3.9e-06	1.978688525e-06	-6
3.9e-06	1.959016393e-06	-6
3.9e-06	1.939344262e-06	-6
3.9e-06	1.919672131e-06	-6
3.9e-06	1.9e-06	-6
3.9e-06	1.9e-06	0
3.883333333e-06	1.9e-06	0
3.866666667e-06	1.9e-06	0
3.85e-06	1.9e-06	0
3.833333333e-06	1.9e-06	0
3.816666667e-06	1.9e-06	0
3.8e-06	1.9e-06	0
3.8e-06	1.9e-06	6
3.8e-06	1.9e-06	6
3.8e-06	1.9e-06	6
3.8e-06	1.9e-06	6
3.8e-06	1.9e-06	6
3.8e-06	1.9e-06	6
3.8e-06	1.9e-06	6
3.8e-06	1.9e-06	6
3.8e-06	1.9e-06	6
3.8e-06	1.9e-06	6
3.8e-06	1.9e-06	6
3.8e-06	1.919672131e-06	6
3.8e-06	1.939344262e-06	6
3.8e-06	1.959016393e-06	6
3.8e-06	1.978688525e-06	6
3.8e-06	1.998360656e-06	6
3.8e-06	2.018032787e-06	6
3.8e-06	2.037704918e-06	6
3.8e-06	2.057377049e-06	6
3.8e-06	2.07704918e-06	6
3.8e-06	2.096721311e-06	6
3.8e-06	2.116393443e-06	6
3.8e-06	2.136065574e-06	6
3.8e-06	2.155737705e-06	6
3.8e-06	2.175409836e-06	6
3.8e-06	2.195081967e-06	6
3.8e-06	2.214754098e-06	6
3.8e-06	2.23442623e-06	6
3.8e-06	2.254098361e-06	6
3.8e-06	2.273770492e-06	6
3.8e-06	2.293442623e-06	6
3.8e-06	2.313114754e-06	6
3.8e-06	2.332786885e-06	6
3.8e-06	2.352459016e-06	6
3.8e-06	2.372131148e-06	6
3.8e-06	2.391803279e-06	6
3.8e-06	2.41147541e-06	6
3.8e-06	2.431147541e-06	6
3.8e-06	2.450819672e-06	6
3.8e-06	2.470491803e-06	6
3.8e-06	2.490163934e-06	6
3.8e-06	2.509836066e-06	6
3.8e-06	2.529508197e-06	6
3.8e-06	2.549180328e-06	6
3.8e-06	2.568852459e-06	6
3.8e-06	2.58852459e-06	6
3.8e-06	2.608196721e-06	6
3.8e-06	2.627868852e-06	6
3.8e-06	2.647540984e-06	6
3.8e-06	2.667213115e-06	6
3.8e-06	2.686885246e-06	6
3.8e-06	2.706557377e-06	6
3.8e-06	2.726229508e-06	6
3.8e-06	2.745901639e-06	6
3.8e-06	2.76557377e-06	6
3.8e-06	2.785245902e-06	6
3.8e-06	2.804918033e-06	6
3.8e-06	2.824590164e-06	6
3.8e-06	2.844262295e-06	6
3.8e-06	2.863934426e-06	6
3.8e-06	2.883606557e-06	6
3.8e-06	2.903278689e-06	6
3.8e-06	2.92295082e-06	6
3.8e-06	2.942622951e-06	6
3.8e-06	2.962295082e-06	6
3.8e-06	2.981967213e-06	6
3.8e-06	3.001639344e-06	6
3.8e-06	3.021311475e-06	6
3.8e-06	3.040983607e-06	6
3.8e-06	3.060655738e-06	6
3.8e-06	3.080327869e-06	6
3.8e-06	3.1e-06	6
3.8e-06	3.1e-06	-6
3.8e-06	3.1e-06	-6
3.8e-06	3.1e-06	-6
3.8e-06	3.1e-06	-6
3.8e-06	3.1e-06	-6
3.8e-06	3.1e-06	-6
3.8e-06	3.1e-06	-6
3.8e-06	3.1e-06	-6
3.8e-06	3.1e-06	-6
3.8e-06	3.1e-06	-6
3.8e-06	3.1e-06	-6
3.8e-06	3.080327869e-06	-6
3.8e-06	3.060655738e-06	-6
3.8e-06	3.040983607e-06	-6
3.8e-06	3.021311475e-06	-6
3.8e-06	3.001639344e-06	-6
3.8e-06	2.981967213e-06	-6
3.8e-06	2.962295082e-06	-6
3.8e-06	2.942622951e-06	-6
3.8e-06	2.92295082e-06	-6
3.8e-06	2.903278689e-06	-6
3.8e-06	2.883606557e-06	-6
3.8e-06	2.863934426e-06	-6
3.8e-06	2.844262295e-06	-6
3.8e-06	2.824590164e-06	-6
3.8e-06	2.804918033e-06	-6
3.8e-06	2.785245902e-06	-6
3.8e-06	2.76557377e-06	-6
3.8e-06	2.745901639e-06	-6
3.8e-06	2.726229508e-06	-6
3.8e-06	2.706557377e-06	-6
3.8e-06	2.686885246e-06	-6
3.8e-06	2.667213115e-06	-6
3.8e-06	2.647540984e-06	-6
3.8e-06	2.627868852e-06	-6
3.8e-06	2.608196721e-06	-6
3.8e-06	2.58852459e-06	-6
3.8e-06	2.568852459e-06	-6
3.8e-06	2.549180328e-06	-6
3.8e-06	2.529508197e-06	-6
3.8e-06	2.509836066e-06	-6
3.8e-06	2.490163934e-06	-6
3.8e-06	2.470491803e-06	-6
3.8e-06	2.450819672e-06	-6
3.8e-06	2.431147541e-06	-6
3.8e-06	2.41147541e-06	-6
3.8e-06	2.391803279e-06	-6
3.8e-06	2.372131148e-06	-6
3.8e-06	2.352459016e-06	-6
3.8e-06	2.332786885e-06	-6
3.8e-06	2.313114754e-06	-6
3.8e-06	2.293442623e-06	-6
3.8e-06	2.273770492e-06	-6
3.8e-06	2.254098361e-06	-6
3.8e-06	2.23442623e-06	-6
3.8e-06	2.214754098e-06	-6
3.8e-06	2.195081967e-06	-6
3.8e-06	2.175409836e-06	-6
3.8e-06	2.155737705e-06	-6
3.8e-06	2.136065574e-06	-6
3.8e-06	2.116393443e-06	-6
3.8e-06	2.096721311e-06	-6
3.8e-06	2.07704918e-06	-6
3.8e-06	2.057377049e-06	-6
3.8e-06	2.037704918e-06	-6
3.8e-06	2.018032787e-06	-6
3.8e-06	1.998360656e-06	-6
3.8e-06	1.978688525e-06	-6
3.8e-06	1.959016393e-06	-6
3.8e-06	1.939344262e-06	-6
3.8e-06	1.919672131e-06	-6
3.8e-06	1.9e-06	-6
3.8e-06	1.9e-06	0
3.78e-06	1.9e-06	0
3.76e-06	1.9e-06	0
3.74e-06	1.9e-06	0
3.72e-06	1.9e-06	0
3.7e-06	1.9e-06	0
3.7e-06	1.9e-06	6
3.7e-06	1.9e-06	6
3.7e-06	1.9e-06	6
3.7e-06	1.9e-06	6
3.7e-06	1.9e-06	6
3.7e-06	1.9e-06	6
3.7e-06	1.9e-06	6
3.7e-06	1.9e-06	6
3.7e-06	1.9e-06	6
3.7e-06	1.9e-06	6
3.7e-06	1.9e-06	6
3.7e-06	1.919672131e-06	6
3.7e-06	1.939344262e-06	6
3.7e-06	1.959016393e-06	6
3.7e-06	1.978688525e-06	6
3.7e-06	1.998360656e-06	6
3.7e-06	2.018032787e-06	6
3.7e-06	2.037704918e-06	6
3.7e-06	2.057377049e-06	6
3.7e-06	2.07704918e-06	6
3.7e-06	2.096721311e-06	6
3.7e-06	2.116393443e-06	6
3.7e-06	2.136065574e-06	6
3.7e-06	2.155737705e-06	6
3.7e-06	2.175409836e-06	6
3.7e-06	2.195081967e-06	6
3.7e-06	2.214754098e-06	6
3.7e-06	2.23442623e-06	6
3.7e-06	2.254098361e-06	6
3.7e-06	2.273770492e-06	6
3.7e-06	2.293442623e-06	6
3.7e-06	2.313114754e-06	6
3.7e-06	2.332786885e-06	6
3.7e-06	2.352459016e-06	6
3.7e-06	2.372131148e-06	6
3.7e-06	2.391803279e-06	6
3.7e-06	2.41147541e-06	6
3.7e-06	2.431147541e-06	6
3.7e-06	2.450819672e-06	6
3.7e-06	2.470491803e-06	6
3.7e-06	2.490163934e-06	6
3.7e-06	2.509836066e-06	6
3.7e-06	2.529508197e-06	6
3.7e-06	2.549180328e-06	6
3.7e-06	2.568852459e-06	6
3.7e-06	2.58852459e-06	6
3.7e-06	2.608196721e-06	6
3.7e-06	2.627868852e-06	6
3.7e-06	2.647540984e-06	6
3.7e-06	2.667213115e-06	6
3.7e-06	2.686885246e-06	6
3.7e-06	2.706557377e-06	6
3.7e-06	2.726229508e-06	6
3.7e-06	2.745901639e-06	6
3.7e-06	2.76557377e-06	6
3.7e-06	2.785245902e-06	6
3.7e-06	2.804918033e-06	6
3.7e-06	2.824590164e-06	6
3.7e-06	2.844262295e-06	6
3.7e-06	2.863934426e-06	6
3.7e-06	2.883606557e-06	6
3.7e-06	2.903278689e-06	6
3.7e-06	2.92295082e-06	6
3.7e-06	2.942622951e-06	6
3.7e-06	2.962295082e-06	6
3.7e-06	2.981967213e-06	6
3.7e-06	3.001639344e-06	6
3.7e-06	3.021311475e-06	6
3.7e-06	3.040983607e-06	6
3.7e-06	3.060655738e-06	6
3.7e-06	3.080327869e-06	6
3.7e-06	3.1e-06	6
3.7e-06	3.1e-06	-6
3.7e-06	3.1e-06	-6
3.7e-06	3.1e-06	-6
3.7e-06	3.1e-06	-6
3.7e-06	3.1e-06	-6
3.7e-06	3.1e-06	-6
3.7e-06	3.1e-06	-6
3.7e-06	3.1e-06	-6
3.7e-06	3.1e-06	-6
3.7e-06	3.1e-06	-6
3.7e-06	3.1e-06	-6
3.7e-06	3.080327869e-06	-6
3.7e-06	3.060655738e-06	-6
3.7e-06	3.040983607e-06	-6
3.7e-06	3.021311475e-06	-6
3.7e-06	3.001639344e-06	-6
3.7e-06	2.981967213e-06	-6
3.7e-06	2.962295082e-06	-6
3.7e-06	2.942622951e-06	-6
3.7e-06	2.92295082e-06	-6
3.7e-06	2.903278689e-06	-6
3.7e-06	2.883606557e-06	-6
3.7e-06	2.863934426e-06	-6
3.7e-06	2.844262295e-06	-6
3.7e-06	2.824590164e-06	-6
3.7e-06	2.804918033e-06	-6
3.7e-06	2.785245902e-06	-6
3.7e-06	2.76557377e-06	-6
3.7e-06	2.745901639e-06	-6
3.7e-06	2.726229508e-06	-6
3.7e-06	2.706557377e-06	-6
3.7e-06	2.686885246e-06	-6
3.7e-06	2.667213115e-06	-6
3.7e-06	2.647540984e-06	-6
3.7e-06	2.627868852e-06	-6
3.7e-06	2.608196721e-06	-6
3.7e-06	2.58852459e-06	-6
3.7e-06	2.568852459e-06	-6
3.7e-06	2.549180328e-06	-6
3.7e-06	2.529508197e-06	-6
3.7e-06	2.509836066e-06	-6
3.7e-06	2.490163934e-06	-6
3.7e-06	2.470491803e-06	-6
3.7e-06	2.450819672e-06	-6
3.7e-06	2.431147541e-06	-6
3.7e-06	2.41147541e-06	-6
3.7e-06	2.391803279e-06	-6
3.7e-06	2.372131148e-06	-6
3.7e-06	2.352459016e-06	-6
3.7e-06	2.332786885e-06	-6
3.7e-06	2.313114754e-06	-6
3.7e-06	2.293442623e-06	-6
3.7e-06	2.273770492e-06	-6
3.7e-06	2.254098361e-06	-6
3.7e-06	2.23442623e-06	-6
3.7e-06	2.214754098e-06	-6
3.7e-06	2.195081967e-06	-6
3.7e-06	2.175409836e-06	-6
3.7e-06	2.155737705e-06	-6
3.7e-06	2.136065574e-06	-6
3.7e-06	2.116393443e-06	-6
3.7e-06	2.096721311e-06	-6
3.7e-06	2.07704918e-06	-6
3.7e-06	2.057377049e-06	-6
3.7e-06	2.037704918e-06	-6
3.7e-06	2.018032787e-06	-6
3.7e-06	1.998360656e-06	-6
3.7e-06	1.978688525e-06	-6
3.7e-06	1.959016393e-06	-6
3.7e-06	1.939344262e-06	-6
3.7e-06	1.919672131e-06	-6
3.7e-06	1.9e-06	-6
3.7e-06	1.9e-06	0
3.683333333e-06	1.9e-06	0
3.666666667e-06	1.9e-06	0
3.65e-06	1.9e-06	0
3.633333333e-06	1.9e-06	0
3.616666667e-06	1.9e-06	0
3.6e-06	1.9e-06	0
3.6e-06	1.9e-06	6
3.6e-06	1.9e-06	6
3.6e-06	1.9e-06	6
3.6e-06	1.9e-06	6
3.6e-06	1.9e-06	6
3.6e-06	1.9e-06	6
3.6e-06	1.9e-06	6
3.6e-06	1.9e-06	6
3.6e-06	1.9e-06	6
3.6e-06	1.9e-06	6
3.6e-06	1.9e-06	6
3.6e-06	1.919672131e-06	6
3.6e-06	1.939344262e-06	6
3.6e-06	1.959016393e-06	6
3.6e-06	1.978688525e-06	6
3.6e-06	1.998360656e-06	6
3.6e-06	2.018032787e-06	6
3.6e-06	2.037704918e-06	6
3.6e-06	2.057377049e-06	6
3.6e-06	2.07704918e-06	6
3.6e-06	2.096721311e-06	6
3.6e-06	2.116393443e-06	6
3.6e-06	2.136065574e-06	6
3.6e-06	2.155737705e-06	6
3.6e-06	2.175409836e-06	6
3.6e-06	2.195081967e-06	6
3.6e-06	2.214754098e-06	6
3.6e-06	2.23442623e-06	6
3.6e-06	2.254098361e-06	6
3.6e-06	2.273770492e-06	6
3.6e-06	2.293442623e-06	6
3.6e-06	2.313114754e-06	6
3.6e-06	2.332786885e-06	6
3.6e-06	2.352459016e-06	6
3.6e-06	2.372131148e-06	6
3.6e-06	2.391803279e-06	6
3.6e-06	2.41147541e-06	6
3.6e-06	2.431147541e-06	6
3.6e-06	2.450819672e-06	6
3.6e-06	2.470491803e-06	6
3.6e-06	2.490163934e-06	6
3.6e-06	2.509836066e-06	6
3.6e-06	2.529508197e-06	6
3.6e-06	2.549180328e-06	6
3.6e-06	2.568852459e-06	6
3.6e-06	2.58852459e-06	6
3.6e-06	2.608196721e-06	6
3.6e-06	2.627868852e-06	6
3.6e-06	2.647540984e-06	6
3.6e-06	2.667213115e-06	6
3.6e-06	2.686885246e-06	6
3.6e-06	2.706557377e-06	6
3.6e-06	2.726229508e-06	6
3.6e-06	2.745901639e-06	6
3.6e-06	2.76557377e-06	6
3.6e-06	2.785245902e-06	6
3.6e-06	2.804918033e-06	6
3.6e-06	2.824590164e-06	6
3.6e-06	2.844262295e-06	6
3.6e-06	2.863934426e-06	6
3.6e-06	2.883606557e-06	6
3.6e-06	2.903278689e-06	6
3.6e-06	2.92295082e-06	6
3.6e-06	2.942622951e-06	6
3.6e-06	2.962295082e-06	6
3.6e-06	2.981967213e-06	6
3.6e-06	3.001639344e-06	6
3.6e-06	3.021311475e-06	6
3.6e-06	3.040983607e-06	6
3.6e-06	3.060655738e-06	6
3.6e-06	3.080327869e-06	6
3.6e-06	3.1e-06	6
3.6e-06	3.1e-06	-6
3.6e-06	3.1e-06	-6
3.6e-06	3.1e-06	-6
3.6e-06	3.1e-06	-6
3.6e-06	3.1e-06	-6
3.6e-06	3.1e-06	-6
3.6e-06	3.1e-06	-6
3.6e-06	3.1e-06	-6
3.6e-06	3.1e-06	-6
3.6e-06	3.1e-06	-6
3.6e-06	3.1e-06	-6
3.6e-06	3.080327869e-06	-6
3.6e-06	3.060655738e-06	-6
3.6e-06	3.040983607e-06	-6
3.6e-06	3.021311475e-06	-6
3.6e-06	3.001639344e-06	-6
3.6e-06	2.981967213e-06	-6
3.6e-06	2.962295082e-06	-6
3.6e-06	2.942622951e-06	-6
3.6e-06	2.92295082e-06	-6
3.6e-06	2.903278689e-06	-6
3.6e-06	2.883606557e-06	-6
3.6e-06	2.863934426e-06	-6
3.6e-06	2.844262295e-06	-6
3.6e-06	2.824590164e-06	-6
3.6e-06	2.804918033e-06	-6
3.6e-06	2.785245902e-06	-6
3.6e-06	2.76557377e-06	-6
3.6e-06	2.745901639e-06	-6
3.6e-06	2.726229508e-06	-6
3.6e-06	2.706557377e-06	-6
3.6e-06	2.686885246e-06	-6
3.6e-06	2.667213115e-06	-6
3.6e-06	2.647540984e-06	-6
3.6e-06	2.627868852e-06	-6
3.6e-06	2.608196721e-06	-6
3.6e-06	2.58852459e-06	-6
3.6e-06	2.568852459e-06	-6
3.6e-06	2.549180328e-06	-6
3.6e-06	2.529508197e-06	-6
3.6e-06	2.509836066e-06	-6
3.6e-06	2.490163934e-06	-6
3.6e-06	2.470491803e-06	-6
3.6e-06	2.450819672e-06	-6
3.6e-06	2.431147541e-06	-6
3.6e-06	2.41147541e-06	-6
3.6e-06	2.391803279e-06	-6
3.6e-06	2.372131148e-06	-6
3.6e-06	2.352459016e-06	-6
3.6e-06	2.332786885e-06	-6
3.6e-06	2.313114754e-06	-6
3.6e-06	2.293442623e-06	-6
3.6e-06	2.273770492e-06	-6
3.6e-06	2.254098361e-06	-6
3.6e-06	2.23442623e-06	-6
3.6e-06	2.214754098e-06	-6
3.6e-06	2.195081967e-06	-6
3.6e-06	2.175409836e-06	-6
3.6e-06	2.155737705e-06	-6
3.6e-06	2.136065574e-06	-6
3.6e-06	2.116393443e-06	-6
3.6e-06	2.096721311e-06	-6
3.6e-06	2.07704918e-06	-6
3.6e-06	2.057377049e-06	-6
3.6e-06	2.037704918e-06	-6
3.6e-06	2.018032787e-06	-6
3.6e-06	1.998360656e-06	-6
3.6e-06	1.978688525e-06	-6
3.6e-06	1.959016393e-06	-6
3.6e-06	1.939344262e-06	-6
3.6e-06	1.919672131e-06	-6
3.6e-06	1.9e-06	-6
3.6e-06	1.9e-06	0
3.583333333e-06	1.9e-06	0
3.566666667e-06	1.9e-06	0
3.55e-06	1.9e-06	0
3.533333333e-06	1.9e-06	0
3.516666667e-06	1.9e-06	0
3.5e-06	1.9e-06	0
3.5e-06	1.9e-06	6
3.5e-06	1.9e-06	6
3.5e-06	1.9e-06	6
3.5e-06	1.9e-06	6
3.5e-06	1.9e-06	6
3.5e-06	1.9e-06	6
3.5e-06	1.9e-06	6
3.5e-06	1.9e-06	6
3.5e-06	1.9e-06	6
3.5e-06	1.9e-06	6
3.5e-06	1.9e-06	6
3.5e-06	1.919672131e-06	6
3.5e-06	1.939344262e-06	6
3.5e-06	1.959016393e-06	6
3.5e-06	1.978688525e-06	6
3.5e-06	1.998360656e-06	6
3.5e-06	2.018032787e-06	6
3.5e-06	2.037704918e-06	6
3.5e-06	2.057377049e-06	6
3.5e-06	2.07704918e-06	6
3.5e-06	2.096721311e-06	6
3.5e-06	2.116393443e-06	6
3.5e-06	2.136065574e-06	6
3.5e-06	2.155737705e-06	6
3.5e-06	2.175409836e-06	6
3.5e-06	2.195081967e-06	6
3.5e-06	2.214754098e-06	6
3.5e-06	2.23442623e-06	6
3.5e-06	2.254098361e-06	6
3.5e-06	2.273770492e-06	6
3.5e-06	2.293442623e-06	6
3.5e-06	2.313114754e-06	6
3.5e-06	2.332786885e-06	6
3.5e-06	2.352459016e-06	6
3.5e-06	2.372131148e-06	6
3.5e-06	2.391803279e-06	6
3.5e-06	2.41147541e-06	6
3.5e-06	2.431147541e-06	6
3.5e-06	2.450819672e-06	6
3.5e-06	2.470491803e-06	6
3.5e-06	2.490163934e-06	6
3.5e-06	2.509836066e-06	6
3.5e-06	2.529508197e-06	6
3.5e-06	2.549180328e-06	6
3.5e-06	2.568852459e-06	6
3.5e-06	2.58852459e-06	6
3.5e-06	2.608196721e-06	6
3.5e-06	2.627868852e-06	6
3.5e-06	2.647540984e-06	6
3.5e-06	2.667213115e-06	6
3.5e-06	2.686885246e-06	6
3.5e-06	2.706557377e-06	6
3.5e-06	2.726229508e-06	6
3.5e-06	2.745901639e-06	6
3.5e-06	2.76557377e-06	6
3.5e-06	2.785245902e-06	6
3.5e-06	2.804918033e-06	6
3.5e-06	2.824590164e-06	6
3.5e-06	2.844262295e-06	6
3.5e-06	2.863934426e-06	6
3.5e-06	2.883606557e-06	6
3.5e-06	2.903278689e-06	6
3.5e-06	2.92295082e-06	6
3.5e-06	2.942622951e-06	6
3.5e-06	2.962295082e-06	6
3.5e-06	2.981967213e-06	6
3.5e-06	3.001639344e-06	6
3.5e-06	3.021311475e-06	6
3.5e-06	3.040983607e-06	6
3.5e-06	3.060655738e-06	6
3.5e-06	3.080327869e-06	6
3.5e-06	3.1e-06	6
3.5e-06	3.1e-06	-6
3.5e-06	3.1e-06	-6
3.5e-06	3.1e-06	-6
3.5e-06	3.1e-06	-6
3.5e-06	3.1e-06	-6
3.5e-06	3.1e-06	-6
3.5e-06	3.1e-06	-6
3.5e-06	3.1e-06	-6
3.5e-06	3.1e-06	-6
3.5e-06	3.1e-06	-6
3.5e-06	3.1e-06	-6
3.5e-06	3.080327869e-06	-6
3.5e-06	3.060655738e-06	-6
3.5e-06	3.040983607e-06	-6
3.5e-06	3.021311475e-06	-6
3.5e-06	3.001639344e-06	-6
3.5e-06	2.981967213e-06	-6
3.5e-06	2.962295082e-06	-6
3.5e-06	2.942622951e-06	-6
3.5e-06	2.92295082e-06	-6
3.5e-06	2.903278689e-06	-6
3.5e-06	2.883606557e-06	-6
3.5e-06	2.863934426e-06	-6
3.5e-06	2.844262295e-06	-6
3.5e-06	2.824590164e-06	-6
3.5e-06	2.804918033e-06	-6
3.5e-06	2.785245902e-06	-6
3.5e-06	2.76557377e-06	-6
3.5e-06	2.745901639e-06	-6
3.5e-06	2.726229508e-06	-6
3.5e-06	2.706557377e-06	-6
3.5e-06	2.686885246e-06	-6
3.5e-06	2.667213115e-06	-6
3.5e-06	2.647540984e-06	-6
3.5e-06	2.627868852e-06	-6
3.5e-06	2.608196721e-06	-6
3.5e-06	2.58852459e-06	-6
3.5e-06	2.568852459e-06	-6
3.5e-06	2.549180328e-06	-6
3.5e-06	2.529508197e-06	-6
3.5e-06	2.509836066e-06	-6
3.5e-06	2.490163934e-06	-6
3.5e-06	2.470491803e-06	-6
3.5e-06	2.450819672e-06	-6
3.5e-06	2.431147541e-06	-6
3.5e-06	2.41147541e-06	-6
3.5e-06	2.391803279e-06	-6
3.5e-06	2.372131148e-06	-6
3.5e-06	2.352459016e-06	-6
3.5e-06	2.332786885e-06	-6
3.5e-06	2.313114754e-06	-6
3.5e-06	2.293442623e-06	-6
3.5e-06	2.273770492e-06	-6
3.5e-06	2.254098361e-06	-6
3.5e-06	2.23442623e-06	-6
3.5e-06	2.214754098e-06	-6
3.5e-06	2.195081967e-06	-6
3.5e-06	2.175409836e-06	-6
3.5e-06	2.155737705e-06	-6
3.5e-06	2.136065574e-06	-6
3.5e-06	2.116393443e-06	-6
3.5e-06	2.096721311e-06	-6
3.5e-06	2.07704918e-06	-6
3.5e-06	2.057377049e-06	-6
3.5e-06	2.037704918e-06	-6
3.5e-06	2.018032787e-06	-6
3.5e-06	1.998360656e-06	-6
3.5e-06	1.978688525e-06	-6
3.5e-06	1.959016393e-06	-6
3.5e-06	1.939344262e-06	-6
3.5e-06	1.919672131e-06	-6
3.5e-06	1.9e-06	-6
3.5e-06	1.9e-06	0
3.483333333e-06	1.9e-06	0
3.466666667e-06	1.9e-06	0
3.45e-06	1.9e-06	0
3.433333333e-06	1.9e-06	0
3.416666667e-06	1.9e-06	0
3.4e-06	1.9e-06	0
3.4e-06	1.9e-06	6
3.4e-06	1.9e-06	6
3.4e-06	1.9e-06	6
3.4e-06	1.9e-06	6
3.4e-06	1.9e-06	6
3.4e-06	1.9e-06	6
3.4e-06	1.9e-06	6
3.4e-06	1.9e-06	6
3.4e-06	1.9e-06	6
3.4e-06	1.9e-06	6
3.4e-06	1.9e-06	6
3.4e-06	1.919672131e-06	6
3.4e-06	1.939344262e-06	6
3.4e-06	1.959016393e-06	6
3.4e-06	1.978688525e-06	6
3.4e-06	1.998360656e-06	6
3.4e-06	2.018032787e-06	6
3.4e-06	2.037704918e-06	6
3.4e-06	2.057377049e-06	6
3.4e-06	2.07704918e-06	6
3.4e-06	2.096721311e-06	6
3.4e-06	2.116393443e-06	6
3.4e-06	2.136065574e-06	6
3.4e-06	2.155737705e-06	6
3.4e-06	2.175409836e-06	6
3.4e-06	2.195081967e-06	6
3.4e-06	2.214754098e-06	6
3.4e-06	2.23442623e-06	6
3.4e-06	2.254098361e-06	6
3.4e-06	2.273770492e-06	6
3.4e-06	2.293442623e-06	6
3.4e-06	2.313114754e-06	6
3.4e-06	2.332786885e-06	6
3.4e-06	2.352459016e-06	6
3.4e-06	2.372131148e-06	6
3.4e-06	2.391803279e-06	6
3.4e-06	2.41147541e-06	6
3.4e-06	2.431147541e-06	6
3.4e-06	2.450819672e-06	6
3.4e-06	2.470491803e-06	6
3.4e-06	2.490163934e-06	6
3.4e-06	2.509836066e-06	6
3.4e-06	2.529508197e-06	6
3.4e-06	2.549180328e-06	6
3.4e-06	2.568852459e-06	6
3.4e-06	2.58852459e-06	6
3.4e-06	2.608196721e-06	6
3.4e-06	2.627868852e-06	6
3.4e-06	2.647540984e-06	6
3.4e-06	2.667213115e-06	6
3.4e-06	2.686885246e-06	6
3.4e-06	2.706557377e-06	6
3.4e-06	2.726229508e-06	6
3.4e-06	2.745901639e-06	6
3.4e-06	2.76557377e-06	6
3.4e-06	2.785245902e-06	6
3.4e-06	2.804918033e-06	6
3.4e-06	2.824590164e-06	6
3.4e-06	2.844262295e-06	6
3.4e-06	2.863934426e-06	6
3.4e-06	2.883606557e-06	6
3.4e-06	2.903278689e-06	6
3.4e-06	2.92295082e-06	6
3.4e-06	2.942622951e-06	6
3.4e-06	2.962295082e-06	6
3.4e-06	2.981967213e-06	6
3.4e-06	3.001639344e-06	6
3.4e-06	3.021311475e-06	6
3.4e-06	3.040983607e-06	6
3.4e-06	3.060655738e-06	6
3.4e-06	3.080327869e-06	6
3.4e-06	3.1e-06	6
3.4e-06	3.1e-06	-6
3.4e-06	3.1e-06	-6
3.4e-06	3.1e-06	-6
3.4e-06	3.1e-06	-6
3.4e-06	3.1e-06	-6
3.4e-06	3.1e-06	-6
3.4e-06	3.1e-06	-6
3.4e-06	3.1e-06	-6
3.4e-06	3.1e-06	-6
3.4e-06	3.1e-06	-6
3.4e-06	3.1e-06	-6
3.4e-06	3.080327869e-06	-6
3.4e-06	3.060655738e-06	-6
3.4e-06	3.040983607e-06	-6
3.4e-06	3.021311475e-06	-6
3.4e-06	3.001639344e-06	-6
3.4e-06	2.981967213e-06	-6
3.4e-06	2.962295082e-06	-6
3.4e-06	2.942622951e-06	-6
3.4e-06	2.92295082e-06	-6
3.4e-06	2.903278689e-06	-6
3.4e-06	2.883606557e-06	-6
3.4e-06	2.863934426e-06	-6
3.4e-06	2.844262295e-06	-6
3.4e-06	2.824590164e-06	-6
3.4e-06	2.804918033e-06	-6
3.4e-06	2.785245902e-06	-6
3.4e-06	2.76557377e-06	-6
3.4e-06	2.745901639e-06	-6
3.4e-06	2.726229508e-06	-6
3.4e-06	2.706557377e-06	-6
3.4e-06	2.686885246e-06	-6
3.4e-06	2.667213115e-06	-6
3.4e-06	2.647540984e-06	-6
3.4e-06	2.627868852e-06	-6
3.4e-06	2.608196721e-06	-6
3.4e-06	2.58852459e-06	-6
3.4e-06	2.568852459e-06	-6
3.4e-06	2.549180328e-06	-6
3.4e-06	2.529508197e-06	-6
3.4e-06	2.509836066e-06	-6
3.4e-06	2.490163934e-06	-6
3.4e-06	2.470491803e-06	-6
3.4e-06	2.450819672e-06	-6
3.4e-06	2.431147541e-06	-6
3.4e-06	2.41147541e-06	-6
3.4e-06	2.391803279e-06	-6
3.4e-06	2.372131148e-06	-6
3.4e-06	2.352459016e-06	-6
3.4e-06	2.332786885e-06	-6
3.4e-06	2.313114754e-06	-6
3.4e-06	2.293442623e-06	-6
3.4e-06	2.273770492e-06	-6
3.4e-06	2.254098361e-06	-6
3.4e-06	2.23442623e-06	-6
3.4e-06	2.214754098e-06	-6
3.4e-06	2.195081967e-06	-6
3.4e-06	2.175409836e-06	-6
3.4e-06	2.155737705e-06	-6
3.4e-06	2.136065574e-06	-6
3.4e-06	2.116393443e-06	-6
3.4e-06	2.096721311e-06	-6
3.4e-06	2.07704918e-06	-6
3.4e-06	2.057377049e-06	-6
3.4e-06	2.037704918e-06	-6
3.4e-06	2.018032787e-06	-6
3.4e-06	1.998360656e-06	-6
3.4e-06	1.978688525e-06	-6
3.4e-06	1.959016393e-06	-6
3.4e-06	1.939344262e-06	-6
3.4e-06	1.919672131e-06	-6
3.4e-06	1.9e-06	-6
3.4e-06	1.9e-06	0
3.383333333e-06	1.9e-06	0
3.366666667e-06	1.9e-06	0
3.35e-06	1.9e-06	0
3.333333333e-06	1.9e-06	0
3.316666667e-06	1.9e-06	0
3.3e-06	1.9e-06	0
3.3e-06	1.9e-06	6
3.3e-06	1.9e-06	6
3.3e-06	1.9e-06	6
3.3e-06	1.9e-06	6
3.3e-06	1.9e-06	6
3.3e-06	1.9e-06	6
3.3e-06	1.9e-06	6
3.3e-06	1.9e-06	6
3.3e-06	1.9e-06	6
3.3e-06	1.9e-06	6
3.3e-06	1.9e-06	6
3.3e-06	1.919672131e-06	6
3.3e-06	1.939344262e-06	6
3.3e-06	1.959016393e-06	6
3.3e-06	1.978688525e-06	6
3.3e-06	1.998360656e-06	6
3.3e-06	2.018032787e-06	6
3.3e-06	2.037704918e-06	6
3.3e-06	2.057377049e-06	6
3.3e-06	2.07704918e-06	6
3.3e-06	2.096721311e-06	6
3.3e-06	2.116393443e-06	6
3.3e-06	2.136065574e-06	6
3.3e-06	2.155737705e-06	6
3.3e-06	2.175409836e-06	6
3.3e-06	2.195081967e-06	6
3.3e-06	2.214754098e-06	6
3.3e-06	2.23442623e-06	6
3.3e-06	2.254098361e-06	6
3.3e-06	2.273770492e-06	6
3.3e-06	2.293442623e-06	6
3.3e-06	2.313114754e-06	6
3.3e-06	2.332786885e-06	6
3.3e-06	2.352459016e-06	6
3.3e-06	2.372131148e-06	6
3.3e-06	2.391803279e-06	6
3.3e-06	2.41147541e-06	6
3.3e-06	2.431147541e-06	6
3.3e-06	2.450819672e-06	6
3.3e-06	2.470491803e-06	6
3.3e-06	2.490163934e-06	6
3.3e-06	2.509836066e-06	6
3.3e-06	2.529508197e-06	6
3.3e-06	2.549180328e-06	6
3.3e-06	2.568852459e-06	6
3.3e-06	2.58852459e-06	6
3.3e-06	2.608196721e-06	6
3.3e-06	2.627868852e-06	6
3.3e-06	2.647540984e-06	6
3.3e-06	2.667213115e-06	6
3.3e-06	2.686885246e-06	6
3.3e-06	2.706557377e-06	6
3.3e-06	2.726229508e-06	6
3.3e-06	2.745901639e-06	6
3.3e-06	2.76557377e-06	6
3.3e-06	2.785245902e-06	6
3.3e-06	2.804918033e-06	6
3.3e-06	2.824590164e-06	6
3.3e-06	2.844262295e-06	6
3.3e-06	2.863934426e-06	6
3.3e-06	2.883606557e-06	6
3.3e-06	2.903278689e-06	6
3.3e-06	2.92295082e-06	6
3.3e-06	2.942622951e-06	6
3.3e-06	2.962295082e-06	6
3.3e-06	2.981967213e-06	6
3.3e-06	3.001639344e-06	6
3.3e-06	3.021311475e-06	6
3.3e-06	3.040983607e-06	6
3.3e-06	3.060655738e-06	6
3.3e-06	3.080327869e-06	6
3.3e-06	3.1e-06	6
3.3e-06	3.1e-06	-6
3.3e-06	3.1e-06	-6
3.3e-06	3.1e-06	-6
3.3e-06	3.1e-06	-6
3.3e-06	3.1e-06	-6
3.3e-06	3.1e-06	-6
3.3e-06	3.1e-06	-6
3.3e-06	3.1e-06	-6
3.3e-06	3.1e-06	-6
3.3e-06	3.1e-06	-6
3.3e-06	3.1e-06	-6
3.3e-06	3.080327869e-06	-6
3.3e-06	3.060655738e-06	-6
3.3e-06	3.040983607e-06	-6
3.3e-06	3.021311475e-06	-6
3.3e-06	3.001639344e-06	-6
3.3e-06	2.981967213e-06	-6
3.3e-06	2.962295082e-06	-6
3.3e-06	2.942622951e-06	-6
3.3e-06	2.92295082e-06	-6
3.3e-06	2.903278689e-06	-6
3.3e-06	2.883606557e-06	-6
3.3e-06	2.863934426e-06	-6
3.3e-06	2.844262295e-06	-6
3.3e-06	2.824590164e-06	-6
3.3e-06	2.804918033e-06	-6
3.3e-06	2.785245902e-06	-6
3.3e-06	2.76557377e-06	-6
3.3e-06	2.745901639e-06	-6
3.3e-06	2.726229508e-06	-6
3.3e-06	2.706557377e-06	-6
3.3e-06	2.686885246e-06	-6
3.3e-06	2.667213115e-06	-6
3.3e-06	2.647540984e-06	-6
3.3e-06	2.627868852e-06	-6
3.3e-06	2.608196721e-06	-6
3.3e-06	2.58852459e-06	-6
3.3e-06	2.568852459e-06	-6
3.3e-06	2.549180328e-06	-6
3.3e-06	2.529508197e-06	-6
3.3e-06	2.509836066e-06	-6
3.3e-06	2.490163934e-06	-6
3.3e-06	2.470491803e-06	-6
3.3e-06	2.450819672e-06	-6
3.3e-06	2.431147541e-06	-6
3.3e-06	2.41147541e-06	-6
3.3e-06	2.391803279e-06	-6
3.3e-06	2.372131148e-06	-6
3.3e-06	2.352459016e-06	-6
3.3e-06	2.332786885e-06	-6
3.3e-06	2.313114754e-06	-6
3.3e-06	2.293442623e-06	-6
3.3e-06	2.273770492e-06	-6
3.3e-06	2.254098361e-06	-6
3.3e-06	2.23442623e-06	-6
3.3e-06	2.214754098e-06	-6
3.3e-06	2.195081967e-06	-6
3.3e-06	2.175409836e-06	-6
3.3e-06	2.155737705e-06	-6
3.3e-06	2.136065574e-06	-6
3.3e-06	2.116393443e-06	-6
3.3e-06	2.096721311e-06	-6
3.3e-06	2.07704918e-06	-6
3.3e-06	2.057377049e-06	-6
3.3e-06	2.037704918e-06	-6
3.3e-06	2.018032787e-06	-6
3.3e-06	1.998360656e-06	-6
3.3e-06	1.978688525e-06	-6
3.3e-06	1.959016393e-06	-6
3.3e-06	1.939344262e-06	-6
3.3e-06	1.919672131e-06	-6
3.3e-06	1.9e-06	-6
3.3e-06	1.9e-06	0
3.28e-06	1.9e-06	0
3.26e-06	1.9e-06	0
3.24e-06	1.9e-06	0
3.22e-06	1.9e-06	0
3.2e-06	1.9e-06	0
3.2e-06	1.9e-06	6
3.2e-06	1.9e-06	6
3.2e-06	1.9e-06	6
3.2e-06	1.9e-06	6
3.2e-06	1.9e-06	6
3.2e-06	1.9e-06	6
3.2e-06	1.9e-06	6
3.2e-06	1.9e-06	6
3.2e-06	1.9e-06	6
3.2e-06	1.9e-06	6
3.2e-06	1.9e-06	6
3.2e-06	1.919672131e-06	6
3.2e-06	1.939344262e-06	6
3.2e-06	1.959016393e-06	6
3.2e-06	1.978688525e-06	6
3.2e-06	1.998360656e-06	6
3.2e-06	2.018032787e-06	6
3.2e-06	2.037704918e-06	6
3.2e-06	2.057377049e-06	6
3.2e-06	2.07704918e-06	6
3.2e-06	2.096721311e-06	6
3.2e-06	2.116393443e-06	6
3.2e-06	2.136065574e-06	6
3.2e-06	2.155737705e-06	6
3.2e-06	2.175409836e-06	6
3.2e-06	2.195081967e-06	6
3.2e-06	2.214754098e-06	6
3.2e-06	2.23442623e-06	6
3.2e-06	2.254098361e-06	6
3.2e-06	2.273770492e-06	6
3.2e-06	2.293442623e-06	6
3.2e-06	2.313114754e-06	6
3.2e-06	2.332786885e-06	6
3.2e-06	2.352459016e-06	6
3.2e-06	2.372131148e-06	6
3.2e-06	2.391803279e-06	6
3.2e-06	2.41147541e-06	6
3.2e-06	2.431147541e-06	6
3.2e-06	2.450819672e-06	6
3.2e-06	2.470491803e-06	6
3.2e-06	2.490163934e-06	6
3.2e-06	2.509836066e-06	6
3.2e-06	2.529508197e-06	6
3.2e-06	2.549180328e-06	6
3.2e-06	2.568852459e-06	6
3.2e-06	2.58852459e-06	6
3.2e-06	2.608196721e-06	6
3.2e-06	2.627868852e-06	6
3.2e-06	2.647540984e-06	6
3.2e-06	2.667213115e-06	6
3.2e-06	2.686885246e-06	6
3.2e-06	2.706557377e-06	6
3.2e-06	2.726229508e-06	6
3.2e-06	2.745901639e-06	6
3.2e-06	2.76557377e-06	6
3.2e-06	2.785245902e-06	6
3.2e-06	2.804918033e-06	6
3.2e-06	2.824590164e-06	6
3.2e-06	2.844262295e-06	6
3.2e-06	2.863934426e-06	6
3.2e-06	2.883606557e-06	6
3.2e-06	2.903278689e-06	6
3.2e-06	2.92295082e-06	6
3.2e-06	2.942622951e-06	6
3.2e-06	2.962295082e-06	6
3.2e-06	2.981967213e-06	6
3.2e-06	3.001639344e-06	6
3.2e-06	3.021311475e-06	6
3.2e-06	3.040983607e-06	6
3.2e-06	3.060655738e-06	6
3.2e-06	3.080327869e-06	6
3.2e-06	3.1e-06	6
3.2e-06	3.1e-06	-6
3.2e-06	3.1e-06	-6
3.2e-06	3.1e-06	-6
3.2e-06	3.1e-06	-6
3.2e-06	3.1e-06	-6
3.2e-06	3.1e-06	-6
3.2e-06	3.1e-06	-6
3.2e-06	3.1e-06	-6
3.2e-06	3.1e-06	-6
3.2e-06	3.1e-06	-6
3.2e-06	3.1e-06	-6
3.2e-06	3.080327869e-06	-6
3.2e-06	3.060655738e-06	-6
3.2e-06	3.040983607e-06	-6
3.2e-06	3.021311475e-06	-6
3.2e-06	3.001639344e-06	-6
3.2e-06	2.981967213e-06	-6
3.2e-06	2.962295082e-06	-6
3.2e-06	2.942622951e-06	-6
3.2e-06	2.92295082e-06	-6
3.2e-06	2.903278689e-06	-6
3.2e-06	2.883606557e-06	-6
3.2e-06	2.863934426e-06	-6
3.2e-06	2.844262295e-06	-6
3.2e-06	2.824590164e-06	-6
3.2e-06	2.804918033e-06	-6
3.2e-06	2.785245902e-06	-6
3.2e-06	2.76557377e-06	-6
3.2e-06	2.745901639e-06	-6
3.2e-06	2.726229508e-06	-6
3.2e-06	2.706557377e-06	-6
3.2e-06	2.686885246e-06	-6
3.2e-06	2.667213115e-06	-6
3.2e-06	2.647540984e-06	-6
3.2e-06	2.627868852e-06	-6
3.2e-06	2.608196721e-06	-6
3.2e-06	2.58852459e-06	-6
3.2e-06	2.568852459e-06	-6
3.2e-06	2.549180328e-06	-6
3.2e-06	2.529508197e-06	-6
3.2e-06	2.509836066e-06	-6
3.2e-06	2.490163934e-06	-6
3.2e-06	2.470491803e-06	-6
3.2e-06	2.450819672e-06	-6
3.2e-06	2.431147541e-06	-6
3.2e-06	2.41147541e-06	-6
3.2e-06	2.391803279e-06	-6
3.2e-06	2.372131148e-06	-6
3.2e-06	2.352459016e-06	-6
3.2e-06	2.332786885e-06	-6
3.2e-06	2.313114754e-06	-6
3.2e-06	2.293442623e-06	-6
3.2e-06	2.273770492e-06	-6
3.2e-06	2.254098361e-06	-6
3.2e-06	2.23442623e-06	-6
3.2e-06	2.214754098e-06	-6
3.2e-06	2.195081967e-06	-6
3.2e-06	2.175409836e-06	-6
3.2e-06	2.155737705e-06	-6
3.2e-06	2.136065574e-06	-6
3.2e-06	2.116393443e-06	-6
3.2e-06	2.096721311e-06	-6
3.2e-06	2.07704918e-06	-6
3.2e-06	2.057377049e-06	-6
3.2e-06	2.037704918e-06	-6
3.2e-06	2.018032787e-06	-6
3.2e-06	1.998360656e-06	-6
3.2e-06	1.978688525e-06	-6
3.2e-06	1.959016393e-06	-6
3.2e-06	1.939344262e-06	-6
3.2e-06	1.919672131e-06	-6
3.2e-06	1.9e-06	-6
3.2e-06	1.9e-06	0
3.183333333e-06	1.9e-06	0
3.166666667e-06	1.9e-06	0
3.15e-06	1.9e-06	0
3.133333333e-06	1.9e-06	0
3.116666667e-06	1.9e-06	0
3.1e-06	1.9e-06	0
3.1e-06	1.9e-06	6
3.1e-06	1.9e-06	6
3.1e-06	1.9e-06	6
3.1e-06	1.9e-06	6
3.1e-06	1.9e-06	6
3.1e-06	1.9e-06	6
3.1e-06	1.9e-06	6
3.1e-06	1.9e-06	6
3.1e-06	1.9e-06	6
3.1e-06	1.9e-06	6
3.1e-06	1.9e-06	6
3.1e-06	1.919672131e-06	6
3.1e-06	1.939344262e-06	6
3.1e-06	1.959016393e-06	6
3.1e-06	1.978688525e-06	6
3.1e-06	1.998360656e-06	6
3.1e-06	2.018032787e-06	6
3.1e-06	2.037704918e-06	6
3.1e-06	2.057377049e-06	6
3.1e-06	2.07704918e-06	6
3.1e-06	2.096721311e-06	6
3.1e-06	2.116393443e-06	6
3.1e-06	2.136065574e-06	6
3.1e-06	2.155737705e-06	6
3.1e-06	2.175409836e-06	6
3.1e-06	2.195081967e-06	6
3.1e-06	2.214754098e-06	6
3.1e-06	2.23442623e-06	6
3.1e-06	2.254098361e-06	6
3.1e-06	2.273770492e-06	6
3.1e-06	2.293442623e-06	6
3.1e-06	2.313114754e-06	6
3.1e-06	2.332786885e-06	6
3.1e-06	2.352459016e-06	6
3.1e-06	2.372131148e-06	6
3.1e-06	2.391803279e-06	6
3.1e-06	2.41147541e-06	6
3.1e-06	2.431147541e-06	6
3.1e-06	2.450819672e-06	6
3.1e-06	2.470491803e-06	6
3.1e-06	2.490163934e-06	6
3.1e-06	2.509836066e-06	6
3.1e-06	2.529508197e-06	6
3.1e-06	2.549180328e-06	6
3.1e-06	2.568852459e-06	6
3.1e-06	2.58852459e-06	6
3.1e-06	2.608196721e-06	6
3.1e-06	2.627868852e-06	6
3.1e-06	2.647540984e-06	6
3.1e-06	2.667213115e-06	6
3.1e-06	2.686885246e-06	6
3.1e-06	2.706557377e-06	6
3.1e-06	2.726229508e-06	6
3.1e-06	2.745901639e-06	6
3.1e-06	2.76557377e-06	6
3.1e-06	2.785245902e-06	6
3.1e-06	2.804918033e-06	6
3.1e-06	2.824590164e-06	6
3.1e-06	2.844262295e-06	6
3.1e-06	2.863934426e-06	6
3.1e-06	2.883606557e-06	6
3.1e-06	2.903278689e-06	6
3.1e-06	2.92295082e-06	6
3.1e-06	2.942622951e-06	6
3.1e-06	2.962295082e-06	6
3.1e-06	2.981967213e-06	6
3.1e-06	3.001639344e-06	6
3.1e-06	3.021311475e-06	6
3.1e-06	3.040983607e-06	6
3.1e-06	3.060655738e-06	6
3.1e-06	3.080327869e-06	6
3.1e-06	3.1e-06	6
3.1e-06	3.1e-06	-6
3.1e-06	3.1e-06	-6
3.1e-06	3.1e-06	-6
3.1e-06	3.1e-06	-6
3.1e-06	3.1e-06	-6
3.1e-06	3.1e-06	-6
3.1e-06	3.1e-06	-6
3.1e-06	3.1e-06	-6
3.1e-06	3.1e-06	-6
3.1e-06	3.1e-06	-6
3.1e-06	3.1e-06	-6
3.1e-06	3.080327869e-06	-6
3.1e-06	3.060655738e-06	-6
3.1e-06	3.040983607e-06	-6
3.1e-06	3.021311475e-06	-6
3.1e-06	3.001639344e-06	-6
3.1e-06	2.981967213e-06	-6
3.1e-06	2.962295082e-06	-6
3.1e-06	2.942622951e-06	-6
3.1e-06	2.92295082e-06	-6
3.1e-06	2.903278689e-06	-6
3.1e-06	2.883606557e-06	-6
3.1e-06	2.863934426e-06	-6
3.1e-06	2.844262295e-06	-6
3.1e-06	2.824590164e-06	-6
3.1e-06	2.804918033e-06	-6
3.1e-06	2.785245902e-06	-6
3.1e-06	2.76557377e-06	-6
3.1e-06	2.745901639e-06	-6
3.1e-06	2.726229508e-06	-6
3.1e-06	2.706557377e-06	-6
3.1e-06	2.686885246e-06	-6
3.1e-06	2.667213115e-06	-6
3.1e-06	2.647540984e-06	-6
3.1e-06	2.627868852e-06	-6
3.1e-06	2.608196721e-06	-6
3.1e-06	2.58852459e-06	-6
3.1e-06	2.568852459e-06	-6
3.1e-06	2.549180328e-06	-6
3.1e-06	2.529508197e-06	-6
3.1e-06	2.509836066e-06	-6
3.1e-06	2.490163934e-06	-6
3.1e-06	2.470491803e-06	-6
3.1e-06	2.450819672e-06	-6
3.1e-06	2.431147541e-06	-6
3.1e-06	2.41147541e-06	-6
3.1e-06	2.391803279e-06	-6
3.1e-06	2.372131148e-06	-6
3.1e-06	2.352459016e-06	-6
3.1e-06	2.332786885e-06	-6
3.1e-06	2.313114754e-06	-6
3.1e-06	2.293442623e-06	-6
3.1e-06	2.273770492e-06	-6
3.1e-06	2.254098361e-06	-6
3.1e-06	2.23442623e-06	-6
3.1e-06	2.214754098e-06	-6
3.1e-06	2.195081967e-06	-6
3.1e-06	2.175409836e-06	-6
3.1e-06	2.155737705e-06	-6
3.1e-06	2.136065574e-06	-6
3.1e-06	2.116393443e-06	-6
3.1e-06	2.096721311e-06	-6
3.1e-06	2.07704918e-06	-6
3.1e-06	2.057377049e-06	-6
3.1e-06	2.037704918e-06	-6
3.1e-06	2.018032787e-06	-6
3.1e-06	1.998360656e-06	-6
3.1e-06	1.978688525e-06	-6
3.1e-06	1.959016393e-06	-6
3.1e-06	1.939344262e-06	-6
3.1e-06	1.919672131e-06	-6
3.1e-06	1.9e-06	-6
3.1e-06	1.9e-06	0
3.083333333e-06	1.9e-06	0
3.066666667e-06	1.9e-06	0
3.05e-06	1.9e-06	0
3.033333333e-06	1.9e-06	0
3.016666667e-06	1.9e-06	0
3e-06	1.9e-06	0
3e-06	1.9e-06	6
3e-06	1.9e-06	6
3e-06	1.9e-06	6
3e-06	1.9e-06	6
3e-06	1.9e-06	6
3e-06	1.9e-06	6
3e-06	1.9e-06	6
3e-06	1.9e-06	6
3e-06	1.9e-06	6
3e-06	1.9e-06	6
3e-06	1.9e-06	6
3e-06	1.919672131e-06	6
3e-06	1.939344262e-06	6
3e-06	1.959016393e-06	6
3e-06	1.978688525e-06	6
3e-06	1.998360656e-06	6
3e-06	2.018032787e-06	6
3e-06	2.037704918e-06	6
3e-06	2.057377049e-06	6
3e-06	2.07704918e-06	6
3e-06	2.096721311e-06	6
3e-06	2.116393443e-06	6
3e-06	2.136065574e-06	6
3e-06	2.155737705e-06	6
3e-06	2.175409836e-06	6
3e-06	2.195081967e-06	6
3e-06	2.214754098e-06	6
3e-06	2.23442623e-06	6
3e-06	2.254098361e-06	6
3e-06	2.273770492e-06	6
3e-06	2.293442623e-06	6
3e-06	2.313114754e-06	6
3e-06	2.332786885e-06	6
3e-06	2.352459016e-06	6
3e-06	2.372131148e-06	6
3e-06	2.391803279e-06	6
3e-06	2.41147541e-06	6
3e-06	2.431147541e-06	6
3e-06	2.450819672e-06	6
3e-06	2.470491803e-06	6
3e-06	2.490163934e-06	6
3e-06	2.509836066e-06	6
3e-06	2.529508197e-06	6
3e-06	2.549180328e-06	6
3e-06	2.568852459e-06	6
3e-06	2.58852459e-06	6
3e-06	2.608196721e-06	6
3e-06	2.627868852e-06	6
3e-06	2.647540984e-06	6
3e-06	2.667213115e-06	6
3e-06	2.686885246e-06	6
3e-06	2.706557377e-06	6
3e-06	2.726229508e-06	6
3e-06	2.745901639e-06	6
3e-06	2.76557377e-06	6
3e-06	2.785245902e-06	6
3e-06	2.804918033e-06	6
3e-06	2.824590164e-06	6
3e-06	2.844262295e-06	6
3e-06	2.863934426e-06	6
3e-06	2.883606557e-06	6
3e-06	2.903278689e-06	6
3e-06	2.92295082e-06	6
3e-06	2.942622951e-06	6
3e-06	2.962295082e-06	6
3e-06	2.981967213e-06	6
3e-06	3.001639344e-06	6
3e-06	3.021311475e-06	6
3e-06	3.040983607e-06	6
3e-06	3.060655738e-06	6
3e-06	3.080327869e-06	6
3e-06	3.1e-06	6
3e-06	3.1e-06	-6
3e-06	3.1e-06	-6
3e-06	3.1e-06	-6
3e-06	3.1e-06	-6
3e-06	3.1e-06	-6
3e-06	3.1e-06	-6
3e-06	3.1e-06	-6
3e-06	3.1e-06	-6
3e-06	3.1e-06	-6
3e-06	3.1e-06	-6
3e-06	3.1e-06	-6
3e-06	3.080327869e-06	-6
3e-06	3.060655738e-06	-6
3e-06	3.040983607e-06	-6
3e-06	3.021311475e-06	-6
3e-06	3.001639344e-06	-6
3e-06	2.981967213e-06	-6
3e-06	2.962295082e-06	-6
3e-06	2.942622951e-06	-6
3e-06	2.92295082e-06	-6
3e-06	2.903278689e-06	-6
3e-06	2.883606557e-06	-6
3e-06	2.863934426e-06	-6
3e-06	2.844262295e-06	-6
3e-06	2.824590164e-06	-6
3e-06	2.804918033e-06	-6
3e-06	2.785245902e-06	-6
3e-06	2.76557377e-06	-6
3e-06	2.745901639e-06	-6
3e-06	2.726229508e-06	-6
3e-06	2.706557377e-06	-6
3e-06	2.686885246e-06	-6
3e-06	2.667213115e-06	-6
3e-06	2.647540984e-06	-6
3e-06	2.627868852e-06	-6
3e-06	2.608196721e-06	-6
3e-06	2.58852459e-06	-6
3e-06	2.568852459e-06	-6
3e-06	2.549180328e-06	-6
3e-06	2.529508197e-06	-6
3e-06	2.509836066e-06	-6
3e-06	2.490163934e-06	-6
3e-06	2.470491803e-06	-6
3e-06	2.450819672e-06	-6
3e-06	2.431147541e-06	-6
3e-06	2.41147541e-06	-6
3e-06	2.391803279e-06	-6
3e-06	2.372131148e-06	-6
3e-06	2.352459016e-06	-6
3e-06	2.332786885e-06	-6
3e-06	2.313114754e-06	-6
3e-06	2.293442623e-06	-6
3e-06	2.273770492e-06	-6
3e-06	2.254098361e-06	-6
3e-06	2.23442623e-06	-6
3e-06	2.214754098e-06	-6
3e-06	2.195081967e-06	-6
3e-06	2.175409836e-06	-6
3e-06	2.155737705e-06	-6
3e-06	2.136065574e-06	-6
3e-06	2.116393443e-06	-6
3e-06	2.096721311e-06	-6
3e-06	2.07704918e-06	-6
3e-06	2.057377049e-06	-6
3e-06	2.037704918e-06	-6
3e-06	2.018032787e-06	-6
3e-06	1.998360656e-06	-6
3e-06	1.978688525e-06	-6
3e-06	1.959016393e-06	-6
3e-06	1.939344262e-06	-6
3e-06	1.919672131e-06	-6
3e-06	1.9e-06	-6
3e-06	1.9e-06	0
2.983333333e-06	1.9e-06	0
2.966666667e-06	1.9e-06	0
2.95e-06	1.9e-06	0
2.933333333e-06	1.9e-06	0
2.916666667e-06	1.9e-06	0
2.9e-06	1.9e-06	0
2.9e-06	1.9e-06	6
2.9e-06	1.9e-06	6
2.9e-06	1.9e-06	6
2.9e-06	1.9e-06	6
2.9e-06	1.9e-06	6
2.9e-06	1.9e-06	6
2.9e-06	1.9e-06	6
2.9e-06	1.9e-06	6
2.9e-06	1.9e-06	6
2.9e-06	1.9e-06	6
2.9e-06	1.9e-06	6
2.9e-06	1.919672131e-06	6
2.9e-06	1.939344262e-06	6
2.9e-06	1.959016393e-06	6
2.9e-06	1.978688525e-06	6
2.9e-06	1.998360656e-06	6
2.9e-06	2.018032787e-06	6
2.9e-06	2.037704918e-06	6
2.9e-06	2.057377049e-06	6
2.9e-06	2.07704918e-06	6
2.9e-06	2.096721311e-06	6
2.9e-06	2.116393443e-06	6
2.9e-06	2.136065574e-06	6
2.9e-06	2.155737705e-06	6
2.9e-06	2.175409836e-06	6
2.9e-06	2.195081967e-06	6
2.9e-06	2.214754098e-06	6
2.9e-06	2.23442623e-06	6
2.9e-06	2.254098361e-06	6
2.9e-06	2.273770492e-06	6
2.9e-06	2.293442623e-06	6
2.9e-06	2.313114754e-06	6
2.9e-06	2.332786885e-06	6
2.9e-06	2.352459016e-06	6
2.9e-06	2.372131148e-06	6
2.9e-06	2.391803279e-06	6
2.9e-06	2.41147541e-06	6
2.9e-06	2.431147541e-06	6
2.9e-06	2.450819672e-06	6
2.9e-06	2.470491803e-06	6
2.9e-06	2.490163934e-06	6
2.9e-06	2.509836066e-06	6
2.9e-06	2.529508197e-06	6
2.9e-06	2.549180328e-06	6
2.9e-06	2.568852459e-06	6
2.9e-06	2.58852459e-06	6
2.9e-06	2.608196721e-06	6
2.9e-06	2.627868852e-06	6
2.9e-06	2.647540984e-06	6
2.9e-06	2.667213115e-06	6
2.9e-06	2.686885246e-06	6
2.9e-06	2.706557377e-06	6
2.9e-06	2.726229508e-06	6
2.9e-06	2.745901639e-06	6
2.9e-06	2.76557377e-06	6
2.9e-06	2.785245902e-06	6
2.9e-06	2.804918033e-06	6
2.9e-06	2.824590164e-06	6
2.9e-06	2.844262295e-06	6
2.9e-06	2.863934426e-06	6
2.9e-06	2.883606557e-06	6
2.9e-06	2.903278689e-06	6
2.9e-06	2.92295082e-06	6
2.9e-06	2.942622951e-06	6
2.9e-06	2.962295082e-06	6
2.9e-06	2.981967213e-06	6
2.9e-06	3.001639344e-06	6
2.9e-06	3.021311475e-06	6
2.9e-06	3.040983607e-06	6
2.9e-06	3.060655738e-06	6
2.9e-06	3.080327869e-06	6
2.9e-06	3.1e-06	6
2.9e-06	3.1e-06	-6
2.9e-06	3.1e-06	-6
2.9e-06	3.1e-06	-6
2.9e-06	3.1e-06	-6
2.9e-06	3.1e-06	-6
2.9e-06	3.1e-06	-6
2.9e-06	3.1e-06	-6
2.9e-06	3.1e-06	-6
2.9e-06	3.1e-06	-6
2.9e-06	3.1e-06	-6
2.9e-06	3.1e-06	-6
2.9e-06	3.080327869e-06	-6
2.9e-06	3.060655738e-06	-6
2.9e-06	3.040983607e-06	-6
2.9e-06	3.021311475e-06	-6
2.9e-06	3.001639344e-06	-6
2.9e-06	2.981967213e-06	-6
2.9e-06	2.962295082e-06	-6
2.9e-06	2.942622951e-06	-6
2.9e-06	2.92295082e-06	-6
2.9e-06	2.903278689e-06	-6
2.9e-06	2.883606557e-06	-6
2.9e-06	2.863934426e-06	-6
2.9e-06	2.844262295e-06	-6
2.9e-06	2.824590164e-06	-6
2.9e-06	2.804918033e-06	-6
2.9e-06	2.785245902e-06	-6
2.9e-06	2.76557377e-06	-6
2.9e-06	2.745901639e-06	-6
2.9e-06	2.726229508e-06	-6
2.9e-06	2.706557377e-06	-6
2.9e-06	2.686885246e-06	-6
2.9e-06	2.667213115e-06	-6
2.9e-06	2.647540984e-06	-6
2.9e-06	2.627868852e-06	-6
2.9e-06	2.608196721e-06	-6
2.9e-06	2.58852459e-06	-6
2.9e-06	2.568852459e-06	-6
2.9e-06	2.549180328e-06	-6
2.9e-06	2.529508197e-06	-6
2.9e-06	2.509836066e-06	-6
2.9e-06	2.490163934e-06	-6
2.9e-06	2.470491803e-06	-6
2.9e-06	2.450819672e-06	-6
2.9e-06	2.431147541e-06	-6
2.9e-06	2.41147541e-06	-6
2.9e-06	2.391803279e-06	-6
2.9e-06	2.372131148e-06	-6
2.9e-06	2.352459016e-06	-6
2.9e-06	2.332786885e-06	-6
2.9e-06	2.313114754e-06	-6
2.9e-06	2.293442623e-06	-6
2.9e-06	2.273770492e-06	-6
2.9e-06	2.254098361e-06	-6
2.9e-06	2.23442623e-06	-6
2.9e-06	2.214754098e-06	-6
2.9e-06	2.195081967e-06	-6
2.9e-06	2.175409836e-06	-6
2.9e-06	2.155737705e-06	-6
2.9e-06	2.136065574e-06	-6
2.9e-06	2.116393443e-06	-6
2.9e-06	2.096721311e-06	-6
2.9e-06	2.07704918e-06	-6
2.9e-06	2.057377049e-06	-6
2.9e-06	2.037704918e-06	-6
2.9e-06	2.018032787e-06	-6
2.9e-06	1.998360656e-06	-6
2.9e-06	1.978688525e-06	-6
2.9e-06	1.959016393e-06	-6
2.9e-06	1.939344262e-06	-6
2.9e-06	1.919672131e-06	-6
2.9e-06	1.9e-06	-6
