# X_m	Y_m	V
3.683012702e-06	2.816987298e-06	6
3.683012702e-06	2.816987298e-06	6
3.683012702e-06	2.816987298e-06	6
3.683012702e-06	2.816987298e-06	6
3.683012702e-06	2.816987298e-06	6
3.683012702e-06	2.816987298e-06	6
3.683012702e-06	2.816987298e-06	6
3.683012702e-06	2.816987298e-06	6
3.683012702e-06	2.816987298e-06	6
3.683012702e-06	2.816987298e-06	6
3.683012702e-06	2.816987298e-06	6
3.693012702e-06	2.834307806e-06	6
3.703012702e-06	2.851628314e-06	6
3.713012702e-06	2.868948822e-06	6
3.723012702e-06	2.88626933e-06	6
3.733012702e-06	2.903589838e-06	6
3.743012702e-06	2.920910347e-06	6
3.753012702e-06	2.938230855e-06	6
3.763012702e-06	2.955551363e-06	6
3.773012702e-06	2.972871871e-06	6
3.783012702e-06	2.990192379e-06	6
3.793012702e-06	3.007512887e-06	6
3.803012702e-06	3.024833395e-06	6
3.813012702e-06	3.042153903e-06	6
3.823012702e-06	3.059474411e-06	6
3.833012702e-06	3.076794919e-06	6
3.843012702e-06	3.094115427e-06	6
3.853012702e-06	3.111435935e-06	6
3.863012702e-06	3.128756443e-06	6
3.873012702e-06	3.146076952e-06	6
3.883012702e-06	3.16339746e-06	6
3.893012702e-06	3.180717968e-06	6
3.903012702e-06	3.198038476e-06	6
3.913012702e-06	3.215358984e-06	6
3.923012702e-06	3.232679492e-06	6
3.933012702e-06	3.25e-06	6
3.943012702e-06	3.267320508e-06	6
3.953012702e-06	3.284641016e-06	6
3.963012702e-06	3.301961524e-06	6
3.973012702e-06	3.319282032e-06	6
3.983012702e-06	3.33660254e-06	6
3.993012702e-06	3.353923048e-06	6
4.003012702e-06	3.371243557e-06	6
4.013012702e-06	3.388564065e-06	6
4.023012702e-06	3.405884573e-06	6
4.033012702e-06	3.423205081e-06	6
4.043012702e-06	3.440525589e-06	6
4.053012702e-06	3.457846097e-06	6
4.063012702e-06	3.475166605e-06	6
4.073012702e-06	3.492487113e-06	6
4.083012702e-06	3.509807621e-06	6
4.093012702e-06	3.527128129e-06	6
4.103012702e-06	3.544448637e-06	6
4.113012702e-06	3.561769145e-06	6
4.123012702e-06	3.579089653e-06	6
4.133012702e-06	3.596410162e-06	6
4.143012702e-06	3.61373067e-06	6
4.153012702e-06	3.631051178e-06	6
4.163012702e-06	3.648371686e-06	6
4.173012702e-06	3.665692194e-06	6
4.183012702e-06	3.683012702e-06	6
4.183012702e-06	3.683012702e-06	-6
4.183012702e-06	3.683012702e-06	-6
4.183012702e-06	3.683012702e-06	-6
4.183012702e-06	3.683012702e-06	-6
4.183012702e-06	3.683012702e-06	-6
4.183012702e-06	3.683012702e-06	-6
4.183012702e-06	3.683012702e-06	-6
4.183012702e-06	3.683012702e-06	-6
4.183012702e-06	3.683012702e-06	-6
4.183012702e-06	3.683012702e-06	-6
4.183012702e-06	3.683012702e-06	-6
4.173012702e-06	3.665692194e-06	-6
4.163012702e-06	3.648371686e-06	-6
4.153012702e-06	3.631051178e-06	-6
4.143012702e-06	3.61373067e-06	-6
4.133012702e-06	3.596410162e-06	-6
4.123012702e-06	3.579089653e-06	-6
4.113012702e-06	3.561769145e-06	-6
4.103012702e-06	3.544448637e-06	-6
4.093012702e-06	3.527128129e-06	-6
4.083012702e-06	3.509807621e-06	-6
4.073012702e-06	3.492487113e-06	-6
4.063012702e-06	3.475166605e-06	-6
4.053012702e-06	3.457846097e-06	-6
4.043012702e-06	3.440525589e-06	-6
4.033012702e-06	3.423205081e-06	-6
4.023012702e-06	3.405884573e-06	-6
4.013012702e-06	3.388564065e-06	-6
4.003012702e-06	3.371243557e-06	-6
3.993012702e-06	3.353923048e-06	-6
3.983012702e-06	3.33660254e-06	-6
3.973012702e-06	3.319282032e-06	-6
3.963012702e-06	3.301961524e-06	-6
3.953012702e-06	3.284641016e-06	-6
3.943012702e-06	3.267320508e-06	-6
3.933012702e-06	3.25e-06	-6
3.923012702e-06	3.232679492e-06	-6
3.913012702e-06	3.215358984e-06	-6
3.903012702e-06	3.198038476e-06	-6
3.893012702e-06	3.180717968e-06	-6
3.883012702e-06	3.16339746e-06	-6
3.873012702e-06	3.146076952e-06	-6
3.863012702e-06	3.128756443e-06	-6
3.853012702e-06	3.111435935e-06	-6
3.843012702e-06	3.094115427e-06	-6
3.833012702e-06	3.076794919e-06	-6
3.823012702e-06	3.059474411e-06	-6
3.813012702e-06	3.042153903e-06	-6
3.803012702e-06	3.024833395e-06	-6
3.793012702e-06	3.007512887e-06	-6
3.783012702e-06	2.990192379e-06	-6
3.773012702e-06	2.972871871e-06	-6
3.763012702e-06	2.955551363e-06	-6
3.753012702e-06	2.938230855e-06	-6
3.743012702e-06	2.920910347e-06	-6
3.733012702e-06	2.903589838e-06	-6
3.723012702e-06	2.88626933e-06	-6
3.713012702e-06	2.868948822e-06	-6
3.703012702e-06	2.851628314e-06	-6
3.693012702e-06	2.834307806e-06	-6
3.683012702e-06	2.816987298e-06	-6
3.683012702e-06	2.816987298e-06	0
3.665692194e-06	2.826987298e-06	0
3.648371686e-06	2.836987298e-06	0
3.631051178e-06	2.846987298e-06	0
3.61373067e-06	2.856987298e-06	0
3.596410162e-06	2.866987298e-06	0
3.596410162e-06	2.866987298e-06	6
3.596410162e-06	2.866987298e-06	6
3.596410162e-06	2.866987298e-06	6
3.596410162e-06	2.866987298e-06	6
3.596410162e-06	2.866987298e-06	6
3.596410162e-06	2.866987298e-06	6
3.596410162e-06	2.866987298e-06	6
3.596410162e-06	2.866987298e-06	6
3.596410162e-06	2.866987298e-06	6
3.596410162e-06	2.866987298e-06	6
3.596410162e-06	2.866987298e-06	6
3.606410162e-06	2.884307806e-06	6
3.616410162e-06	2.901628314e-06	6
3.626410162e-06	2.918948822e-06	6
3.636410162e-06	2.93626933e-06	6
3.646410162e-06	2.953589838e-06	6
3.656410162e-06	2.970910347e-06	6
3.666410162e-06	2.988230855e-06	6
3.676410162e-06	3.005551363e-06	6
3.686410162e-06	3.022871871e-06	6
3.696410162e-06	3.040192379e-06	6
3.706410162e-06	3.057512887e-06	6
3.716410162e-06	3.074833395e-06	6
3.726410162e-06	3.092153903e-06	6
3.736410162e-06	3.109474411e-06	6
3.746410162e-06	3.126794919e-06	6
3.756410162e-06	3.144115427e-06	6
3.766410162e-06	3.161435935e-06	6
3.776410162e-06	3.178756443e-06	6
3.786410162e-06	3.196076952e-06	6
3.796410162e-06	3.21339746e-06	6
3.806410162e-06	3.230717968e-06	6
3.816410162e-06	3.248038476e-06	6
3.826410162e-06	3.265358984e-06	6
3.836410162e-06	3.282679492e-06	6
3.846410162e-06	3.3e-06	6
3.856410162e-06	3.317320508e-06	6
3.866410162e-06	3.334641016e-06	6
3.876410162e-06	3.351961524e-06	6
3.886410162e-06	3.369282032e-06	6
3.896410162e-06	3.38660254e-06	6
3.906410162e-06	3.403923048e-06	6
3.916410162e-06	3.421243557e-06	6
3.926410162e-06	3.438564065e-06	6
3.936410162e-06	3.455884573e-06	6
3.946410162e-06	3.473205081e-06	6
3.956410162e-06	3.490525589e-06	6
3.966410162e-06	3.507846097e-06	6
3.976410162e-06	3.525166605e-06	6
3.986410162e-06	3.542487113e-06	6
3.996410162e-06	3.559807621e-06	6
4.006410162e-06	3.577128129e-06	6
4.016410162e-06	3.594448637e-06	6
4.026410162e-06	3.611769145e-06	6
4.036410162e-06	3.629089653e-06	6
4.046410162e-06	3.646410162e-06	6
4.056410162e-06	3.66373067e-06	6
4.066410162e-06	3.681051178e-06	6
4.076410162e-06	3.698371686e-06	6
4.086410162e-06	3.715692194e-06	6
4.096410162e-06	3.733012702e-06	6
4.096410162e-06	3.733012702e-06	-6
4.096410162e-06	3.733012702e-06	-6
4.096410162e-06	3.733012702e-06	-6
4.096410162e-06	3.733012702e-06	-6
4.096410162e-06	3.733012702e-06	-6
4.096410162e-06	3.733012702e-06	-6
4.096410162e-06	3.733012702e-06	-6
4.096410162e-06	3.733012702e-06	-6
4.096410162e-06	3.733012702e-06	-6
4.096410162e-06	3.733012702e-06	-6
4.096410162e-06	3.733012702e-06	-6
4.086410162e-06	3.715692194e-06	-6
4.076410162e-06	3.698371686e-06	-6
4.066410162e-06	3.681051178e-06	-6
4.056410162e-06	3.66373067e-06	-6
4.046410162e-06	3.646410162e-06	-6
4.036410162e-06	3.629089653e-06	-6
4.026410162e-06	3.611769145e-06	-6
4.016410162e-06	3.594448637e-06	-6
4.006410162e-06	3.577128129e-06	-6
3.996410162e-06	3.559807621e-06	-6
3.986410162e-06	3.542487113e-06	-6
3.976410162e-06	3.525166605e-06	-6
3.966410162e-06	3.507846097e-06	-6
3.956410162e-06	3.490525589e-06	-6
3.946410162e-06	3.473205081e-06	-6
3.936410162e-06	3.455884573e-06	-6
3.926410162e-06	3.438564065e-06	-6
3.916410162e-06	3.421243557e-06	-6
3.906410162e-06	3.403923048e-06	-6
3.896410162e-06	3.38660254e-06	-6
3.886410162e-06	3.369282032e-06	-6
3.876410162e-06	3.351961524e-06	-6
3.866410162e-06	3.334641016e-06	-6
3.856410162e-06	3.317320508e-06	-6
3.846410162e-06	3.3e-06	-6
3.836410162e-06	3.282679492e-06	-6
3.826410162e-06	3.265358984e-06	-6
3.816410162e-06	3.248038476e-06	-6
3.806410162e-06	3.230717968e-06	-6
3.796410162e-06	3.21339746e-06	-6
3.786410162e-06	3.196076952e-06	-6
3.776410162e-06	3.178756443e-06	-6
3.766410162e-06	3.161435935e-06	-6
3.756410162e-06	3.144115427e-06	-6
3.746410162e-06	3.126794919e-06	-6
3.736410162e-06	3.109474411e-06	-6
3.726410162e-06	3.092153903e-06	-6
3.716410162e-06	3.074833395e-06	-6
3.706410162e-06	3.057512887e-06	-6
3.696410162e-06	3.040192379e-06	-6
3.686410162e-06	3.022871871e-06	-6
3.676410162e-06	3.005551363e-06	-6
3.666410162e-06	2.988230855e-06	-6
3.656410162e-06	2.970910347e-06	-6
3.646410162e-06	2.953589838e-06	-6
3.636410162e-06	2.93626933e-06	-6
3.626410162e-06	2.918948822e-06	-6
3.616410162e-06	2.901628314e-06	-6
3.606410162e-06	2.884307806e-06	-6
3.596410162e-06	2.866987298e-06	-6
3.596410162e-06	2.866987298e-06	0
3.581976405e-06	2.875320631e-06	0
3.567542648e-06	2.883653965e-06	0
3.553108891e-06	2.891987298e-06	0
3.538675135e-06	2.900320631e-06	0
3.524241378e-06	2.908653965e-06	0
3.509807621e-06	2.916987298e-06	0
3.509807621e-06	2.916987298e-06	6
3.509807621e-06	2.916987298e-06	6
3.509807621e-06	2.916987298e-06	6
3.509807621e-06	2.916987298e-06	6
3.509807621e-06	2.916987298e-06	6
3.509807621e-06	2.916987298e-06	6
3.509807621e-06	2.916987298e-06	6
3.509807621e-06	2.916987298e-06	6
3.509807621e-06	2.916987298e-06	6
3.509807621e-06	2.916987298e-06	6
3.509807621e-06	2.916987298e-06	6
3.519807621e-06	2.934307806e-06	6
3.529807621e-06	2.951628314e-06	6
3.539807621e-06	2.968948822e-06	6
3.549807621e-06	2.98626933e-06	6
3.559807621e-06	3.003589838e-06	6
3.569807621e-06	3.020910347e-06	6
3.579807621e-06	3.038230855e-06	6
3.589807621e-06	3.055551363e-06	6
3.599807621e-06	3.072871871e-06	6
3.609807621e-06	3.090192379e-06	6
3.619807621e-06	3.107512887e-06	6
3.629807621e-06	3.124833395e-06	6
3.639807621e-06	3.142153903e-06	6
3.649807621e-06	3.159474411e-06	6
3.659807621e-06	3.176794919e-06	6
3.669807621e-06	3.194115427e-06	6
3.679807621e-06	3.211435935e-06	6
3.689807621e-06	3.228756443e-06	6
3.699807621e-06	3.246076952e-06	6
3.709807621e-06	3.26339746e-06	6
3.719807621e-06	3.280717968e-06	6
3.729807621e-06	3.298038476e-06	6
3.739807621e-06	3.315358984e-06	6
3.749807621e-06	3.332679492e-06	6
3.759807621e-06	3.35e-06	6
3.769807621e-06	3.367320508e-06	6
3.779807621e-06	3.384641016e-06	6
3.789807621e-06	3.401961524e-06	6
3.799807621e-06	3.419282032e-06	6
3.809807621e-06	3.43660254e-06	6
3.819807621e-06	3.453923048e-06	6
3.829807621e-06	3.471243557e-06	6
3.839807621e-06	3.488564065e-06	6
3.849807621e-06	3.505884573e-06	6
3.859807621e-06	3.523205081e-06	6
3.869807621e-06	3.540525589e-06	6
3.879807621e-06	3.557846097e-06	6
3.889807621e-06	3.575166605e-06	6
3.899807621e-06	3.592487113e-06	6
3.909807621e-06	3.609807621e-06	6
3.919807621e-06	3.627128129e-06	6
3.929807621e-06	3.644448637e-06	6
3.939807621e-06	3.661769145e-06	6
3.949807621e-06	3.679089653e-06	6
3.959807621e-06	3.696410162e-06	6
3.969807621e-06	3.71373067e-06	6
3.979807621e-06	3.731051178e-06	6
3.989807621e-06	3.748371686e-06	6
3.999807621e-06	3.765692194e-06	6
4.009807621e-06	3.783012702e-06	6
4.009807621e-06	3.783012702e-06	-6
4.009807621e-06	3.783012702e-06	-6
4.009807621e-06	3.783012702e-06	-6
4.009807621e-06	3.783012702e-06	-6
4.009807621e-06	3.783012702e-06	-6
4.009807621e-06	3.783012702e-06	-6
4.009807621e-06	3.783012702e-06	-6
4.009807621e-06	3.783012702e-06	-6
4.009807621e-06	3.783012702e-06	-6
4.009807621e-06	3.783012702e-06	-6
4.009807621e-06	3.783012702e-06	-6
3.999807621e-06	3.765692194e-06	-6
3.989807621e-06	3.748371686e-06	-6
3.979807621e-06	3.731051178e-06	-6
3.969807621e-06	3.71373067e-06	-6
3.959807621e-06	3.696410162e-06	-6
3.949807621e-06	3.679089653e-06	-6
3.939807621e-06	3.661769145e-06	-6
3.929807621e-06	3.644448637e-06	-6
3.919807621e-06	3.627128129e-06	-6
3.909807621e-06	3.609807621e-06	-6
3.899807621e-06	3.592487113e-06	-6
3.889807621e-06	3.575166605e-06	-6
3.879807621e-06	3.557846097e-06	-6
3.869807621e-06	3.540525589e-06	-6
3.859807621e-06	3.523205081e-06	-6
3.849807621e-06	3.505884573e-06	-6
3.839807621e-06	3.488564065e-06	-6
3.829807621e-06	3.471243557e-06	-6
3.819807621e-06	3.453923048e-06	-6
3.809807621e-06	3.43660254e-06	-6
3.799807621e-06	3.419282032e-06	-6
3.789807621e-06	3.401961524e-06	-6
3.779807621e-06	3.384641016e-06	-6
3.769807621e-06	3.367320508e-06	-6
3.759807621e-06	3.35e-06	-6
3.749807621e-06	3.332679492e-06	-6
3.739807621e-06	3.315358984e-06	-6
3.729807621e-06	3.298038476e-06	-6
3.719807621e-06	3.280717968e-06	-6
3.709807621e-06	3.26339746e-06	-6
3.699807621e-06	3.246076952e-06	-6
3.689807621e-06	3.228756443e-06	-6
3.679807621e-06	3.211435935e-06	-6
3.669807621e-06	3.194115427e-06	-6
3.659807621e-06	3.176794919e-06	-6
3.649807621e-06	3.159474411e-06	-6
3.639807621e-06	3.142153903e-06	-6
3.629807621e-06	3.124833395e-06	-6
3.619807621e-06	3.107512887e-06	-6
3.609807621e-06	3.090192379e-06	-6
3.599807621e-06	3.072871871e-06	-6
3.589807621e-06	3.055551363e-06	-6
3.579807621e-06	3.038230855e-06	-6
3.569807621e-06	3.020910347e-06	-6
3.559807621e-06	3.003589838e-06	-6
3.549807621e-06	2.98626933e-06	-6
3.539807621e-06	2.968948822e-06	-6
3.529807621e-06	2.951628314e-06	-6
3.519807621e-06	2.934307806e-06	-6
3.509807621e-06	2.916987298e-06	-6
3.509807621e-06	2.916987298e-06	0
3.492487113e-06	2.926987298e-06	0
3.475166605e-06	2.936987298e-06	0
3.457846097e-06	2.946987298e-06	0
3.440525589e-06	2.956987298e-06	0
3.423205081e-06	2.966987298e-06	0
3.423205081e-06	2.966987298e-06	6
3.423205081e-06	2.966987298e-06	6
3.423205081e-06	2.966987298e-06	6
3.423205081e-06	2.966987298e-06	6
3.423205081e-06	2.966987298e-06	6
3.423205081e-06	2.966987298e-06	6
3.423205081e-06	2.966987298e-06	6
3.423205081e-06	2.966987298e-06	6
3.423205081e-06	2.966987298e-06	6
3.423205081e-06	2.966987298e-06	6
3.423205081e-06	2.966987298e-06	6
3.433205081e-06	2.984307806e-06	6
3.443205081e-06	3.001628314e-06	6
3.453205081e-06	3.018948822e-06	6
3.463205081e-06	3.03626933e-06	6
3.473205081e-06	3.053589838e-06	6
3.483205081e-06	3.070910347e-06	6
3.493205081e-06	3.088230855e-06	6
3.503205081e-06	3.105551363e-06	6
3.513205081e-06	3.122871871e-06	6
3.523205081e-06	3.140192379e-06	6
3.533205081e-06	3.157512887e-06	6
3.543205081e-06	3.174833395e-06	6
3.553205081e-06	3.192153903e-06	6
3.563205081e-06	3.209474411e-06	6
3.573205081e-06	3.226794919e-06	6
3.583205081e-06	3.244115427e-06	6
3.593205081e-06	3.261435935e-06	6
3.603205081e-06	3.278756443e-06	6
3.613205081e-06	3.296076952e-06	6
3.623205081e-06	3.31339746e-06	6
3.633205081e-06	3.330717968e-06	6
3.643205081e-06	3.348038476e-06	6
3.653205081e-06	3.365358984e-06	6
3.663205081e-06	3.382679492e-06	6
3.673205081e-06	3.4e-06	6
3.683205081e-06	3.417320508e-06	6
3.693205081e-06	3.434641016e-06	6
3.703205081e-06	3.451961524e-06	6
3.713205081e-06	3.469282032e-06	6
3.723205081e-06	3.48660254e-06	6
3.733205081e-06	3.503923048e-06	6
3.743205081e-06	3.521243557e-06	6
3.753205081e-06	3.538564065e-06	6
3.763205081e-06	3.555884573e-06	6
3.773205081e-06	3.573205081e-06	6
3.783205081e-06	3.590525589e-06	6
3.793205081e-06	3.607846097e-06	6
3.803205081e-06	3.625166605e-06	6
3.813205081e-06	3.642487113e-06	6
3.823205081e-06	3.659807621e-06	6
3.833205081e-06	3.677128129e-06	6
3.843205081e-06	3.694448637e-06	6
3.853205081e-06	3.711769145e-06	6
3.863205081e-06	3.729089653e-06	6
3.873205081e-06	3.746410162e-06	6
3.883205081e-06	3.76373067e-06	6
3.893205081e-06	3.781051178e-06	6
3.903205081e-06	3.798371686e-06	6
3.913205081e-06	3.815692194e-06	6
3.923205081e-06	3.833012702e-06	6
3.923205081e-06	3.833012702e-06	-6
3.923205081e-06	3.833012702e-06	-6
3.923205081e-06	3.833012702e-06	-6
3.923205081e-06	3.833012702e-06	-6
3.923205081e-06	3.833012702e-06	-6
3.923205081e-06	3.833012702e-06	-6
3.923205081e-06	3.833012702e-06	-6
3.923205081e-06	3.833012702e-06	-6
3.923205081e-06	3.833012702e-06	-6
3.923205081e-06	3.833012702e-06	-6
3.923205081e-06	3.833012702e-06	-6
3.913205081e-06	3.815692194e-06	-6
3.903205081e-06	3.798371686e-06	-6
3.893205081e-06	3.781051178e-06	-6
3.883205081e-06	3.76373067e-06	-6
3.873205081e-06	3.746410162e-06	-6
3.863205081e-06	3.729089653e-06	-6
3.853205081e-06	3.711769145e-06	-6
3.843205081e-06	3.694448637e-06	-6
3.833205081e-06	3.677128129e-06	-6
3.823205081e-06	3.659807621e-06	-6
3.813205081e-06	3.642487113e-06	-6
3.803205081e-06	3.625166605e-06	-6
3.793205081e-06	3.607846097e-06	-6
3.783205081e-06	3.590525589e-06	-6
3.773205081e-06	3.573205081e-06	-6
3.763205081e-06	3.555884573e-06	-6
3.753205081e-06	3.538564065e-06	-6
3.743205081e-06	3.521243557e-06	-6
3.733205081e-06	3.503923048e-06	-6
3.723205081e-06	3.48660254e-06	-6
3.713205081e-06	3.469282032e-06	-6
3.703205081e-06	3.451961524e-06	-6
3.693205081e-06	3.434641016e-06	-6
3.683205081e-06	3.417320508e-06	-6
3.673205081e-06	3.4e-06	-6
3.663205081e-06	3.382679492e-06	-6
3.653205081e-06	3.365358984e-06	-6
3.643205081e-06	3.348038476e-06	-6
3.633205081e-06	3.330717968e-06	-6
3.623205081e-06	3.31339746e-06	-6
3.613205081e-06	3.296076952e-06	-6
3.603205081e-06	3.278756443e-06	-6
3.593205081e-06	3.261435935e-06	-6
3.583205081e-06	3.244115427e-06	-6
3.573205081e-06	3.226794919e-06	-6
3.563205081e-06	3.209474411e-06	-6
3.553205081e-06	3.192153903e-06	-6
3.543205081e-06	3.174833395e-06	-6
3.533205081e-06	3.157512887e-06	-6
3.523205081e-06	3.140192379e-06	-6
3.513205081e-06	3.122871871e-06	-6
3.503205081e-06	3.105551363e-06	-6
3.493205081e-06	3.088230855e-06	-6
3.483205081e-06	3.070910347e-06	-6
3.473205081e-06	3.053589838e-06	-6
3.463205081e-06	3.03626933e-06	-6
3.453205081e-06	3.018948822e-06	-6
3.443205081e-06	3.001628314e-06	-6
3.433205081e-06	2.984307806e-06	-6
3.423205081e-06	2.966987298e-06	-6
3.423205081e-06	2.966987298e-06	0
3.408771324e-06	2.975320631e-06	0
3.394337567e-06	2.983653965e-06	0
3.379903811e-06	2.991987298e-06	0
3.365470054e-06	3.000320631e-06	0
3.351036297e-06	3.008653965e-06	0
3.33660254e-06	3.016987298e-06	0
3.33660254e-06	3.016987298e-06	6
3.33660254e-06	3.016987298e-06	6
3.33660254e-06	3.016987298e-06	6
3.33660254e-06	3.016987298e-06	6
3.33660254e-06	3.016987298e-06	6
3.33660254e-06	3.016987298e-06	6
3.33660254e-06	3.016987298e-06	6
3.33660254e-06	3.016987298e-06	6
3.33660254e-06	3.016987298e-06	6
3.33660254e-06	3.016987298e-06	6
3.33660254e-06	3.016987298e-06	6
3.34660254e-06	3.034307806e-06	6
3.35660254e-06	3.051628314e-06	6
3.36660254e-06	3.068948822e-06	6
3.37660254e-06	3.08626933e-06	6
3.38660254e-06	3.103589838e-06	6
3.39660254e-06	3.120910347e-06	6
3.40660254e-06	3.138230855e-06	6
3.41660254e-06	3.155551363e-06	6
3.42660254e-06	3.172871871e-06	6
3.43660254e-06	3.190192379e-06	6
3.44660254e-06	3.207512887e-06	6
3.45660254e-06	3.224833395e-06	6
3.46660254e-06	3.242153903e-06	6
3.47660254e-06	3.259474411e-06	6
3.48660254e-06	3.276794919e-06	6
3.49660254e-06	3.294115427e-06	6
3.50660254e-06	3.311435935e-06	6
3.51660254e-06	3.328756443e-06	6
3.52660254e-06	3.346076952e-06	6
3.53660254e-06	3.36339746e-06	6
3.54660254e-06	3.380717968e-06	6
3.55660254e-06	3.398038476e-06	6
3.56660254e-06	3.415358984e-06	6
3.57660254e-06	3.432679492e-06	6
3.58660254e-06	3.45e-06	6
3.59660254e-06	3.467320508e-06	6
3.60660254e-06	3.484641016e-06	6
3.61660254e-06	3.501961524e-06	6
3.62660254e-06	3.519282032e-06	6
3.63660254e-06	3.53660254e-06	6
3.64660254e-06	3.553923048e-06	6
3.65660254e-06	3.571243557e-06	6
3.66660254e-06	3.588564065e-06	6
3.67660254e-06	3.605884573e-06	6
3.68660254e-06	3.623205081e-06	6
3.69660254e-06	3.640525589e-06	6
3.70660254e-06	3.657846097e-06	6
3.71660254e-06	3.675166605e-06	6
3.72660254e-06	3.692487113e-06	6
3.73660254e-06	3.709807621e-06	6
3.74660254e-06	3.727128129e-06	6
3.75660254e-06	3.744448637e-06	6
3.76660254e-06	3.761769145e-06	6
3.77660254e-06	3.779089653e-06	6
3.78660254e-06	3.796410162e-06	6
3.79660254e-06	3.81373067e-06	6
3.80660254e-06	3.831051178e-06	6
3.81660254e-06	3.848371686e-06	6
3.82660254e-06	3.865692194e-06	6
3.83660254e-06	3.883012702e-06	6
3.83660254e-06	3.883012702e-06	-6
3.83660254e-06	3.883012702e-06	-6
3.83660254e-06	3.883012702e-06	-6
3.83660254e-06	3.883012702e-06	-6
3.83660254e-06	3.883012702e-06	-6
3.83660254e-06	3.883012702e-06	-6
3.83660254e-06	3.883012702e-06	-6
3.83660254e-06	3.883012702e-06	-6
3.83660254e-06	3.883012702e-06	-6
3.83660254e-06	3.883012702e-06	-6
3.83660254e-06	3.883012702e-06	-6
3.82660254e-06	3.865692194e-06	-6
3.81660254e-06	3.848371686e-06	-6
3.80660254e-06	3.831051178e-06	-6
3.79660254e-06	3.81373067e-06	-6
3.78660254e-06	3.796410162e-06	-6
3.77660254e-06	3.779089653e-06	-6
3.76660254e-06	3.761769145e-06	-6
3.75660254e-06	3.744448637e-06	-6
3.74660254e-06	3.727128129e-06	-6
3.73660254e-06	3.709807621e-06	-6
3.72660254e-06	3.692487113e-06	-6
3.71660254e-06	3.675166605e-06	-6
3.70660254e-06	3.657846097e-06	-6
3.69660254e-06	3.640525589e-06	-6
3.68660254e-06	3.623205081e-06	-6
3.67660254e-06	3.605884573e-06	-6
3.66660254e-06	3.588564065e-06	-6
3.65660254e-06	3.571243557e-06	-6
3.64660254e-06	3.553923048e-06	-6
3.63660254e-06	3.53660254e-06	-6
3.62660254e-06	3.519282032e-06	-6
3.61660254e-06	3.501961524e-06	-6
3.60660254e-06	3.484641016e-06	-6
3.59660254e-06	3.467320508e-06	-6
3.58660254e-06	3.45e-06	-6
3.57660254e-06	3.432679492e-06	-6
3.56660254e-06	3.415358984e-06	-6
3.55660254e-06	3.398038476e-06	-6
3.54660254e-06	3.380717968e-06	-6
3.53660254e-06	3.36339746e-06	-6
3.52660254e-06	3.346076952e-06	-6
3.51660254e-06	3.328756443e-06	-6
3.50660254e-06	3.311435935e-06	-6
3.49660254e-06	3.294115427e-06	-6
3.48660254e-06	3.276794919e-06	-6
3.47660254e-06	3.259474411e-06	-6
3.46660254e-06	3.242153903e-06	-6
3.45660254e-06	3.224833395e-06	-6
3.44660254e-06	3.207512887e-06	-6
3.43660254e-06	3.190192379e-06	-6
3.42660254e-06	3.172871871e-06	-6
3.41660254e-06	3.155551363e-06	-6
3.40660254e-06	3.138230855e-06	-6
3.39660254e-06	3.120910347e-06	-6
3.38660254e-06	3.103589838e-06	-6
3.37660254e-06	3.08626933e-06	-6
3.36660254e-06	3.068948822e-06	-6
3.35660254e-06	3.051628314e-06	-6
3.34660254e-06	3.034307806e-06	-6
3.33660254e-06	3.016987298e-06	-6
3.33660254e-06	3.016987298e-06	0
3.319282032e-06	3.026987298e-06	0
3.301961524e-06	3.036987298e-06	0
3.284641016e-06	3.046987298e-06	0
3.267320508e-06	3.056987298e-06	0
3.25e-06	3.066987298e-06	0
3.25e-06	3.066987298e-06	6
3.25e-06	3.066987298e-06	6
3.25e-06	3.066987298e-06	6
3.25e-06	3.066987298e-06	6
3.25e-06	3.066987298e-06	6
3.25e-06	3.066987298e-06	6
3.25e-06	3.066987298e-06	6
3.25e-06	3.066987298e-06	6
3.25e-06	3.066987298e-06	6
3.25e-06	3.066987298e-06	6
3.25e-06	3.066987298e-06	6
3.26e-06	3.084307806e-06	6
3.27e-06	3.101628314e-06	6
3.28e-06	3.118948822e-06	6
3.29e-06	3.13626933e-06	6
3.3e-06	3.153589838e-06	6
3.31e-06	3.170910347e-06	6
3.32e-06	3.188230855e-06	6
3.33e-06	3.205551363e-06	6
3.34e-06	3.222871871e-06	6
3.35e-06	3.240192379e-06	6
3.36e-06	3.257512887e-06	6
3.37e-06	3.274833395e-06	6
3.38e-06	3.292153903e-06	6
3.39e-06	3.309474411e-06	6
3.4e-06	3.326794919e-06	6
3.41e-06	3.344115427e-06	6
3.42e-06	3.361435935e-06	6
3.43e-06	3.378756443e-06	6
3.44e-06	3.396076952e-06	6
3.45e-06	3.41339746e-06	6
3.46e-06	3.430717968e-06	6
3.47e-06	3.448038476e-06	6
3.48e-06	3.465358984e-06	6
3.49e-06	3.482679492e-06	6
3.5e-06	3.5e-06	6
3.51e-06	3.517320508e-06	6
3.52e-06	3.534641016e-06	6
3.53e-06	3.551961524e-06	6
3.54e-06	3.569282032e-06	6
3.55e-06	3.58660254e-06	6
3.56e-06	3.603923048e-06	6
3.57e-06	3.621243557e-06	6
3.58e-06	3.638564065e-06	6
3.59e-06	3.655884573e-06	6
3.6e-06	3.673205081e-06	6
3.61e-06	3.690525589e-06	6
3.62e-06	3.707846097e-06	6
3.63e-06	3.725166605e-06	6
3.64e-06	3.742487113e-06	6
3.65e-06	3.759807621e-06	6
3.66e-06	3.777128129e-06	6
3.67e-06	3.794448637e-06	6
3.68e-06	3.811769145e-06	6
3.69e-06	3.829089653e-06	6
3.7e-06	3.846410162e-06	6
3.71e-06	3.86373067e-06	6
3.72e-06	3.881051178e-06	6
3.73e-06	3.898371686e-06	6
3.74e-06	3.915692194e-06	6
3.75e-06	3.933012702e-06	6
3.75e-06	3.933012702e-06	-6
3.75e-06	3.933012702e-06	-6
3.75e-06	3.933012702e-06	-6
3.75e-06	3.933012702e-06	-6
3.75e-06	3.933012702e-06	-6
3.75e-06	3.933012702e-06	-6
3.75e-06	3.933012702e-06	-6
3.75e-06	3.933012702e-06	-6
3.75e-06	3.933012702e-06	-6
3.75e-06	3.933012702e-06	-6
3.75e-06	3.933012702e-06	-6
3.74e-06	3.915692194e-06	-6
3.73e-06	3.898371686e-06	-6
3.72e-06	3.881051178e-06	-6
3.71e-06	3.86373067e-06	-6
3.7e-06	3.846410162e-06	-6
3.69e-06	3.829089653e-06	-6
3.68e-06	3.811769145e-06	-6
3.67e-06	3.794448637e-06	-6
3.66e-06	3.777128129e-06	-6
3.65e-06	3.759807621e-06	-6
3.64e-06	3.742487113e-06	-6
3.63e-06	3.725166605e-06	-6
3.62e-06	3.707846097e-06	-6
3.61e-06	3.690525589e-06	-6
3.6e-06	3.673205081e-06	-6
3.59e-06	3.655884573e-06	-6
3.58e-06	3.638564065e-06	-6
3.57e-06	3.621243557e-06	-6
3.56e-06	3.603923048e-06	-6
3.55e-06	3.58660254e-06	-6
3.54e-06	3.569282032e-06	-6
3.53e-06	3.551961524e-06	-6
3.52e-06	3.534641016e-06	-6
3.51e-06	3.517320508e-06	-6
3.5e-06	3.5e-06	-6
3.49e-06	3.482679492e-06	-6
3.48e-06	3.465358984e-06	-6
3.47e-06	3.448038476e-06	-6
3.46e-06	3.430717968e-06	-6
3.45e-06	3.41339746e-06	-6
3.44e-06	3.396076952e-06	-6
3.43e-06	3.378756443e-06	-6
3.42e-06	3.361435935e-06	-6
3.41e-06	3.344115427e-06	-6
3.4e-06	3.326794919e-06	-6
3.39e-06	3.309474411e-06	-6
3.38e-06	3.292153903e-06	-6
3.37e-06	3.274833395e-06	-6
3.36e-06	3.257512887e-06	-6
3.35e-06	3.240192379e-06	-6
3.34e-06	3.222871871e-06	-6
3.33e-06	3.205551363e-06	-6
3.32e-06	3.188230855e-06	-6
3.31e-06	3.170910347e-06	-6
3.3e-06	3.153589838e-06	-6
3.29e-06	3.13626933e-06	-6
3.28e-06	3.118948822e-06	-6
3.27e-06	3.101628314e-06	-6
3.26e-06	3.084307806e-06	-6
3.25e-06	3.066987298e-06	-6
3.25e-06	3.066987298e-06	0
3.235566243e-06	3.075320631e-06	0
3.221132487e-06	3.083653965e-06	0
3.20669873e-06	3.091987298e-06	0
3.192264973e-06	3.100320631e-06	0
3.177831216e-06	3.108653965e-06	0
3.16339746e-06	3.116987298e-06	0
3.16339746e-06	3.116987298e-06	6
3.16339746e-06	3.116987298e-06	6
3.16339746e-06	3.116987298e-06	6
3.16339746e-06	3.116987298e-06	6
3.16339746e-06	3.116987298e-06	6
3.16339746e-06	3.116987298e-06	6
3.16339746e-06	3.116987298e-06	6
3.16339746e-06	3.116987298e-06	6
3.16339746e-06	3.116987298e-06	6
3.16339746e-06	3.116987298e-06	6
3.16339746e-06	3.116987298e-06	6
3.17339746e-06	3.134307806e-06	6
3.18339746e-06	3.151628314e-06	6
3.19339746e-06	3.168948822e-06	6
3.20339746e-06	3.18626933e-06	6
3.21339746e-06	3.203589838e-06	6
3.22339746e-06	3.220910347e-06	6
3.23339746e-06	3.238230855e-06	6
3.24339746e-06	3.255551363e-06	6
3.25339746e-06	3.272871871e-06	6
3.26339746e-06	3.290192379e-06	6
3.27339746e-06	3.307512887e-06	6
3.28339746e-06	3.324833395e-06	6
3.29339746e-06	3.342153903e-06	6
3.30339746e-06	3.359474411e-06	6
3.31339746e-06	3.376794919e-06	6
3.32339746e-06	3.394115427e-06	6
3.33339746e-06	3.411435935e-06	6
3.34339746e-06	3.428756443e-06	6
3.35339746e-06	3.446076952e-06	6
3.36339746e-06	3.46339746e-06	6
3.37339746e-06	3.480717968e-06	6
3.38339746e-06	3.498038476e-06	6
3.39339746e-06	3.515358984e-06	6
3.40339746e-06	3.532679492e-06	6
3.41339746e-06	3.55e-06	6
3.42339746e-06	3.567320508e-06	6
3.43339746e-06	3.584641016e-06	6
3.44339746e-06	3.601961524e-06	6
3.45339746e-06	3.619282032e-06	6
3.46339746e-06	3.63660254e-06	6
3.47339746e-06	3.653923048e-06	6
3.48339746e-06	3.671243557e-06	6
3.49339746e-06	3.688564065e-06	6
3.50339746e-06	3.705884573e-06	6
3.51339746e-06	3.723205081e-06	6
3.52339746e-06	3.740525589e-06	6
3.53339746e-06	3.757846097e-06	6
3.54339746e-06	3.775166605e-06	6
3.55339746e-06	3.792487113e-06	6
3.56339746e-06	3.809807621e-06	6
3.57339746e-06	3.827128129e-06	6
3.58339746e-06	3.844448637e-06	6
3.59339746e-06	3.861769145e-06	6
3.60339746e-06	3.879089653e-06	6
3.61339746e-06	3.896410162e-06	6
3.62339746e-06	3.91373067e-06	6
3.63339746e-06	3.931051178e-06	6
3.64339746e-06	3.948371686e-06	6
3.65339746e-06	3.965692194e-06	6
3.66339746e-06	3.983012702e-06	6
3.66339746e-06	3.983012702e-06	-6
3.66339746e-06	3.983012702e-06	-6
3.66339746e-06	3.983012702e-06	-6
3.66339746e-06	3.983012702e-06	-6
3.66339746e-06	3.983012702e-06	-6
3.66339746e-06	3.983012702e-06	-6
3.66339746e-06	3.983012702e-06	-6
3.66339746e-06	3.983012702e-06	-6
3.66339746e-06	3.983012702e-06	-6
3.66339746e-06	3.983012702e-06	-6
3.66339746e-06	3.983012702e-06	-6
3.65339746e-06	3.965692194e-06	-6
3.64339746e-06	3.948371686e-06	-6
3.63339746e-06	3.931051178e-06	-6
3.62339746e-06	3.91373067e-06	-6
3.61339746e-06	3.896410162e-06	-6
3.60339746e-06	3.879089653e-06	-6
3.59339746e-06	3.861769145e-06	-6
3.58339746e-06	3.844448637e-06	-6
3.57339746e-06	3.827128129e-06	-6
3.56339746e-06	3.809807621e-06	-6
3.55339746e-06	3.792487113e-06	-6
3.54339746e-06	3.775166605e-06	-6
3.53339746e-06	3.757846097e-06	-6
3.52339746e-06	3.740525589e-06	-6
3.51339746e-06	3.723205081e-06	-6
3.50339746e-06	3.705884573e-06	-6
3.49339746e-06	3.688564065e-06	-6
3.48339746e-06	3.671243557e-06	-6
3.47339746e-06	3.653923048e-06	-6
3.46339746e-06	3.63660254e-06	-6
3.45339746e-06	3.619282032e-06	-6
3.44339746e-06	3.601961524e-06	-6
3.43339746e-06	3.584641016e-06	-6
3.42339746e-06	3.567320508e-06	-6
3.41339746e-06	3.55e-06	-6
3.40339746e-06	3.532679492e-06	-6
3.39339746e-06	3.515358984e-06	-6
3.38339746e-06	3.498038476e-06	-6
3.37339746e-06	3.480717968e-06	-6
3.36339746e-06	3.46339746e-06	-6
3.35339746e-06	3.446076952e-06	-6
3.34339746e-06	3.428756443e-06	-6
3.33339746e-06	3.411435935e-06	-6
3.32339746e-06	3.394115427e-06	-6
3.31339746e-06	3.376794919e-06	-6
3.30339746e-06	3.359474411e-06	-6
3.29339746e-06	3.342153903e-06	-6
3.28339746e-06	3.324833395e-06	-6
3.27339746e-06	3.307512887e-06	-6
3.26339746e-06	3.290192379e-06	-6
3.25339746e-06	3.272871871e-06	-6
3.24339746e-06	3.255551363e-06	-6
3.23339746e-06	3.238230855e-06	-6
3.22339746e-06	3.220910347e-06	-6
3.21339746e-06	3.203589838e-06	-6
3.20339746e-06	3.18626933e-06	-6
3.19339746e-06	3.168948822e-06	-6
3.18339746e-06	3.151628314e-06	-6
3.17339746e-06	3.134307806e-06	-6
3.16339746e-06	3.116987298e-06	-6
3.16339746e-06	3.116987298e-06	0
3.146076952e-06	3.126987298e-06	0
3.128756443e-06	3.136987298e-06	0
3.111435935e-06	3.146987298e-06	0
3.094115427e-06	3.156987298e-06	0
3.076794919e-06	3.166987298e-06	0
3.076794919e-06	3.166987298e-06	6
3.076794919e-06	3.166987298e-06	6
3.076794919e-06	3.166987298e-06	6
3.076794919e-06	3.166987298e-06	6
3.076794919e-06	3.166987298e-06	6
3.076794919e-06	3.166987298e-06	6
3.076794919e-06	3.166987298e-06	6
3.076794919e-06	3.166987298e-06	6
3.076794919e-06	3.166987298e-06	6
3.076794919e-06	3.166987298e-06	6
3.076794919e-06	3.166987298e-06	6
3.086794919e-06	3.184307806e-06	6
3.096794919e-06	3.201628314e-06	6
3.106794919e-06	3.218948822e-06	6
3.116794919e-06	3.23626933e-06	6
3.126794919e-06	3.253589838e-06	6
3.136794919e-06	3.270910347e-06	6
3.146794919e-06	3.288230855e-06	6
3.156794919e-06	3.305551363e-06	6
3.166794919e-06	3.322871871e-06	6
3.176794919e-06	3.340192379e-06	6
3.186794919e-06	3.357512887e-06	6
3.196794919e-06	3.374833395e-06	6
3.206794919e-06	3.392153903e-06	6
3.216794919e-06	3.409474411e-06	6
3.226794919e-06	3.426794919e-06	6
3.236794919e-06	3.444115427e-06	6
3.246794919e-06	3.461435935e-06	6
3.256794919e-06	3.478756443e-06	6
3.266794919e-06	3.496076952e-06	6
3.276794919e-06	3.51339746e-06	6
3.286794919e-06	3.530717968e-06	6
3.296794919e-06	3.548038476e-06	6
3.306794919e-06	3.565358984e-06	6
3.316794919e-06	3.582679492e-06	6
3.326794919e-06	3.6e-06	6
3.336794919e-06	3.617320508e-06	6
3.346794919e-06	3.634641016e-06	6
3.356794919e-06	3.651961524e-06	6
3.366794919e-06	3.669282032e-06	6
3.376794919e-06	3.68660254e-06	6
3.386794919e-06	3.703923048e-06	6
3.396794919e-06	3.721243557e-06	6
3.406794919e-06	3.738564065e-06	6
3.416794919e-06	3.755884573e-06	6
3.426794919e-06	3.773205081e-06	6
3.436794919e-06	3.790525589e-06	6
3.446794919e-06	3.807846097e-06	6
3.456794919e-06	3.825166605e-06	6
3.466794919e-06	3.842487113e-06	6
3.476794919e-06	3.859807621e-06	6
3.486794919e-06	3.877128129e-06	6
3.496794919e-06	3.894448637e-06	6
3.506794919e-06	3.911769145e-06	6
3.516794919e-06	3.929089653e-06	6
3.526794919e-06	3.946410162e-06	6
3.536794919e-06	3.96373067e-06	6
3.546794919e-06	3.981051178e-06	6
3.556794919e-06	3.998371686e-06	6
3.566794919e-06	4.015692194e-06	6
3.576794919e-06	4.033012702e-06	6
3.576794919e-06	4.033012702e-06	-6
3.576794919e-06	4.033012702e-06	-6
3.576794919e-06	4.033012702e-06	-6
3.576794919e-06	4.033012702e-06	-6
3.576794919e-06	4.033012702e-06	-6
3.576794919e-06	4.033012702e-06	-6
3.576794919e-06	4.033012702e-06	-6
3.576794919e-06	4.033012702e-06	-6
3.576794919e-06	4.033012702e-06	-6
3.576794919e-06	4.033012702e-06	-6
3.576794919e-06	4.033012702e-06	-6
3.566794919e-06	4.015692194e-06	-6
3.556794919e-06	3.998371686e-06	-6
3.546794919e-06	3.981051178e-06	-6
3.536794919e-06	3.96373067e-06	-6
3.526794919e-06	3.946410162e-06	-6
3.516794919e-06	3.929089653e-06	-6
3.506794919e-06	3.911769145e-06	-6
3.496794919e-06	3.894448637e-06	-6
3.486794919e-06	3.877128129e-06	-6
3.476794919e-06	3.859807621e-06	-6
3.466794919e-06	3.842487113e-06	-6
3.456794919e-06	3.825166605e-06	-6
3.446794919e-06	3.807846097e-06	-6
3.436794919e-06	3.790525589e-06	-6
3.426794919e-06	3.773205081e-06	-6
3.416794919e-06	3.755884573e-06	-6
3.406794919e-06	3.738564065e-06	-6
3.396794919e-06	3.721243557e-06	-6
3.386794919e-06	3.703923048e-06	-6
3.376794919e-06	3.68660254e-06	-6
3.366794919e-06	3.669282032e-06	-6
3.356794919e-06	3.651961524e-06	-6
3.346794919e-06	3.634641016e-06	-6
3.336794919e-06	3.617320508e-06	-6
3.326794919e-06	3.6e-06	-6
3.316794919e-06	3.582679492e-06	-6
3.306794919e-06	3.565358984e-06	-6
3.296794919e-06	3.548038476e-06	-6
3.286794919e-06	3.530717968e-06	-6
3.276794919e-06	3.51339746e-06	-6
3.266794919e-06	3.496076952e-06	-6
3.256794919e-06	3.478756443e-06	-6
3.246794919e-06	3.461435935e-06	-6
3.236794919e-06	3.444115427e-06	-6
3.226794919e-06	3.426794919e-06	-6
3.216794919e-06	3.409474411e-06	-6
3.206794919e-06	3.392153903e-06	-6
3.196794919e-06	3.374833395e-06	-6
3.186794919e-06	3.357512887e-06	-6
3.176794919e-06	3.340192379e-06	-6
3.166794919e-06	3.322871871e-06	-6
3.156794919e-06	3.305551363e-06	-6
3.146794919e-06	3.288230855e-06	-6
3.136794919e-06	3.270910347e-06	-6
3.126794919e-06	3.253589838e-06	-6
3.116794919e-06	3.23626933e-06	-6
3.106794919e-06	3.218948822e-06	-6
3.096794919e-06	3.201628314e-06	-6
3.086794919e-06	3.184307806e-06	-6
3.076794919e-06	3.166987298e-06	-6
3.076794919e-06	3.166987298e-06	0
3.059474411e-06	3.176987298e-06	0
3.042153903e-06	3.186987298e-06	0
3.024833395e-06	3.196987298e-06	0
3.007512887e-06	3.206987298e-06	0
2.990192379e-06	3.216987298e-06	0
2.990192379e-06	3.216987298e-06	6
2.990192379e-06	3.216987298e-06	6
2.990192379e-06	3.216987298e-06	6
2.990192379e-06	3.216987298e-06	6
2.990192379e-06	3.216987298e-06	6
2.990192379e-06	3.216987298e-06	6
2.990192379e-06	3.216987298e-06	6
2.990192379e-06	3.216987298e-06	6
2.990192379e-06	3.216987298e-06	6
2.990192379e-06	3.216987298e-06	6
2.990192379e-06	3.216987298e-06	6
3.000192379e-06	3.234307806e-06	6
3.010192379e-06	3.251628314e-06	6
3.020192379e-06	3.268948822e-06	6
3.030192379e-06	3.28626933e-06	6
3.040192379e-06	3.303589838e-06	6
3.050192379e-06	3.320910347e-06	6
3.060192379e-06	3.338230855e-06	6
3.070192379e-06	3.355551363e-06	6
3.080192379e-06	3.372871871e-06	6
3.090192379e-06	3.390192379e-06	6
3.100192379e-06	3.407512887e-06	6
3.110192379e-06	3.424833395e-06	6
3.120192379e-06	3.442153903e-06	6
3.130192379e-06	3.459474411e-06	6
3.140192379e-06	3.476794919e-06	6
3.150192379e-06	3.494115427e-06	6
3.160192379e-06	3.511435935e-06	6
3.170192379e-06	3.528756443e-06	6
3.180192379e-06	3.546076952e-06	6
3.190192379e-06	3.56339746e-06	6
3.200192379e-06	3.580717968e-06	6
3.210192379e-06	3.598038476e-06	6
3.220192379e-06	3.615358984e-06	6
3.230192379e-06	3.632679492e-06	6
3.240192379e-06	3.65e-06	6
3.250192379e-06	3.667320508e-06	6
3.260192379e-06	3.684641016e-06	6
3.270192379e-06	3.701961524e-06	6
3.280192379e-06	3.719282032e-06	6
3.290192379e-06	3.73660254e-06	6
3.300192379e-06	3.753923048e-06	6
3.310192379e-06	3.771243557e-06	6
3.320192379e-06	3.788564065e-06	6
3.330192379e-06	3.805884573e-06	6
3.340192379e-06	3.823205081e-06	6
3.350192379e-06	3.840525589e-06	6
3.360192379e-06	3.857846097e-06	6
3.370192379e-06	3.875166605e-06	6
3.380192379e-06	3.892487113e-06	6
3.390192379e-06	3.909807621e-06	6
3.400192379e-06	3.927128129e-06	6
3.410192379e-06	3.944448637e-06	6
3.420192379e-06	3.961769145e-06	6
3.430192379e-06	3.979089653e-06	6
3.440192379e-06	3.996410162e-06	6
3.450192379e-06	4.01373067e-06	6
3.460192379e-06	4.031051178e-06	6
3.470192379e-06	4.048371686e-06	6
3.480192379e-06	4.065692194e-06	6
3.490192379e-06	4.083012702e-06	6
3.490192379e-06	4.083012702e-06	-6
3.490192379e-06	4.083012702e-06	-6
3.490192379e-06	4.083012702e-06	-6
3.490192379e-06	4.083012702e-06	-6
3.490192379e-06	4.083012702e-06	-6
3.490192379e-06	4.083012702e-06	-6
3.490192379e-06	4.083012702e-06	-6
3.490192379e-06	4.083012702e-06	-6
3.490192379e-06	4.083012702e-06	-6
3.490192379e-06	4.083012702e-06	-6
3.490192379e-06	4.083012702e-06	-6
3.480192379e-06	4.065692194e-06	-6
3.470192379e-06	4.048371686e-06	-6
3.460192379e-06	4.031051178e-06	-6
3.450192379e-06	4.01373067e-06	-6
3.440192379e-06	3.996410162e-06	-6
3.430192379e-06	3.979089653e-06	-6
3.420192379e-06	3.961769145e-06	-6
3.410192379e-06	3.944448637e-06	-6
3.400192379e-06	3.927128129e-06	-6
3.390192379e-06	3.909807621e-06	-6
3.380192379e-06	3.892487113e-06	-6
3.370192379e-06	3.875166605e-06	-6
3.360192379e-06	3.857846097e-06	-6
3.350192379e-06	3.840525589e-06	-6
3.340192379e-06	3.823205081e-06	-6
3.330192379e-06	3.805884573e-06	-6
3.320192379e-06	3.788564065e-06	-6
3.310192379e-06	3.771243557e-06	-6
3.300192379e-06	3.753923048e-06	-6
3.290192379e-06	3.73660254e-06	-6
3.280192379e-06	3.719282032e-06	-6
3.270192379e-06	3.701961524e-06	-6
3.260192379e-06	3.684641016e-06	-6
3.250192379e-06	3.667320508e-06	-6
3.240192379e-06	3.65e-06	-6
3.230192379e-06	3.632679492e-06	-6
3.220192379e-06	3.615358984e-06	-6
3.210192379e-06	3.598038476e-06	-6
3.200192379e-06	3.580717968e-06	-6
3.190192379e-06	3.56339746e-06	-6
3.180192379e-06	3.546076952e-06	-6
3.170192379e-06	3.528756443e-06	-6
3.160192379e-06	3.511435935e-06	-6
3.150192379e-06	3.494115427e-06	-6
3.140192379e-06	3.476794919e-06	-6
3.130192379e-06	3.459474411e-06	-6
3.120192379e-06	3.442153903e-06	-6
3.110192379e-06	3.424833395e-06	-6
3.100192379e-06	3.407512887e-06	-6
3.090192379e-06	3.390192379e-06	-6
3.080192379e-06	3.372871871e-06	-6
3.070192379e-06	3.355551363e-06	-6
3.060192379e-06	3.338230855e-06	-6
3.050192379e-06	3.320910347e-06	-6
3.040192379e-06	3.303589838e-06	-6
3.030192379e-06	3.28626933e-06	-6
3.020192379e-06	3.268948822e-06	-6
3.010192379e-06	3.251628314e-06	-6
3.000192379e-06	3.234307806e-06	-6
2.990192379e-06	3.216987298e-06	-6
2.990192379e-06	3.216987298e-06	0
2.975758622e-06	3.225320631e-06	0
2.961324865e-06	3.233653965e-06	0
2.946891109e-06	3.241987298e-06	0
2.932457352e-06	3.250320631e-06	0
2.918023595e-06	3.258653965e-06	0
2.903589838e-06	3.266987298e-06	0
2.903589838e-06	3.266987298e-06	6
2.903589838e-06	3.266987298e-06	6
2.903589838e-06	3.266987298e-06	6
2.903589838e-06	3.266987298e-06	6
2.903589838e-06	3.266987298e-06	6
2.903589838e-06	3.266987298e-06	6
2.903589838e-06	3.266987298e-06	6
2.903589838e-06	3.266987298e-06	6
2.903589838e-06	3.266987298e-06	6
2.903589838e-06	3.266987298e-06	6
2.903589838e-06	3.266987298e-06	6
2.913589838e-06	3.284307806e-06	6
2.923589838e-06	3.301628314e-06	6
2.933589838e-06	3.318948822e-06	6
2.943589838e-06	3.33626933e-06	6
2.953589838e-06	3.353589838e-06	6
2.963589838e-06	3.370910347e-06	6
2.973589838e-06	3.388230855e-06	6
2.983589838e-06	3.405551363e-06	6
2.993589838e-06	3.422871871e-06	6
3.003589838e-06	3.440192379e-06	6
3.013589838e-06	3.457512887e-06	6
3.023589838e-06	3.474833395e-06	6
3.033589838e-06	3.492153903e-06	6
3.043589838e-06	3.509474411e-06	6
3.053589838e-06	3.526794919e-06	6
3.063589838e-06	3.544115427e-06	6
3.073589838e-06	3.561435935e-06	6
3.083589838e-06	3.578756443e-06	6
3.093589838e-06	3.596076952e-06	6
3.103589838e-06	3.61339746e-06	6
3.113589838e-06	3.630717968e-06	6
3.123589838e-06	3.648038476e-06	6
3.133589838e-06	3.665358984e-06	6
3.143589838e-06	3.682679492e-06	6
3.153589838e-06	3.7e-06	6
3.163589838e-06	3.717320508e-06	6
3.173589838e-06	3.734641016e-06	6
3.183589838e-06	3.751961524e-06	6
3.193589838e-06	3.769282032e-06	6
3.203589838e-06	3.78660254e-06	6
3.213589838e-06	3.803923048e-06	6
3.223589838e-06	3.821243557e-06	6
3.233589838e-06	3.838564065e-06	6
3.243589838e-06	3.855884573e-06	6
3.253589838e-06	3.873205081e-06	6
3.263589838e-06	3.890525589e-06	6
3.273589838e-06	3.907846097e-06	6
3.283589838e-06	3.925166605e-06	6
3.293589838e-06	3.942487113e-06	6
3.303589838e-06	3.959807621e-06	6
3.313589838e-06	3.977128129e-06	6
3.323589838e-06	3.994448637e-06	6
3.333589838e-06	4.011769145e-06	6
3.343589838e-06	4.029089653e-06	6
3.353589838e-06	4.046410162e-06	6
3.363589838e-06	4.06373067e-06	6
3.373589838e-06	4.081051178e-06	6
3.383589838e-06	4.098371686e-06	6
3.393589838e-06	4.115692194e-06	6
3.403589838e-06	4.133012702e-06	6
3.403589838e-06	4.133012702e-06	-6
3.403589838e-06	4.133012702e-06	-6
3.403589838e-06	4.133012702e-06	-6
3.403589838e-06	4.133012702e-06	-6
3.403589838e-06	4.133012702e-06	-6
3.403589838e-06	4.133012702e-06	-6
3.403589838e-06	4.133012702e-06	-6
3.403589838e-06	4.133012702e-06	-6
3.403589838e-06	4.133012702e-06	-6
3.403589838e-06	4.133012702e-06	-6
3.403589838e-06	4.133012702e-06	-6
3.393589838e-06	4.115692194e-06	-6
3.383589838e-06	4.098371686e-06	-6
3.373589838e-06	4.081051178e-06	-6
3.363589838e-06	4.06373067e-06	-6
3.353589838e-06	4.046410162e-06	-6
3.343589838e-06	4.029089653e-06	-6
3.333589838e-06	4.011769145e-06	-6
3.323589838e-06	3.994448637e-06	-6
3.313589838e-06	3.977128129e-06	-6
3.303589838e-06	3.959807621e-06	-6
3.293589838e-06	3.942487113e-06	-6
3.283589838e-06	3.925166605e-06	-6
3.273589838e-06	3.907846097e-06	-6
3.263589838e-06	3.890525589e-06	-6
3.253589838e-06	3.873205081e-06	-6
3.243589838e-06	3.855884573e-06	-6
3.233589838e-06	3.838564065e-06	-6
3.223589838e-06	3.821243557e-06	-6
3.213589838e-06	3.803923048e-06	-6
3.203589838e-06	3.78660254e-06	-6
3.193589838e-06	3.769282032e-06	-6
3.183589838e-06	3.751961524e-06	-6
3.173589838e-06	3.734641016e-06	-6
3.163589838e-06	3.717320508e-06	-6
3.153589838e-06	3.7e-06	-6
3.143589838e-06	3.682679492e-06	-6
3.133589838e-06	3.665358984e-06	-6
3.123589838e-06	3.648038476e-06	-6
3.113589838e-06	3.630717968e-06	-6
3.103589838e-06	3.61339746e-06	-6
3.093589838e-06	3.596076952e-06	-6
3.083589838e-06	3.578756443e-06	-6
3.073589838e-06	3.561435935e-06	-6
3.063589838e-06	3.544115427e-06	-6
3.053589838e-06	3.526794919e-06	-6
3.043589838e-06	3.509474411e-06	-6
3.033589838e-06	3.492153903e-06	-6
3.023589838e-06	3.474833395e-06	-6
3.013589838e-06	3.457512887e-06	-6
3.003589838e-06	3.440192379e-06	-6
2.993589838e-06	3.422871871e-06	-6
2.983589838e-06	3.405551363e-06	-6
2.973589838e-06	3.388230855e-06	-6
2.963589838e-06	3.370910347e-06	-6
2.953589838e-06	3.353589838e-06	-6
2.943589838e-06	3.33626933e-06	-6
2.933589838e-06	3.318948822e-06	-6
2.923589838e-06	3.301628314e-06	-6
2.913589838e-06	3.284307806e-06	-6
2.903589838e-06	3.266987298e-06	-6
2.903589838e-06	3.266987298e-06	0
2.88626933e-06	3.276987298e-06	0
2.868948822e-06	3.286987298e-06	0
2.851628314e-06	3.296987298e-06	0
2.834307806e-06	3.306987298e-06	0
2.816987298e-06	3.316987298e-06	0
2.816987298e-06	3.316987298e-06	6
2.816987298e-06	3.316987298e-06	6
2.816987298e-06	3.316987298e-06	6
2.816987298e-06	3.316987298e-06	6
2.816987298e-06	3.316987298e-06	6
2.816987298e-06	3.316987298e-06	6
2.816987298e-06	3.316987298e-06	6
2.816987298e-06	3.316987298e-06	6
2.816987298e-06	3.316987298e-06	6
2.816987298e-06	3.316987298e-06	6
2.816987298e-06	3.316987298e-06	6
2.82679122e-06	3.333968188e-06	6
2.836595141e-06	3.350949079e-06	6
2.846399063e-06	3.367929969e-06	6
2.856202984e-06	3.384910859e-06	6
2.866006906e-06	3.401891749e-06	6
2.875810828e-06	3.41887264e-06	6
2.885614749e-06	3.43585353e-06	6
2.895418671e-06	3.45283442e-06	6
2.905222592e-06	3.469815311e-06	6
2.915026514e-06	3.486796201e-06	6
2.924830435e-06	3.503777091e-06	6
2.934634357e-06	3.520757981e-06	6
2.944438278e-06	3.537738872e-06	6
2.9542422e-06	3.554719762e-06	6
2.964046122e-06	3.571700652e-06	6
2.973850043e-06	3.588681542e-06	6
2.983653965e-06	3.605662433e-06	6
2.993457886e-06	3.622643323e-06	6
3.003261808e-06	3.639624213e-06	6
3.013065729e-06	3.656605104e-06	6
3.022869651e-06	3.673585994e-06	6
3.032673573e-06	3.690566884e-06	6
3.042477494e-06	3.707547774e-06	6
3.052281416e-06	3.724528665e-06	6
3.062085337e-06	3.741509555e-06	6
3.071889259e-06	3.758490445e-06	6
3.08169318e-06	3.775471335e-06	6
3.091497102e-06	3.792452226e-06	6
3.101301024e-06	3.809433116e-06	6
3.111104945e-06	3.826414006e-06	6
3.120908867e-06	3.843394896e-06	6
3.130712788e-06	3.860375787e-06	6
3.14051671e-06	3.877356677e-06	6
3.150320631e-06	3.894337567e-06	6
3.160124553e-06	3.911318458e-06	6
3.169928475e-06	3.928299348e-06	6
3.179732396e-06	3.945280238e-06	6
3.189536318e-06	3.962261128e-06	6
3.199340239e-06	3.979242019e-06	6
3.209144161e-06	3.996222909e-06	6
3.218948082e-06	4.013203799e-06	6
3.228752004e-06	4.030184689e-06	6
3.238555926e-06	4.04716558e-06	6
3.248359847e-06	4.06414647e-06	6
3.258163769e-06	4.08112736e-06	6
3.26796769e-06	4.098108251e-06	6
3.277771612e-06	4.115089141e-06	6
3.287575533e-06	4.132070031e-06	6
3.297379455e-06	4.149050921e-06	6
3.307183377e-06	4.166031812e-06	6
3.316987298e-06	4.183012702e-06	6
3.316987298e-06	4.183012702e-06	-6
3.316987298e-06	4.183012702e-06	-6
3.316987298e-06	4.183012702e-06	-6
3.316987298e-06	4.183012702e-06	-6
3.316987298e-06	4.183012702e-06	-6
3.316987298e-06	4.183012702e-06	-6
3.316987298e-06	4.183012702e-06	-6
3.316987298e-06	4.183012702e-06	-6
3.316987298e-06	4.183012702e-06	-6
3.316987298e-06	4.183012702e-06	-6
3.316987298e-06	4.183012702e-06	-6
3.307183377e-06	4.166031812e-06	-6
3.297379455e-06	4.149050921e-06	-6
3.287575533e-06	4.132070031e-06	-6
3.277771612e-06	4.115089141e-06	-6
3.26796769e-06	4.098108251e-06	-6
3.258163769e-06	4.08112736e-06	-6
3.248359847e-06	4.06414647e-06	-6
3.238555926e-06	4.04716558e-06	-6
3.228752004e-06	4.030184689e-06	-6
3.218948082e-06	4.013203799e-06	-6
3.209144161e-06	3.996222909e-06	-6
3.199340239e-06	3.979242019e-06	-6
3.189536318e-06	3.962261128e-06	-6
3.179732396e-06	3.945280238e-06	-6
3.169928475e-06	3.928299348e-06	-6
3.160124553e-06	3.911318458e-06	-6
3.150320631e-06	3.894337567e-06	-6
3.14051671e-06	3.877356677e-06	-6
3.130712788e-06	3.860375787e-06	-6
3.120908867e-06	3.843394896e-06	-6
3.111104945e-06	3.826414006e-06	-6
3.101301024e-06	3.809433116e-06	-6
3.091497102e-06	3.792452226e-06	-6
3.08169318e-06	3.775471335e-06	-6
3.071889259e-06	3.758490445e-06	-6
3.062085337e-06	3.741509555e-06	-6
3.052281416e-06	3.724528665e-06	-6
3.042477494e-06	3.707547774e-06	-6
3.032673573e-06	3.690566884e-06	-6
3.022869651e-06	3.673585994e-06	-6
3.013065729e-06	3.656605104e-06	-6
3.003261808e-06	3.639624213e-06	-6
2.993457886e-06	3.622643323e-06	-6
2.983653965e-06	3.605662433e-06	-6
2.973850043e-06	3.588681542e-06	-6
2.964046122e-06	3.571700652e-06	-6
2.9542422e-06	3.554719762e-06	-6
2.944438278e-06	3.537738872e-06	-6
2.934634357e-06	3.520757981e-06	-6
2.924830435e-06	3.503777091e-06	-6
2.915026514e-06	3.486796201e-06	-6
2.905222592e-06	3.469815311e-06	-6
2.895418671e-06	3.45283442e-06	-6
2.885614749e-06	3.43585353e-06	-6
2.875810828e-06	3.41887264e-06	-6
2.866006906e-06	3.401891749e-06	-6
2.856202984e-06	3.384910859e-06	-6
2.846399063e-06	3.367929969e-06	-6
2.836595141e-06	3.350949079e-06	-6
2.82679122e-06	3.333968188e-06	-6
2.816987298e-06	3.316987298e-06	-6
