# X_m	Y_m	V
5.905579788e-06	9.207720347e-07	6
5.905579788e-06	9.207720347e-07	6
5.905579788e-06	9.207720347e-07	6
5.905579788e-06	9.207720347e-07	6
5.905579788e-06	9.207720347e-07	6
5.905579788e-06	9.207720347e-07	6
5.905579788e-06	9.207720347e-07	6
5.905579788e-06	9.207720347e-07	6
5.905579788e-06	9.207720347e-07	6
5.905579788e-06	9.207720347e-07	6
5.905579788e-06	9.207720347e-07	6
5.909052751e-06	9.404681897e-07	6
5.912525715e-06	9.601643448e-07	6
5.915998678e-06	9.798604998e-07	6
5.919471642e-06	9.995566549e-07	6
5.922944605e-06	1.01925281e-06	6
5.926417569e-06	1.038948965e-06	6
5.929890533e-06	1.05864512e-06	6
5.933363496e-06	1.078341275e-06	6
5.93683646e-06	1.09803743e-06	6
5.940309423e-06	1.117733585e-06	6
5.943782387e-06	1.13742974e-06	6
5.94725535e-06	1.157125895e-06	6
5.950728314e-06	1.17682205e-06	6
5.954201277e-06	1.196518206e-06	6
5.957674241e-06	1.216214361e-06	6
5.961147205e-06	1.235910516e-06	6
5.964620168e-06	1.255606671e-06	6
5.968093132e-06	1.275302826e-06	6
5.971566095e-06	1.294998981e-06	6
5.975039059e-06	1.314695136e-06	6
5.978512022e-06	1.334391291e-06	6
5.981984986e-06	1.354087446e-06	6
5.985457949e-06	1.373783601e-06	6
5.988930913e-06	1.393479756e-06	6
5.992403877e-06	1.413175911e-06	6
5.99587684e-06	1.432872066e-06	6
5.999349804e-06	1.452568221e-06	6
6.002822767e-06	1.472264376e-06	6
6.006295731e-06	1.491960531e-06	6
6.009768694e-06	1.511656686e-06	6
6.013241658e-06	1.531352842e-06	6
6.016714621e-06	1.551048997e-06	6
6.020187585e-06	1.570745152e-06	6
6.023660548e-06	1.590441307e-06	6
6.027133512e-06	1.610137462e-06	6
6.030606476e-06	1.629833617e-06	6
6.034079439e-06	1.649529772e-06	6
6.037552403e-06	1.669225927e-06	6
6.041025366e-06	1.688922082e-06	6
6.04449833e-06	1.708618237e-06	6
6.047971293e-06	1.728314392e-06	6
6.051444257e-06	1.748010547e-06	6
6.05491722e-06	1.767706702e-06	6
6.058390184e-06	1.787402857e-06	6
6.061863148e-06	1.807099012e-06	6
6.065336111e-06	1.826795167e-06	6
6.068809075e-06	1.846491322e-06	6
6.072282038e-06	1.866187478e-06	6
6.075755002e-06	1.885883633e-06	6
6.079227965e-06	1.905579788e-06	6
6.079227965e-06	1.905579788e-06	-6
6.079227965e-06	1.905579788e-06	-6
6.079227965e-06	1.905579788e-06	-6
6.079227965e-06	1.905579788e-06	-6
6.079227965e-06	1.905579788e-06	-6
6.079227965e-06	1.905579788e-06	-6
6.079227965e-06	1.905579788e-06	-6
6.079227965e-06	1.905579788e-06	-6
6.079227965e-06	1.905579788e-06	-6
6.079227965e-06	1.905579788e-06	-6
6.079227965e-06	1.905579788e-06	-6
6.075755002e-06	1.885883633e-06	-6
6.072282038e-06	1.866187478e-06	-6
6.068809075e-06	1.846491322e-06	-6
6.065336111e-06	1.826795167e-06	-6
6.061863148e-06	1.807099012e-06	-6
6.058390184e-06	1.787402857e-06	-6
6.05491722e-06	1.767706702e-06	-6
6.051444257e-06	1.748010547e-06	-6
6.047971293e-06	1.728314392e-06	-6
6.04449833e-06	1.708618237e-06	-6
6.041025366e-06	1.688922082e-06	-6
6.037552403e-06	1.669225927e-06	-6
6.034079439e-06	1.649529772e-06	-6
6.030606476e-06	1.629833617e-06	-6
6.027133512e-06	1.610137462e-06	-6
6.023660548e-06	1.590441307e-06	-6
6.020187585e-06	1.570745152e-06	-6
6.016714621e-06	1.551048997e-06	-6
6.013241658e-06	1.531352842e-06	-6
6.009768694e-06	1.511656686e-06	-6
6.006295731e-06	1.491960531e-06	-6
6.002822767e-06	1.472264376e-06	-6
5.999349804e-06	1.452568221e-06	-6
5.99587684e-06	1.432872066e-06	-6
5.992403877e-06	1.413175911e-06	-6
5.988930913e-06	1.393479756e-06	-6
5.985457949e-06	1.373783601e-06	-6
5.981984986e-06	1.354087446e-06	-6
5.978512022e-06	1.334391291e-06	-6
5.975039059e-06	1.314695136e-06	-6
5.971566095e-06	1.294998981e-06	-6
5.968093132e-06	1.275302826e-06	-6
5.964620168e-06	1.255606671e-06	-6
5.961147205e-06	1.235910516e-06	-6
5.957674241e-06	1.216214361e-06	-6
5.954201277e-06	1.196518206e-06	-6
5.950728314e-06	1.17682205e-06	-6
5.94725535e-06	1.157125895e-06	-6
5.943782387e-06	1.13742974e-06	-6
5.940309423e-06	1.117733585e-06	-6
5.93683646e-06	1.09803743e-06	-6
5.933363496e-06	1.078341275e-06	-6
5.929890533e-06	1.05864512e-06	-6
5.926417569e-06	1.038948965e-06	-6
5.922944605e-06	1.01925281e-06	-6
5.919471642e-06	9.995566549e-07	-6
5.915998678e-06	9.798604998e-07	-6
5.912525715e-06	9.601643448e-07	-6
5.909052751e-06	9.404681897e-07	-6
5.905579788e-06	9.207720347e-07	-6
5.905579788e-06	9.207720347e-07	0
5.885883633e-06	9.242449982e-07	0
5.866187478e-06	9.277179618e-07	0
5.846491322e-06	9.311909253e-07	0
5.826795167e-06	9.346638889e-07	0
5.807099012e-06	9.381368524e-07	0
5.807099012e-06	9.381368524e-07	6
5.807099012e-06	9.381368524e-07	6
5.807099012e-06	9.381368524e-07	6
5.807099012e-06	9.381368524e-07	6
5.807099012e-06	9.381368524e-07	6
5.807099012e-06	9.381368524e-07	6
5.807099012e-06	9.381368524e-07	6
5.807099012e-06	9.381368524e-07	6
5.807099012e-06	9.381368524e-07	6
5.807099012e-06	9.381368524e-07	6
5.807099012e-06	9.381368524e-07	6
5.810571976e-06	9.578330075e-07	6
5.814044939e-06	9.775291625e-07	6
5.817517903e-06	9.972253176e-07	6
5.820990867e-06	1.016921473e-06	6
5.82446383e-06	1.036617628e-06	6
5.827936794e-06	1.056313783e-06	6
5.831409757e-06	1.076009938e-06	6
5.834882721e-06	1.095706093e-06	6
5.838355684e-06	1.115402248e-06	6
5.841828648e-06	1.135098403e-06	6
5.845301611e-06	1.154794558e-06	6
5.848774575e-06	1.174490713e-06	6
5.852247539e-06	1.194186868e-06	6
5.855720502e-06	1.213883023e-06	6
5.859193466e-06	1.233579178e-06	6
5.862666429e-06	1.253275333e-06	6
5.866139393e-06	1.272971488e-06	6
5.869612356e-06	1.292667644e-06	6
5.87308532e-06	1.312363799e-06	6
5.876558283e-06	1.332059954e-06	6
5.880031247e-06	1.351756109e-06	6
5.883504211e-06	1.371452264e-06	6
5.886977174e-06	1.391148419e-06	6
5.890450138e-06	1.410844574e-06	6
5.893923101e-06	1.430540729e-06	6
5.897396065e-06	1.450236884e-06	6
5.900869028e-06	1.469933039e-06	6
5.904341992e-06	1.489629194e-06	6
5.907814955e-06	1.509325349e-06	6
5.911287919e-06	1.529021504e-06	6
5.914760883e-06	1.548717659e-06	6
5.918233846e-06	1.568413814e-06	6
5.92170681e-06	1.588109969e-06	6
5.925179773e-06	1.607806124e-06	6
5.928652737e-06	1.62750228e-06	6
5.9321257e-06	1.647198435e-06	6
5.935598664e-06	1.66689459e-06	6
5.939071627e-06	1.686590745e-06	6
5.942544591e-06	1.7062869e-06	6
5.946017555e-06	1.725983055e-06	6
5.949490518e-06	1.74567921e-06	6
5.952963482e-06	1.765375365e-06	6
5.956436445e-06	1.78507152e-06	6
5.959909409e-06	1.804767675e-06	6
5.963382372e-06	1.82446383e-06	6
5.966855336e-06	1.844159985e-06	6
5.970328299e-06	1.86385614e-06	6
5.973801263e-06	1.883552295e-06	6
5.977274226e-06	1.90324845e-06	6
5.98074719e-06	1.922944605e-06	6
5.98074719e-06	1.922944605e-06	-6
5.98074719e-06	1.922944605e-06	-6
5.98074719e-06	1.922944605e-06	-6
5.98074719e-06	1.922944605e-06	-6
5.98074719e-06	1.922944605e-06	-6
5.98074719e-06	1.922944605e-06	-6
5.98074719e-06	1.922944605e-06	-6
5.98074719e-06	1.922944605e-06	-6
5.98074719e-06	1.922944605e-06	-6
5.98074719e-06	1.922944605e-06	-6
5.98074719e-06	1.922944605e-06	-6
5.977274226e-06	1.90324845e-06	-6
5.973801263e-06	1.883552295e-06	-6
5.970328299e-06	1.86385614e-06	-6
5.966855336e-06	1.844159985e-06	-6
5.963382372e-06	1.82446383e-06	-6
5.959909409e-06	1.804767675e-06	-6
5.956436445e-06	1.78507152e-06	-6
5.952963482e-06	1.765375365e-06	-6
5.949490518e-06	1.74567921e-06	-6
5.946017555e-06	1.725983055e-06	-6
5.942544591e-06	1.7062869e-06	-6
5.939071627e-06	1.686590745e-06	-6
5.935598664e-06	1.66689459e-06	-6
5.9321257e-06	1.647198435e-06	-6
5.928652737e-06	1.62750228e-06	-6
5.925179773e-06	1.607806124e-06	-6
5.92170681e-06	1.588109969e-06	-6
5.918233846e-06	1.568413814e-06	-6
5.914760883e-06	1.548717659e-06	-6
5.911287919e-06	1.529021504e-06	-6
5.907814955e-06	1.509325349e-06	-6
5.904341992e-06	1.489629194e-06	-6
5.900869028e-06	1.469933039e-06	-6
5.897396065e-06	1.450236884e-06	-6
5.893923101e-06	1.430540729e-06	-6
5.890450138e-06	1.410844574e-06	-6
5.886977174e-06	1.391148419e-06	-6
5.883504211e-06	1.371452264e-06	-6
5.880031247e-06	1.351756109e-06	-6
5.876558283e-06	1.332059954e-06	-6
5.87308532e-06	1.312363799e-06	-6
5.869612356e-06	1.292667644e-06	-6
5.866139393e-06	1.272971488e-06	-6
5.862666429e-06	1.253275333e-06	-6
5.859193466e-06	1.233579178e-06	-6
5.855720502e-06	1.213883023e-06	-6
5.852247539e-06	1.194186868e-06	-6
5.848774575e-06	1.174490713e-06	-6
5.845301611e-06	1.154794558e-06	-6
5.841828648e-06	1.135098403e-06	-6
5.838355684e-06	1.115402248e-06	-6
5.834882721e-06	1.095706093e-06	-6
5.831409757e-06	1.076009938e-06	-6
5.827936794e-06	1.056313783e-06	-6
5.82446383e-06	1.036617628e-06	-6
5.820990867e-06	1.016921473e-06	-6
5.817517903e-06	9.972253176e-07	-6
5.814044939e-06	9.775291625e-07	-6
5.810571976e-06	9.578330075e-07	-6
5.807099012e-06	9.381368524e-07	-6
5.807099012e-06	9.381368524e-07	0
5.79068555e-06	9.410309887e-07	0
5.774272087e-06	9.43925125e-07	0
5.757858625e-06	9.468192613e-07	0
5.741445162e-06	9.497133976e-07	0
5.7250317e-06	9.526075339e-07	0
5.708618237e-06	9.555016702e-07	0
5.708618237e-06	9.555016702e-07	6
5.708618237e-06	9.555016702e-07	6
5.708618237e-06	9.555016702e-07	6
5.708618237e-06	9.555016702e-07	6
5.708618237e-06	9.555016702e-07	6
5.708618237e-06	9.555016702e-07	6
5.708618237e-06	9.555016702e-07	6
5.708618237e-06	9.555016702e-07	6
5.708618237e-06	9.555016702e-07	6
5.708618237e-06	9.555016702e-07	6
5.708618237e-06	9.555016702e-07	6
5.712091201e-06	9.751978253e-07	6
5.715564164e-06	9.948939803e-07	6
5.719037128e-06	1.014590135e-06	6
5.722510091e-06	1.03428629e-06	6
5.725983055e-06	1.053982445e-06	6
5.729456018e-06	1.073678601e-06	6
5.732928982e-06	1.093374756e-06	6
5.736401945e-06	1.113070911e-06	6
5.739874909e-06	1.132767066e-06	6
5.743347873e-06	1.152463221e-06	6
5.746820836e-06	1.172159376e-06	6
5.7502938e-06	1.191855531e-06	6
5.753766763e-06	1.211551686e-06	6
5.757239727e-06	1.231247841e-06	6
5.76071269e-06	1.250943996e-06	6
5.764185654e-06	1.270640151e-06	6
5.767658617e-06	1.290336306e-06	6
5.771131581e-06	1.310032461e-06	6
5.774604545e-06	1.329728616e-06	6
5.778077508e-06	1.349424771e-06	6
5.781550472e-06	1.369120926e-06	6
5.785023435e-06	1.388817082e-06	6
5.788496399e-06	1.408513237e-06	6
5.791969362e-06	1.428209392e-06	6
5.795442326e-06	1.447905547e-06	6
5.798915289e-06	1.467601702e-06	6
5.802388253e-06	1.487297857e-06	6
5.805861217e-06	1.506994012e-06	6
5.80933418e-06	1.526690167e-06	6
5.812807144e-06	1.546386322e-06	6
5.816280107e-06	1.566082477e-06	6
5.819753071e-06	1.585778632e-06	6
5.823226034e-06	1.605474787e-06	6
5.826698998e-06	1.625170942e-06	6
5.830171961e-06	1.644867097e-06	6
5.833644925e-06	1.664563252e-06	6
5.837117889e-06	1.684259407e-06	6
5.840590852e-06	1.703955562e-06	6
5.844063816e-06	1.723651718e-06	6
5.847536779e-06	1.743347873e-06	6
5.851009743e-06	1.763044028e-06	6
5.854482706e-06	1.782740183e-06	6
5.85795567e-06	1.802436338e-06	6
5.861428633e-06	1.822132493e-06	6
5.864901597e-06	1.841828648e-06	6
5.868374561e-06	1.861524803e-06	6
5.871847524e-06	1.881220958e-06	6
5.875320488e-06	1.900917113e-06	6
5.878793451e-06	1.920613268e-06	6
5.882266415e-06	1.940309423e-06	6
5.882266415e-06	1.940309423e-06	-6
5.882266415e-06	1.940309423e-06	-6
5.882266415e-06	1.940309423e-06	-6
5.882266415e-06	1.940309423e-06	-6
5.882266415e-06	1.940309423e-06	-6
5.882266415e-06	1.940309423e-06	-6
5.882266415e-06	1.940309423e-06	-6
5.882266415e-06	1.940309423e-06	-6
5.882266415e-06	1.940309423e-06	-6
5.882266415e-06	1.940309423e-06	-6
5.882266415e-06	1.940309423e-06	-6
5.878793451e-06	1.920613268e-06	-6
5.875320488e-06	1.900917113e-06	-6
5.871847524e-06	1.881220958e-06	-6
5.868374561e-06	1.861524803e-06	-6
5.864901597e-06	1.841828648e-06	-6
5.861428633e-06	1.822132493e-06	-6
5.85795567e-06	1.802436338e-06	-6
5.854482706e-06	1.782740183e-06	-6
5.851009743e-06	1.763044028e-06	-6
5.847536779e-06	1.743347873e-06	-6
5.844063816e-06	1.723651718e-06	-6
5.840590852e-06	1.703955562e-06	-6
5.837117889e-06	1.684259407e-06	-6
5.833644925e-06	1.664563252e-06	-6
5.830171961e-06	1.644867097e-06	-6
5.826698998e-06	1.625170942e-06	-6
5.823226034e-06	1.605474787e-06	-6
5.819753071e-06	1.585778632e-06	-6
5.816280107e-06	1.566082477e-06	-6
5.812807144e-06	1.546386322e-06	-6
5.80933418e-06	1.526690167e-06	-6
5.805861217e-06	1.506994012e-06	-6
5.802388253e-06	1.487297857e-06	-6
5.798915289e-06	1.467601702e-06	-6
5.795442326e-06	1.447905547e-06	-6
5.791969362e-06	1.428209392e-06	-6
5.788496399e-06	1.408513237e-06	-6
5.785023435e-06	1.388817082e-06	-6
5.781550472e-06	1.369120926e-06	-6
5.778077508e-06	1.349424771e-06	-6
5.774604545e-06	1.329728616e-06	-6
5.771131581e-06	1.310032461e-06	-6
5.767658617e-06	1.290336306e-06	-6
5.764185654e-06	1.270640151e-06	-6
5.76071269e-06	1.250943996e-06	-6
5.757239727e-06	1.231247841e-06	-6
5.753766763e-06	1.211551686e-06	-6
5.7502938e-06	1.191855531e-06	-6
5.746820836e-06	1.172159376e-06	-6
5.743347873e-06	1.152463221e-06	-6
5.739874909e-06	1.132767066e-06	-6
5.736401945e-06	1.113070911e-06	-6
5.732928982e-06	1.093374756e-06	-6
5.729456018e-06	1.073678601e-06	-6
5.725983055e-06	1.053982445e-06	-6
5.722510091e-06	1.03428629e-06	-6
5.719037128e-06	1.014590135e-06	-6
5.715564164e-06	9.948939803e-07	-6
5.712091201e-06	9.751978253e-07	-6
5.708618237e-06	9.555016702e-07	-6
5.708618237e-06	9.555016702e-07	0
5.692204775e-06	9.583958065e-07	0
5.675791312e-06	9.612899428e-07	0
5.659377849e-06	9.641840791e-07	0
5.642964387e-06	9.670782154e-07	0
5.626550924e-06	9.699723517e-07	0
5.610137462e-06	9.72866488e-07	0
5.610137462e-06	9.72866488e-07	6
5.610137462e-06	9.72866488e-07	6
5.610137462e-06	9.72866488e-07	6
5.610137462e-06	9.72866488e-07	6
5.610137462e-06	9.72866488e-07	6
5.610137462e-06	9.72866488e-07	6
5.610137462e-06	9.72866488e-07	6
5.610137462e-06	9.72866488e-07	6
5.610137462e-06	9.72866488e-07	6
5.610137462e-06	9.72866488e-07	6
5.610137462e-06	9.72866488e-07	6
5.613610425e-06	9.92562643e-07	6
5.617083389e-06	1.012258798e-06	6
5.620556352e-06	1.031954953e-06	6
5.624029316e-06	1.051651108e-06	6
5.62750228e-06	1.071347263e-06	6
5.630975243e-06	1.091043418e-06	6
5.634448207e-06	1.110739573e-06	6
5.63792117e-06	1.130435728e-06	6
5.641394134e-06	1.150131884e-06	6
5.644867097e-06	1.169828039e-06	6
5.648340061e-06	1.189524194e-06	6
5.651813024e-06	1.209220349e-06	6
5.655285988e-06	1.228916504e-06	6
5.658758952e-06	1.248612659e-06	6
5.662231915e-06	1.268308814e-06	6
5.665704879e-06	1.288004969e-06	6
5.669177842e-06	1.307701124e-06	6
5.672650806e-06	1.327397279e-06	6
5.676123769e-06	1.347093434e-06	6
5.679596733e-06	1.366789589e-06	6
5.683069696e-06	1.386485744e-06	6
5.68654266e-06	1.406181899e-06	6
5.690015623e-06	1.425878054e-06	6
5.693488587e-06	1.445574209e-06	6
5.696961551e-06	1.465270364e-06	6
5.700434514e-06	1.48496652e-06	6
5.703907478e-06	1.504662675e-06	6
5.707380441e-06	1.52435883e-06	6
5.710853405e-06	1.544054985e-06	6
5.714326368e-06	1.56375114e-06	6
5.717799332e-06	1.583447295e-06	6
5.721272295e-06	1.60314345e-06	6
5.724745259e-06	1.622839605e-06	6
5.728218223e-06	1.64253576e-06	6
5.731691186e-06	1.662231915e-06	6
5.73516415e-06	1.68192807e-06	6
5.738637113e-06	1.701624225e-06	6
5.742110077e-06	1.72132038e-06	6
5.74558304e-06	1.741016535e-06	6
5.749056004e-06	1.76071269e-06	6
5.752528967e-06	1.780408845e-06	6
5.756001931e-06	1.800105e-06	6
5.759474895e-06	1.819801156e-06	6
5.762947858e-06	1.839497311e-06	6
5.766420822e-06	1.859193466e-06	6
5.769893785e-06	1.878889621e-06	6
5.773366749e-06	1.898585776e-06	6
5.776839712e-06	1.918281931e-06	6
5.780312676e-06	1.937978086e-06	6
5.783785639e-06	1.957674241e-06	6
5.783785639e-06	1.957674241e-06	-6
5.783785639e-06	1.957674241e-06	-6
5.783785639e-06	1.957674241e-06	-6
5.783785639e-06	1.957674241e-06	-6
5.783785639e-06	1.957674241e-06	-6
5.783785639e-06	1.957674241e-06	-6
5.783785639e-06	1.957674241e-06	-6
5.783785639e-06	1.957674241e-06	-6
5.783785639e-06	1.957674241e-06	-6
5.783785639e-06	1.957674241e-06	-6
5.783785639e-06	1.957674241e-06	-6
5.780312676e-06	1.937978086e-06	-6
5.776839712e-06	1.918281931e-06	-6
5.773366749e-06	1.898585776e-06	-6
5.769893785e-06	1.878889621e-06	-6
5.766420822e-06	1.859193466e-06	-6
5.762947858e-06	1.839497311e-06	-6
5.759474895e-06	1.819801156e-06	-6
5.756001931e-06	1.800105e-06	-6
5.752528967e-06	1.780408845e-06	-6
5.749056004e-06	1.76071269e-06	-6
5.74558304e-06	1.741016535e-06	-6
5.742110077e-06	1.72132038e-06	-6
5.738637113e-06	1.701624225e-06	-6
5.73516415e-06	1.68192807e-06	-6
5.731691186e-06	1.662231915e-06	-6
5.728218223e-06	1.64253576e-06	-6
5.724745259e-06	1.622839605e-06	-6
5.721272295e-06	1.60314345e-06	-6
5.717799332e-06	1.583447295e-06	-6
5.714326368e-06	1.56375114e-06	-6
5.710853405e-06	1.544054985e-06	-6
5.707380441e-06	1.52435883e-06	-6
5.703907478e-06	1.504662675e-06	-6
5.700434514e-06	1.48496652e-06	-6
5.696961551e-06	1.465270364e-06	-6
5.693488587e-06	1.445574209e-06	-6
5.690015623e-06	1.425878054e-06	-6
5.68654266e-06	1.406181899e-06	-6
5.683069696e-06	1.386485744e-06	-6
5.679596733e-06	1.366789589e-06	-6
5.676123769e-06	1.347093434e-06	-6
5.672650806e-06	1.327397279e-06	-6
5.669177842e-06	1.307701124e-06	-6
5.665704879e-06	1.288004969e-06	-6
5.662231915e-06	1.268308814e-06	-6
5.658758952e-06	1.248612659e-06	-6
5.655285988e-06	1.228916504e-06	-6
5.651813024e-06	1.209220349e-06	-6
5.648340061e-06	1.189524194e-06	-6
5.644867097e-06	1.169828039e-06	-6
5.641394134e-06	1.150131884e-06	-6
5.63792117e-06	1.130435728e-06	-6
5.634448207e-06	1.110739573e-06	-6
5.630975243e-06	1.091043418e-06	-6
5.62750228e-06	1.071347263e-06	-6
5.624029316e-06	1.051651108e-06	-6
5.620556352e-06	1.031954953e-06	-6
5.617083389e-06	1.012258798e-06	-6
5.613610425e-06	9.92562643e-07	-6
5.610137462e-06	9.72866488e-07	-6
5.610137462e-06	9.72866488e-07	0
5.593723999e-06	9.757606243e-07	0
5.577310537e-06	9.786547605e-07	0
5.560897074e-06	9.815488968e-07	0
5.544483612e-06	9.844430331e-07	0
5.528070149e-06	9.873371694e-07	0
5.511656686e-06	9.902313057e-07	0
5.511656686e-06	9.902313057e-07	6
5.511656686e-06	9.902313057e-07	6
5.511656686e-06	9.902313057e-07	6
5.511656686e-06	9.902313057e-07	6
5.511656686e-06	9.902313057e-07	6
5.511656686e-06	9.902313057e-07	6
5.511656686e-06	9.902313057e-07	6
5.511656686e-06	9.902313057e-07	6
5.511656686e-06	9.902313057e-07	6
5.511656686e-06	9.902313057e-07	6
5.511656686e-06	9.902313057e-07	6
5.51512965e-06	1.009927461e-06	6
5.518602614e-06	1.029623616e-06	6
5.522075577e-06	1.049319771e-06	6
5.525548541e-06	1.069015926e-06	6
5.529021504e-06	1.088712081e-06	6
5.532494468e-06	1.108408236e-06	6
5.535967431e-06	1.128104391e-06	6
5.539440395e-06	1.147800546e-06	6
5.542913358e-06	1.167496701e-06	6
5.546386322e-06	1.187192856e-06	6
5.549859286e-06	1.206889011e-06	6
5.553332249e-06	1.226585166e-06	6
5.556805213e-06	1.246281322e-06	6
5.560278176e-06	1.265977477e-06	6
5.56375114e-06	1.285673632e-06	6
5.567224103e-06	1.305369787e-06	6
5.570697067e-06	1.325065942e-06	6
5.57417003e-06	1.344762097e-06	6
5.577642994e-06	1.364458252e-06	6
5.581115958e-06	1.384154407e-06	6
5.584588921e-06	1.403850562e-06	6
5.588061885e-06	1.423546717e-06	6
5.591534848e-06	1.443242872e-06	6
5.595007812e-06	1.462939027e-06	6
5.598480775e-06	1.482635182e-06	6
5.601953739e-06	1.502331337e-06	6
5.605426702e-06	1.522027492e-06	6
5.608899666e-06	1.541723647e-06	6
5.61237263e-06	1.561419802e-06	6
5.615845593e-06	1.581115958e-06	6
5.619318557e-06	1.600812113e-06	6
5.62279152e-06	1.620508268e-06	6
5.626264484e-06	1.640204423e-06	6
5.629737447e-06	1.659900578e-06	6
5.633210411e-06	1.679596733e-06	6
5.636683374e-06	1.699292888e-06	6
5.640156338e-06	1.718989043e-06	6
5.643629301e-06	1.738685198e-06	6
5.647102265e-06	1.758381353e-06	6
5.650575229e-06	1.778077508e-06	6
5.654048192e-06	1.797773663e-06	6
5.657521156e-06	1.817469818e-06	6
5.660994119e-06	1.837165973e-06	6
5.664467083e-06	1.856862128e-06	6
5.667940046e-06	1.876558283e-06	6
5.67141301e-06	1.896254438e-06	6
5.674885973e-06	1.915950594e-06	6
5.678358937e-06	1.935646749e-06	6
5.681831901e-06	1.955342904e-06	6
5.685304864e-06	1.975039059e-06	6
5.685304864e-06	1.975039059e-06	-6
5.685304864e-06	1.975039059e-06	-6
5.685304864e-06	1.975039059e-06	-6
5.685304864e-06	1.975039059e-06	-6
5.685304864e-06	1.975039059e-06	-6
5.685304864e-06	1.975039059e-06	-6
5.685304864e-06	1.975039059e-06	-6
5.685304864e-06	1.975039059e-06	-6
5.685304864e-06	1.975039059e-06	-6
5.685304864e-06	1.975039059e-06	-6
5.685304864e-06	1.975039059e-06	-6
5.681831901e-06	1.955342904e-06	-6
5.678358937e-06	1.935646749e-06	-6
5.674885973e-06	1.915950594e-06	-6
5.67141301e-06	1.896254438e-06	-6
5.667940046e-06	1.876558283e-06	-6
5.664467083e-06	1.856862128e-06	-6
5.660994119e-06	1.837165973e-06	-6
5.657521156e-06	1.817469818e-06	-6
5.654048192e-06	1.797773663e-06	-6
5.650575229e-06	1.778077508e-06	-6
5.647102265e-06	1.758381353e-06	-6
5.643629301e-06	1.738685198e-06	-6
5.640156338e-06	1.718989043e-06	-6
5.636683374e-06	1.699292888e-06	-6
5.633210411e-06	1.679596733e-06	-6
5.629737447e-06	1.659900578e-06	-6
5.626264484e-06	1.640204423e-06	-6
5.62279152e-06	1.620508268e-06	-6
5.619318557e-06	1.600812113e-06	-6
5.615845593e-06	1.581115958e-06	-6
5.61237263e-06	1.561419802e-06	-6
5.608899666e-06	1.541723647e-06	-6
5.605426702e-06	1.522027492e-06	-6
5.601953739e-06	1.502331337e-06	-6
5.598480775e-06	1.482635182e-06	-6
5.595007812e-06	1.462939027e-06	-6
5.591534848e-06	1.443242872e-06	-6
5.588061885e-06	1.423546717e-06	-6
5.584588921e-06	1.403850562e-06	-6
5.581115958e-06	1.384154407e-06	-6
5.577642994e-06	1.364458252e-06	-6
5.57417003e-06	1.344762097e-06	-6
5.570697067e-06	1.325065942e-06	-6
5.567224103e-06	1.305369787e-06	-6
5.56375114e-06	1.285673632e-06	-6
5.560278176e-06	1.265977477e-06	-6
5.556805213e-06	1.246281322e-06	-6
5.553332249e-06	1.226585166e-06	-6
5.549859286e-06	1.206889011e-06	-6
5.546386322e-06	1.187192856e-06	-6
5.542913358e-06	1.167496701e-06	-6
5.539440395e-06	1.147800546e-06	-6
5.535967431e-06	1.128104391e-06	-6
5.532494468e-06	1.108408236e-06	-6
5.529021504e-06	1.088712081e-06	-6
5.525548541e-06	1.069015926e-06	-6
5.522075577e-06	1.049319771e-06	-6
5.518602614e-06	1.029623616e-06	-6
5.51512965e-06	1.009927461e-06	-6
5.511656686e-06	9.902313057e-07	-6
5.511656686e-06	9.902313057e-07	0
5.495243224e-06	9.93125442e-07	0
5.478829761e-06	9.960195783e-07	0
5.462416299e-06	9.989137146e-07	0
5.446002836e-06	1.001807851e-06	0
5.429589374e-06	1.004701987e-06	0
5.413175911e-06	1.007596123e-06	0
5.413175911e-06	1.007596123e-06	6
5.413175911e-06	1.007596123e-06	6
5.413175911e-06	1.007596123e-06	6
5.413175911e-06	1.007596123e-06	6
5.413175911e-06	1.007596123e-06	6
5.413175911e-06	1.007596123e-06	6
5.413175911e-06	1.007596123e-06	6
5.413175911e-06	1.007596123e-06	6
5.413175911e-06	1.007596123e-06	6
5.413175911e-06	1.007596123e-06	6
5.413175911e-06	1.007596123e-06	6
5.416648875e-06	1.027292279e-06	6
5.420121838e-06	1.046988434e-06	6
5.423594802e-06	1.066684589e-06	6
5.427067765e-06	1.086380744e-06	6
5.430540729e-06	1.106076899e-06	6
5.434013692e-06	1.125773054e-06	6
5.437486656e-06	1.145469209e-06	6
5.44095962e-06	1.165165364e-06	6
5.444432583e-06	1.184861519e-06	6
5.447905547e-06	1.204557674e-06	6
5.45137851e-06	1.224253829e-06	6
5.454851474e-06	1.243949984e-06	6
5.458324437e-06	1.263646139e-06	6
5.461797401e-06	1.283342294e-06	6
5.465270364e-06	1.303038449e-06	6
5.468743328e-06	1.322734604e-06	6
5.472216292e-06	1.34243076e-06	6
5.475689255e-06	1.362126915e-06	6
5.479162219e-06	1.38182307e-06	6
5.482635182e-06	1.401519225e-06	6
5.486108146e-06	1.42121538e-06	6
5.489581109e-06	1.440911535e-06	6
5.493054073e-06	1.46060769e-06	6
5.496527036e-06	1.480303845e-06	6
5.5e-06	1.5e-06	6
5.503472964e-06	1.519696155e-06	6
5.506945927e-06	1.53939231e-06	6
5.510418891e-06	1.559088465e-06	6
5.513891854e-06	1.57878462e-06	6
5.517364818e-06	1.598480775e-06	6
5.520837781e-06	1.61817693e-06	6
5.524310745e-06	1.637873085e-06	6
5.527783708e-06	1.65756924e-06	6
5.531256672e-06	1.677265396e-06	6
5.534729636e-06	1.696961551e-06	6
5.538202599e-06	1.716657706e-06	6
5.541675563e-06	1.736353861e-06	6
5.545148526e-06	1.756050016e-06	6
5.54862149e-06	1.775746171e-06	6
5.552094453e-06	1.795442326e-06	6
5.555567417e-06	1.815138481e-06	6
5.55904038e-06	1.834834636e-06	6
5.562513344e-06	1.854530791e-06	6
5.565986308e-06	1.874226946e-06	6
5.569459271e-06	1.893923101e-06	6
5.572932235e-06	1.913619256e-06	6
5.576405198e-06	1.933315411e-06	6
5.579878162e-06	1.953011566e-06	6
5.583351125e-06	1.972707721e-06	6
5.586824089e-06	1.992403877e-06	6
5.586824089e-06	1.992403877e-06	-6
5.586824089e-06	1.992403877e-06	-6
5.586824089e-06	1.992403877e-06	-6
5.586824089e-06	1.992403877e-06	-6
5.586824089e-06	1.992403877e-06	-6
5.586824089e-06	1.992403877e-06	-6
5.586824089e-06	1.992403877e-06	-6
5.586824089e-06	1.992403877e-06	-6
5.586824089e-06	1.992403877e-06	-6
5.586824089e-06	1.992403877e-06	-6
5.586824089e-06	1.992403877e-06	-6
5.583351125e-06	1.972707721e-06	-6
5.579878162e-06	1.953011566e-06	-6
5.576405198e-06	1.933315411e-06	-6
5.572932235e-06	1.913619256e-06	-6
5.569459271e-06	1.893923101e-06	-6
5.565986308e-06	1.874226946e-06	-6
5.562513344e-06	1.854530791e-06	-6
5.55904038e-06	1.834834636e-06	-6
5.555567417e-06	1.815138481e-06	-6
5.552094453e-06	1.795442326e-06	-6
5.54862149e-06	1.775746171e-06	-6
5.545148526e-06	1.756050016e-06	-6
5.541675563e-06	1.736353861e-06	-6
5.538202599e-06	1.716657706e-06	-6
5.534729636e-06	1.696961551e-06	-6
5.531256672e-06	1.677265396e-06	-6
5.527783708e-06	1.65756924e-06	-6
5.524310745e-06	1.637873085e-06	-6
5.520837781e-06	1.61817693e-06	-6
5.517364818e-06	1.598480775e-06	-6
5.513891854e-06	1.57878462e-06	-6
5.510418891e-06	1.559088465e-06	-6
5.506945927e-06	1.53939231e-06	-6
5.503472964e-06	1.519696155e-06	-6
5.5e-06	1.5e-06	-6
5.496527036e-06	1.480303845e-06	-6
5.493054073e-06	1.46060769e-06	-6
5.489581109e-06	1.440911535e-06	-6
5.486108146e-06	1.42121538e-06	-6
5.482635182e-06	1.401519225e-06	-6
5.479162219e-06	1.38182307e-06	-6
5.475689255e-06	1.362126915e-06	-6
5.472216292e-06	1.34243076e-06	-6
5.468743328e-06	1.322734604e-06	-6
5.465270364e-06	1.303038449e-06	-6
5.461797401e-06	1.283342294e-06	-6
5.458324437e-06	1.263646139e-06	-6
5.454851474e-06	1.243949984e-06	-6
5.45137851e-06	1.224253829e-06	-6
5.447905547e-06	1.204557674e-06	-6
5.444432583e-06	1.184861519e-06	-6
5.44095962e-06	1.165165364e-06	-6
5.437486656e-06	1.145469209e-06	-6
5.434013692e-06	1.125773054e-06	-6
5.430540729e-06	1.106076899e-06	-6
5.427067765e-06	1.086380744e-06	-6
5.423594802e-06	1.066684589e-06	-6
5.420121838e-06	1.046988434e-06	-6
5.416648875e-06	1.027292279e-06	-6
5.413175911e-06	1.007596123e-06	-6
5.413175911e-06	1.007596123e-06	0
5.396762449e-06	1.01049026e-06	0
5.380348986e-06	1.013384396e-06	0
5.363935524e-06	1.016278532e-06	0
5.347522061e-06	1.019172669e-06	0
5.331108598e-06	1.022066805e-06	0
5.314695136e-06	1.024960941e-06	0
5.314695136e-06	1.024960941e-06	6
5.314695136e-06	1.024960941e-06	6
5.314695136e-06	1.024960941e-06	6
5.314695136e-06	1.024960941e-06	6
5.314695136e-06	1.024960941e-06	6
5.314695136e-06	1.024960941e-06	6
5.314695136e-06	1.024960941e-06	6
5.314695136e-06	1.024960941e-06	6
5.314695136e-06	1.024960941e-06	6
5.314695136e-06	1.024960941e-06	6
5.314695136e-06	1.024960941e-06	6
5.318100002e-06	1.044270897e-06	6
5.321504868e-06	1.063580853e-06	6
5.324909735e-06	1.082890809e-06	6
5.328314601e-06	1.102200765e-06	6
5.331719467e-06	1.121510721e-06	6
5.335124333e-06	1.140820677e-06	6
5.338529199e-06	1.160130633e-06	6
5.341934066e-06	1.179440589e-06	6
5.345338932e-06	1.198750545e-06	6
5.348743798e-06	1.218060501e-06	6
5.352148664e-06	1.237370457e-06	6
5.355553531e-06	1.256680413e-06	6
5.358958397e-06	1.275990368e-06	6
5.362363263e-06	1.295300324e-06	6
5.365768129e-06	1.31461028e-06	6
5.369172996e-06	1.333920236e-06	6
5.372577862e-06	1.353230192e-06	6
5.375982728e-06	1.372540148e-06	6
5.379387594e-06	1.391850104e-06	6
5.38279246e-06	1.41116006e-06	6
5.386197327e-06	1.430470016e-06	6
5.389602193e-06	1.449779972e-06	6
5.393007059e-06	1.469089928e-06	6
5.396411925e-06	1.488399884e-06	6
5.399816792e-06	1.50770984e-06	6
5.403221658e-06	1.527019796e-06	6
5.406626524e-06	1.546329752e-06	6
5.41003139e-06	1.565639708e-06	6
5.413436256e-06	1.584949664e-06	6
5.416841123e-06	1.60425962e-06	6
5.420245989e-06	1.623569575e-06	6
5.423650855e-06	1.642879531e-06	6
5.427055721e-06	1.662189487e-06	6
5.430460588e-06	1.681499443e-06	6
5.433865454e-06	1.700809399e-06	6
5.43727032e-06	1.720119355e-06	6
5.440675186e-06	1.739429311e-06	6
5.444080053e-06	1.758739267e-06	6
5.447484919e-06	1.778049223e-06	6
5.450889785e-06	1.797359179e-06	6
5.454294651e-06	1.816669135e-06	6
5.457699517e-06	1.835979091e-06	6
5.461104384e-06	1.855289047e-06	6
5.46450925e-06	1.874599003e-06	6
5.467914116e-06	1.893908959e-06	6
5.471318982e-06	1.913218915e-06	6
5.474723849e-06	1.932528871e-06	6
5.478128715e-06	1.951838826e-06	6
5.481533581e-06	1.971148782e-06	6
5.484938447e-06	1.990458738e-06	6
5.488343314e-06	2.009768694e-06	6
5.488343314e-06	2.009768694e-06	-6
5.488343314e-06	2.009768694e-06	-6
5.488343314e-06	2.009768694e-06	-6
5.488343314e-06	2.009768694e-06	-6
5.488343314e-06	2.009768694e-06	-6
5.488343314e-06	2.009768694e-06	-6
5.488343314e-06	2.009768694e-06	-6
5.488343314e-06	2.009768694e-06	-6
5.488343314e-06	2.009768694e-06	-6
5.488343314e-06	2.009768694e-06	-6
5.488343314e-06	2.009768694e-06	-6
5.484938447e-06	1.990458738e-06	-6
5.481533581e-06	1.971148782e-06	-6
5.478128715e-06	1.951838826e-06	-6
5.474723849e-06	1.932528871e-06	-6
5.471318982e-06	1.913218915e-06	-6
5.467914116e-06	1.893908959e-06	-6
5.46450925e-06	1.874599003e-06	-6
5.461104384e-06	1.855289047e-06	-6
5.457699517e-06	1.835979091e-06	-6
5.454294651e-06	1.816669135e-06	-6
5.450889785e-06	1.797359179e-06	-6
5.447484919e-06	1.778049223e-06	-6
5.444080053e-06	1.758739267e-06	-6
5.440675186e-06	1.739429311e-06	-6
5.43727032e-06	1.720119355e-06	-6
5.433865454e-06	1.700809399e-06	-6
5.430460588e-06	1.681499443e-06	-6
5.427055721e-06	1.662189487e-06	-6
5.423650855e-06	1.642879531e-06	-6
5.420245989e-06	1.623569575e-06	-6
5.416841123e-06	1.60425962e-06	-6
5.413436256e-06	1.584949664e-06	-6
5.41003139e-06	1.565639708e-06	-6
5.406626524e-06	1.546329752e-06	-6
5.403221658e-06	1.527019796e-06	-6
5.399816792e-06	1.50770984e-06	-6
5.396411925e-06	1.488399884e-06	-6
5.393007059e-06	1.469089928e-06	-6
5.389602193e-06	1.449779972e-06	-6
5.386197327e-06	1.430470016e-06	-6
5.38279246e-06	1.41116006e-06	-6
5.379387594e-06	1.391850104e-06	-6
5.375982728e-06	1.372540148e-06	-6
5.372577862e-06	1.353230192e-06	-6
5.369172996e-06	1.333920236e-06	-6
5.365768129e-06	1.31461028e-06	-6
5.362363263e-06	1.295300324e-06	-6
5.358958397e-06	1.275990368e-06	-6
5.355553531e-06	1.256680413e-06	-6
5.352148664e-06	1.237370457e-06	-6
5.348743798e-06	1.218060501e-06	-6
5.345338932e-06	1.198750545e-06	-6
5.341934066e-06	1.179440589e-06	-6
5.338529199e-06	1.160130633e-06	-6
5.335124333e-06	1.140820677e-06	-6
5.331719467e-06	1.121510721e-06	-6
5.328314601e-06	1.102200765e-06	-6
5.324909735e-06	1.082890809e-06	-6
5.321504868e-06	1.063580853e-06	-6
5.318100002e-06	1.044270897e-06	-6
5.314695136e-06	1.024960941e-06	-6
5.314695136e-06	1.024960941e-06	0
5.298281673e-06	1.027855078e-06	0
5.281868211e-06	1.030749214e-06	0
5.265454748e-06	1.03364335e-06	0
5.249041286e-06	1.036537486e-06	0
5.232627823e-06	1.039431623e-06	0
5.216214361e-06	1.042325759e-06	0
5.216214361e-06	1.042325759e-06	6
5.216214361e-06	1.042325759e-06	6
5.216214361e-06	1.042325759e-06	6
5.216214361e-06	1.042325759e-06	6
5.216214361e-06	1.042325759e-06	6
5.216214361e-06	1.042325759e-06	6
5.216214361e-06	1.042325759e-06	6
5.216214361e-06	1.042325759e-06	6
5.216214361e-06	1.042325759e-06	6
5.216214361e-06	1.042325759e-06	6
5.216214361e-06	1.042325759e-06	6
5.219687324e-06	1.062021914e-06	6
5.223160288e-06	1.081718069e-06	6
5.226633251e-06	1.101414224e-06	6
5.230106215e-06	1.121110379e-06	6
5.233579178e-06	1.140806534e-06	6
5.237052142e-06	1.160502689e-06	6
5.240525105e-06	1.180198844e-06	6
5.243998069e-06	1.199895e-06	6
5.247471033e-06	1.219591155e-06	6
5.250943996e-06	1.23928731e-06	6
5.25441696e-06	1.258983465e-06	6
5.257889923e-06	1.27867962e-06	6
5.261362887e-06	1.298375775e-06	6
5.26483585e-06	1.31807193e-06	6
5.268308814e-06	1.337768085e-06	6
5.271781777e-06	1.35746424e-06	6
5.275254741e-06	1.377160395e-06	6
5.278727705e-06	1.39685655e-06	6
5.282200668e-06	1.416552705e-06	6
5.285673632e-06	1.43624886e-06	6
5.289146595e-06	1.455945015e-06	6
5.292619559e-06	1.47564117e-06	6
5.296092522e-06	1.495337325e-06	6
5.299565486e-06	1.51503348e-06	6
5.303038449e-06	1.534729636e-06	6
5.306511413e-06	1.554425791e-06	6
5.309984377e-06	1.574121946e-06	6
5.31345734e-06	1.593818101e-06	6
5.316930304e-06	1.613514256e-06	6
5.320403267e-06	1.633210411e-06	6
5.323876231e-06	1.652906566e-06	6
5.327349194e-06	1.672602721e-06	6
5.330822158e-06	1.692298876e-06	6
5.334295121e-06	1.711995031e-06	6
5.337768085e-06	1.731691186e-06	6
5.341241048e-06	1.751387341e-06	6
5.344714012e-06	1.771083496e-06	6
5.348186976e-06	1.790779651e-06	6
5.351659939e-06	1.810475806e-06	6
5.355132903e-06	1.830171961e-06	6
5.358605866e-06	1.849868116e-06	6
5.36207883e-06	1.869564272e-06	6
5.365551793e-06	1.889260427e-06	6
5.369024757e-06	1.908956582e-06	6
5.37249772e-06	1.928652737e-06	6
5.375970684e-06	1.948348892e-06	6
5.379443648e-06	1.968045047e-06	6
5.382916611e-06	1.987741202e-06	6
5.386389575e-06	2.007437357e-06	6
5.389862538e-06	2.027133512e-06	6
5.389862538e-06	2.027133512e-06	-6
5.389862538e-06	2.027133512e-06	-6
5.389862538e-06	2.027133512e-06	-6
5.389862538e-06	2.027133512e-06	-6
5.389862538e-06	2.027133512e-06	-6
5.389862538e-06	2.027133512e-06	-6
5.389862538e-06	2.027133512e-06	-6
5.389862538e-06	2.027133512e-06	-6
5.389862538e-06	2.027133512e-06	-6
5.389862538e-06	2.027133512e-06	-6
5.389862538e-06	2.027133512e-06	-6
5.386389575e-06	2.007437357e-06	-6
5.382916611e-06	1.987741202e-06	-6
5.379443648e-06	1.968045047e-06	-6
5.375970684e-06	1.948348892e-06	-6
5.37249772e-06	1.928652737e-06	-6
5.369024757e-06	1.908956582e-06	-6
5.365551793e-06	1.889260427e-06	-6
5.36207883e-06	1.869564272e-06	-6
5.358605866e-06	1.849868116e-06	-6
5.355132903e-06	1.830171961e-06	-6
5.351659939e-06	1.810475806e-06	-6
5.348186976e-06	1.790779651e-06	-6
5.344714012e-06	1.771083496e-06	-6
5.341241048e-06	1.751387341e-06	-6
5.337768085e-06	1.731691186e-06	-6
5.334295121e-06	1.711995031e-06	-6
5.330822158e-06	1.692298876e-06	-6
5.327349194e-06	1.672602721e-06	-6
5.323876231e-06	1.652906566e-06	-6
5.320403267e-06	1.633210411e-06	-6
5.316930304e-06	1.613514256e-06	-6
5.31345734e-06	1.593818101e-06	-6
5.309984377e-06	1.574121946e-06	-6
5.306511413e-06	1.554425791e-06	-6
5.303038449e-06	1.534729636e-06	-6
5.299565486e-06	1.51503348e-06	-6
5.296092522e-06	1.495337325e-06	-6
5.292619559e-06	1.47564117e-06	-6
5.289146595e-06	1.455945015e-06	-6
5.285673632e-06	1.43624886e-06	-6
5.282200668e-06	1.416552705e-06	-6
5.278727705e-06	1.39685655e-06	-6
5.275254741e-06	1.377160395e-06	-6
5.271781777e-06	1.35746424e-06	-6
5.268308814e-06	1.337768085e-06	-6
5.26483585e-06	1.31807193e-06	-6
5.261362887e-06	1.298375775e-06	-6
5.257889923e-06	1.27867962e-06	-6
5.25441696e-06	1.258983465e-06	-6
5.250943996e-06	1.23928731e-06	-6
5.247471033e-06	1.219591155e-06	-6
5.243998069e-06	1.199895e-06	-6
5.240525105e-06	1.180198844e-06	-6
5.237052142e-06	1.160502689e-06	-6
5.233579178e-06	1.140806534e-06	-6
5.230106215e-06	1.121110379e-06	-6
5.226633251e-06	1.101414224e-06	-6
5.223160288e-06	1.081718069e-06	-6
5.219687324e-06	1.062021914e-06	-6
5.216214361e-06	1.042325759e-06	-6
5.216214361e-06	1.042325759e-06	0
5.199800898e-06	1.045219895e-06	0
5.183387435e-06	1.048114032e-06	0
5.166973973e-06	1.051008168e-06	0
5.15056051e-06	1.053902304e-06	0
5.134147048e-06	1.05679644e-06	0
5.117733585e-06	1.059690577e-06	0
5.117733585e-06	1.059690577e-06	6
5.117733585e-06	1.059690577e-06	6
5.117733585e-06	1.059690577e-06	6
5.117733585e-06	1.059690577e-06	6
5.117733585e-06	1.059690577e-06	6
5.117733585e-06	1.059690577e-06	6
5.117733585e-06	1.059690577e-06	6
5.117733585e-06	1.059690577e-06	6
5.117733585e-06	1.059690577e-06	6
5.117733585e-06	1.059690577e-06	6
5.117733585e-06	1.059690577e-06	6
5.121206549e-06	1.079386732e-06	6
5.124679512e-06	1.099082887e-06	6
5.128152476e-06	1.118779042e-06	6
5.131625439e-06	1.138475197e-06	6
5.135098403e-06	1.158171352e-06	6
5.138571367e-06	1.177867507e-06	6
5.14204433e-06	1.197563662e-06	6
5.145517294e-06	1.217259817e-06	6
5.148990257e-06	1.236955972e-06	6
5.152463221e-06	1.256652127e-06	6
5.155936184e-06	1.276348282e-06	6
5.159409148e-06	1.296044438e-06	6
5.162882111e-06	1.315740593e-06	6
5.166355075e-06	1.335436748e-06	6
5.169828039e-06	1.355132903e-06	6
5.173301002e-06	1.374829058e-06	6
5.176773966e-06	1.394525213e-06	6
5.180246929e-06	1.414221368e-06	6
5.183719893e-06	1.433917523e-06	6
5.187192856e-06	1.453613678e-06	6
5.19066582e-06	1.473309833e-06	6
5.194138783e-06	1.493005988e-06	6
5.197611747e-06	1.512702143e-06	6
5.201084711e-06	1.532398298e-06	6
5.204557674e-06	1.552094453e-06	6
5.208030638e-06	1.571790608e-06	6
5.211503601e-06	1.591486763e-06	6
5.214976565e-06	1.611182918e-06	6
5.218449528e-06	1.630879074e-06	6
5.221922492e-06	1.650575229e-06	6
5.225395455e-06	1.670271384e-06	6
5.228868419e-06	1.689967539e-06	6
5.232341383e-06	1.709663694e-06	6
5.235814346e-06	1.729359849e-06	6
5.23928731e-06	1.749056004e-06	6
5.242760273e-06	1.768752159e-06	6
5.246233237e-06	1.788448314e-06	6
5.2497062e-06	1.808144469e-06	6
5.253179164e-06	1.827840624e-06	6
5.256652127e-06	1.847536779e-06	6
5.260125091e-06	1.867232934e-06	6
5.263598055e-06	1.886929089e-06	6
5.267071018e-06	1.906625244e-06	6
5.270543982e-06	1.926321399e-06	6
5.274016945e-06	1.946017555e-06	6
5.277489909e-06	1.96571371e-06	6
5.280962872e-06	1.985409865e-06	6
5.284435836e-06	2.00510602e-06	6
5.287908799e-06	2.024802175e-06	6
5.291381763e-06	2.04449833e-06	6
5.291381763e-06	2.04449833e-06	-6
5.291381763e-06	2.04449833e-06	-6
5.291381763e-06	2.04449833e-06	-6
5.291381763e-06	2.04449833e-06	-6
5.291381763e-06	2.04449833e-06	-6
5.291381763e-06	2.04449833e-06	-6
5.291381763e-06	2.04449833e-06	-6
5.291381763e-06	2.04449833e-06	-6
5.291381763e-06	2.04449833e-06	-6
5.291381763e-06	2.04449833e-06	-6
5.291381763e-06	2.04449833e-06	-6
5.287908799e-06	2.024802175e-06	-6
5.284435836e-06	2.00510602e-06	-6
5.280962872e-06	1.985409865e-06	-6
5.277489909e-06	1.96571371e-06	-6
5.274016945e-06	1.946017555e-06	-6
5.270543982e-06	1.926321399e-06	-6
5.267071018e-06	1.906625244e-06	-6
5.263598055e-06	1.886929089e-06	-6
5.260125091e-06	1.867232934e-06	-6
5.256652127e-06	1.847536779e-06	-6
5.253179164e-06	1.827840624e-06	-6
5.2497062e-06	1.808144469e-06	-6
5.246233237e-06	1.788448314e-06	-6
5.242760273e-06	1.768752159e-06	-6
5.23928731e-06	1.749056004e-06	-6
5.235814346e-06	1.729359849e-06	-6
5.232341383e-06	1.709663694e-06	-6
5.228868419e-06	1.689967539e-06	-6
5.225395455e-06	1.670271384e-06	-6
5.221922492e-06	1.650575229e-06	-6
5.218449528e-06	1.630879074e-06	-6
5.214976565e-06	1.611182918e-06	-6
5.211503601e-06	1.591486763e-06	-6
5.208030638e-06	1.571790608e-06	-6
5.204557674e-06	1.552094453e-06	-6
5.201084711e-06	1.532398298e-06	-6
5.197611747e-06	1.512702143e-06	-6
5.194138783e-06	1.493005988e-06	-6
5.19066582e-06	1.473309833e-06	-6
5.187192856e-06	1.453613678e-06	-6
5.183719893e-06	1.433917523e-06	-6
5.180246929e-06	1.414221368e-06	-6
5.176773966e-06	1.394525213e-06	-6
5.173301002e-06	1.374829058e-06	-6
5.169828039e-06	1.355132903e-06	-6
5.166355075e-06	1.335436748e-06	-6
5.162882111e-06	1.315740593e-06	-6
5.159409148e-06	1.296044438e-06	-6
5.155936184e-06	1.276348282e-06	-6
5.152463221e-06	1.256652127e-06	-6
5.148990257e-06	1.236955972e-06	-6
5.145517294e-06	1.217259817e-06	-6
5.14204433e-06	1.197563662e-06	-6
5.138571367e-06	1.177867507e-06	-6
5.135098403e-06	1.158171352e-06	-6
5.131625439e-06	1.138475197e-06	-6
5.128152476e-06	1.118779042e-06	-6
5.124679512e-06	1.099082887e-06	-6
5.121206549e-06	1.079386732e-06	-6
5.117733585e-06	1.059690577e-06	-6
5.117733585e-06	1.059690577e-06	0
5.101320123e-06	1.062584713e-06	0
5.08490666e-06	1.065478849e-06	0
5.068493198e-06	1.068372986e-06	0
5.052079735e-06	1.071267122e-06	0
5.035666273e-06	1.074161258e-06	0
5.01925281e-06	1.077055395e-06	0
5.01925281e-06	1.077055395e-06	6
5.01925281e-06	1.077055395e-06	6
5.01925281e-06	1.077055395e-06	6
5.01925281e-06	1.077055395e-06	6
5.01925281e-06	1.077055395e-06	6
5.01925281e-06	1.077055395e-06	6
5.01925281e-06	1.077055395e-06	6
5.01925281e-06	1.077055395e-06	6
5.01925281e-06	1.077055395e-06	6
5.01925281e-06	1.077055395e-06	6
5.01925281e-06	1.077055395e-06	6
5.022657676e-06	1.096365351e-06	6
5.026062542e-06	1.115675306e-06	6
5.029467409e-06	1.134985262e-06	6
5.032872275e-06	1.154295218e-06	6
5.036277141e-06	1.173605174e-06	6
5.039682007e-06	1.19291513e-06	6
5.043086874e-06	1.212225086e-06	6
5.04649174e-06	1.231535042e-06	6
5.049896606e-06	1.250844998e-06	6
5.053301472e-06	1.270154954e-06	6
5.056706338e-06	1.28946491e-06	6
5.060111205e-06	1.308774866e-06	6
5.063516071e-06	1.328084822e-06	6
5.066920937e-06	1.347394778e-06	6
5.070325803e-06	1.366704734e-06	6
5.07373067e-06	1.38601469e-06	6
5.077135536e-06	1.405324646e-06	6
5.080540402e-06	1.424634602e-06	6
5.083945268e-06	1.443944557e-06	6
5.087350135e-06	1.463254513e-06	6
5.090755001e-06	1.482564469e-06	6
5.094159867e-06	1.501874425e-06	6
5.097564733e-06	1.521184381e-06	6
5.100969599e-06	1.540494337e-06	6
5.104374466e-06	1.559804293e-06	6
5.107779332e-06	1.579114249e-06	6
5.111184198e-06	1.598424205e-06	6
5.114589064e-06	1.617734161e-06	6
5.117993931e-06	1.637044117e-06	6
5.121398797e-06	1.656354073e-06	6
5.124803663e-06	1.675664029e-06	6
5.128208529e-06	1.694973985e-06	6
5.131613396e-06	1.714283941e-06	6
5.135018262e-06	1.733593897e-06	6
5.138423128e-06	1.752903853e-06	6
5.141827994e-06	1.772213808e-06	6
5.14523286e-06	1.791523764e-06	6
5.148637727e-06	1.81083372e-06	6
5.152042593e-06	1.830143676e-06	6
5.155447459e-06	1.849453632e-06	6
5.158852325e-06	1.868763588e-06	6
5.162257192e-06	1.888073544e-06	6
5.165662058e-06	1.9073835e-06	6
5.169066924e-06	1.926693456e-06	6
5.17247179e-06	1.946003412e-06	6
5.175876656e-06	1.965313368e-06	6
5.179281523e-06	1.984623324e-06	6
5.182686389e-06	2.00393328e-06	6
5.186091255e-06	2.023243236e-06	6
5.189496121e-06	2.042553192e-06	6
5.192900988e-06	2.061863148e-06	6
5.192900988e-06	2.061863148e-06	-6
5.192900988e-06	2.061863148e-06	-6
5.192900988e-06	2.061863148e-06	-6
5.192900988e-06	2.061863148e-06	-6
5.192900988e-06	2.061863148e-06	-6
5.192900988e-06	2.061863148e-06	-6
5.192900988e-06	2.061863148e-06	-6
5.192900988e-06	2.061863148e-06	-6
5.192900988e-06	2.061863148e-06	-6
5.192900988e-06	2.061863148e-06	-6
5.192900988e-06	2.061863148e-06	-6
5.189496121e-06	2.042553192e-06	-6
5.186091255e-06	2.023243236e-06	-6
5.182686389e-06	2.00393328e-06	-6
5.179281523e-06	1.984623324e-06	-6
5.175876656e-06	1.965313368e-06	-6
5.17247179e-06	1.946003412e-06	-6
5.169066924e-06	1.926693456e-06	-6
5.165662058e-06	1.9073835e-06	-6
5.162257192e-06	1.888073544e-06	-6
5.158852325e-06	1.868763588e-06	-6
5.155447459e-06	1.849453632e-06	-6
5.152042593e-06	1.830143676e-06	-6
5.148637727e-06	1.81083372e-06	-6
5.14523286e-06	1.791523764e-06	-6
5.141827994e-06	1.772213808e-06	-6
5.138423128e-06	1.752903853e-06	-6
5.135018262e-06	1.733593897e-06	-6
5.131613396e-06	1.714283941e-06	-6
5.128208529e-06	1.694973985e-06	-6
5.124803663e-06	1.675664029e-06	-6
5.121398797e-06	1.656354073e-06	-6
5.117993931e-06	1.637044117e-06	-6
5.114589064e-06	1.617734161e-06	-6
5.111184198e-06	1.598424205e-06	-6
5.107779332e-06	1.579114249e-06	-6
5.104374466e-06	1.559804293e-06	-6
5.100969599e-06	1.540494337e-06	-6
5.097564733e-06	1.521184381e-06	-6
5.094159867e-06	1.501874425e-06	-6
5.090755001e-06	1.482564469e-06	-6
5.087350135e-06	1.463254513e-06	-6
5.083945268e-06	1.443944557e-06	-6
5.080540402e-06	1.424634602e-06	-6
5.077135536e-06	1.405324646e-06	-6
5.07373067e-06	1.38601469e-06	-6
5.070325803e-06	1.366704734e-06	-6
5.066920937e-06	1.347394778e-06	-6
5.063516071e-06	1.328084822e-06	-6
5.060111205e-06	1.308774866e-06	-6
5.056706338e-06	1.28946491e-06	-6
5.053301472e-06	1.270154954e-06	-6
5.049896606e-06	1.250844998e-06	-6
5.04649174e-06	1.231535042e-06	-6
5.043086874e-06	1.212225086e-06	-6
5.039682007e-06	1.19291513e-06	-6
5.036277141e-06	1.173605174e-06	-6
5.032872275e-06	1.154295218e-06	-6
5.029467409e-06	1.134985262e-06	-6
5.026062542e-06	1.115675306e-06	-6
5.022657676e-06	1.096365351e-06	-6
5.01925281e-06	1.077055395e-06	-6
5.01925281e-06	1.077055395e-06	0
4.999556655e-06	1.080528358e-06	0
4.9798605e-06	1.084001322e-06	0
4.960164345e-06	1.087474285e-06	0
4.94046819e-06	1.090947249e-06	0
4.920772035e-06	1.094420212e-06	0
4.920772035e-06	1.094420212e-06	6
4.920772035e-06	1.094420212e-06	6
4.920772035e-06	1.094420212e-06	6
4.920772035e-06	1.094420212e-06	6
4.920772035e-06	1.094420212e-06	6
4.920772035e-06	1.094420212e-06	6
4.920772035e-06	1.094420212e-06	6
4.920772035e-06	1.094420212e-06	6
4.920772035e-06	1.094420212e-06	6
4.920772035e-06	1.094420212e-06	6
4.920772035e-06	1.094420212e-06	6
4.924244998e-06	1.114116367e-06	6
4.927717962e-06	1.133812522e-06	6
4.931190925e-06	1.153508678e-06	6
4.934663889e-06	1.173204833e-06	6
4.938136852e-06	1.192900988e-06	6
4.941609816e-06	1.212597143e-06	6
4.94508278e-06	1.232293298e-06	6
4.948555743e-06	1.251989453e-06	6
4.952028707e-06	1.271685608e-06	6
4.95550167e-06	1.291381763e-06	6
4.958974634e-06	1.311077918e-06	6
4.962447597e-06	1.330774073e-06	6
4.965920561e-06	1.350470228e-06	6
4.969393524e-06	1.370166383e-06	6
4.972866488e-06	1.389862538e-06	6
4.976339452e-06	1.409558693e-06	6
4.979812415e-06	1.429254848e-06	6
4.983285379e-06	1.448951003e-06	6
4.986758342e-06	1.468647158e-06	6
4.990231306e-06	1.488343314e-06	6
4.993704269e-06	1.508039469e-06	6
4.997177233e-06	1.527735624e-06	6
5.000650196e-06	1.547431779e-06	6
5.00412316e-06	1.567127934e-06	6
5.007596123e-06	1.586824089e-06	6
5.011069087e-06	1.606520244e-06	6
5.014542051e-06	1.626216399e-06	6
5.018015014e-06	1.645912554e-06	6
5.021487978e-06	1.665608709e-06	6
5.024960941e-06	1.685304864e-06	6
5.028433905e-06	1.705001019e-06	6
5.031906868e-06	1.724697174e-06	6
5.035379832e-06	1.744393329e-06	6
5.038852795e-06	1.764089484e-06	6
5.042325759e-06	1.783785639e-06	6
5.045798723e-06	1.803481794e-06	6
5.049271686e-06	1.82317795e-06	6
5.05274465e-06	1.842874105e-06	6
5.056217613e-06	1.86257026e-06	6
5.059690577e-06	1.882266415e-06	6
5.06316354e-06	1.90196257e-06	6
5.066636504e-06	1.921658725e-06	6
5.070109467e-06	1.94135488e-06	6
5.073582431e-06	1.961051035e-06	6
5.077055395e-06	1.98074719e-06	6
5.080528358e-06	2.000443345e-06	6
5.084001322e-06	2.0201395e-06	6
5.087474285e-06	2.039835655e-06	6
5.090947249e-06	2.05953181e-06	6
5.094420212e-06	2.079227965e-06	6
5.094420212e-06	2.079227965e-06	-6
5.094420212e-06	2.079227965e-06	-6
5.094420212e-06	2.079227965e-06	-6
5.094420212e-06	2.079227965e-06	-6
5.094420212e-06	2.079227965e-06	-6
5.094420212e-06	2.079227965e-06	-6
5.094420212e-06	2.079227965e-06	-6
5.094420212e-06	2.079227965e-06	-6
5.094420212e-06	2.079227965e-06	-6
5.094420212e-06	2.079227965e-06	-6
5.094420212e-06	2.079227965e-06	-6
5.090947249e-06	2.05953181e-06	-6
5.087474285e-06	2.039835655e-06	-6
5.084001322e-06	2.0201395e-06	-6
5.080528358e-06	2.000443345e-06	-6
5.077055395e-06	1.98074719e-06	-6
5.073582431e-06	1.961051035e-06	-6
5.070109467e-06	1.94135488e-06	-6
5.066636504e-06	1.921658725e-06	-6
5.06316354e-06	1.90196257e-06	-6
5.059690577e-06	1.882266415e-06	-6
5.056217613e-06	1.86257026e-06	-6
5.05274465e-06	1.842874105e-06	-6
5.049271686e-06	1.82317795e-06	-6
5.045798723e-06	1.803481794e-06	-6
5.042325759e-06	1.783785639e-06	-6
5.038852795e-06	1.764089484e-06	-6
5.035379832e-06	1.744393329e-06	-6
5.031906868e-06	1.724697174e-06	-6
5.028433905e-06	1.705001019e-06	-6
5.024960941e-06	1.685304864e-06	-6
5.021487978e-06	1.665608709e-06	-6
5.018015014e-06	1.645912554e-06	-6
5.014542051e-06	1.626216399e-06	-6
5.011069087e-06	1.606520244e-06	-6
5.007596123e-06	1.586824089e-06	-6
5.00412316e-06	1.567127934e-06	-6
5.000650196e-06	1.547431779e-06	-6
4.997177233e-06	1.527735624e-06	-6
4.993704269e-06	1.508039469e-06	-6
4.990231306e-06	1.488343314e-06	-6
4.986758342e-06	1.468647158e-06	-6
4.983285379e-06	1.448951003e-06	-6
4.979812415e-06	1.429254848e-06	-6
4.976339452e-06	1.409558693e-06	-6
4.972866488e-06	1.389862538e-06	-6
4.969393524e-06	1.370166383e-06	-6
4.965920561e-06	1.350470228e-06	-6
4.962447597e-06	1.330774073e-06	-6
4.958974634e-06	1.311077918e-06	-6
4.95550167e-06	1.291381763e-06	-6
4.952028707e-06	1.271685608e-06	-6
4.948555743e-06	1.251989453e-06	-6
4.94508278e-06	1.232293298e-06	-6
4.941609816e-06	1.212597143e-06	-6
4.938136852e-06	1.192900988e-06	-6
4.934663889e-06	1.173204833e-06	-6
4.931190925e-06	1.153508678e-06	-6
4.927717962e-06	1.133812522e-06	-6
4.924244998e-06	1.114116367e-06	-6
4.920772035e-06	1.094420212e-06	-6
