# X_m	Y_m	V
2.319615242e-06	4.719615242e-06	6
2.319615242e-06	4.719615242e-06	6
2.319615242e-06	4.719615242e-06	6
2.319615242e-06	4.719615242e-06	6
2.319615242e-06	4.719615242e-06	6
2.319615242e-06	4.719615242e-06	6
2.319615242e-06	4.719615242e-06	6
2.319615242e-06	4.719615242e-06	6
2.319615242e-06	4.719615242e-06	6
2.319615242e-06	4.719615242e-06	6
2.319615242e-06	4.719615242e-06	6
2.302294734e-06	4.729615242e-06	6
2.284974226e-06	4.739615242e-06	6
2.267653718e-06	4.749615242e-06	6
2.25033321e-06	4.759615242e-06	6
2.233012702e-06	4.769615242e-06	6
2.215692194e-06	4.779615242e-06	6
2.198371686e-06	4.789615242e-06	6
2.181051178e-06	4.799615242e-06	6
2.16373067e-06	4.809615242e-06	6
2.146410162e-06	4.819615242e-06	6
2.129089653e-06	4.829615242e-06	6
2.111769145e-06	4.839615242e-06	6
2.094448637e-06	4.849615242e-06	6
2.077128129e-06	4.859615242e-06	6
2.059807621e-06	4.869615242e-06	6
2.042487113e-06	4.879615242e-06	6
2.025166605e-06	4.889615242e-06	6
2.007846097e-06	4.899615242e-06	6
1.990525589e-06	4.909615242e-06	6
1.973205081e-06	4.919615242e-06	6
1.955884573e-06	4.929615242e-06	6
1.938564065e-06	4.939615242e-06	6
1.921243557e-06	4.949615242e-06	6
1.903923048e-06	4.959615242e-06	6
1.88660254e-06	4.969615242e-06	6
1.869282032e-06	4.979615242e-06	6
1.851961524e-06	4.989615242e-06	6
1.834641016e-06	4.999615242e-06	6
1.817320508e-06	5.009615242e-06	6
1.8e-06	5.019615242e-06	6
1.782679492e-06	5.029615242e-06	6
1.765358984e-06	5.039615242e-06	6
1.748038476e-06	5.049615242e-06	6
1.730717968e-06	5.059615242e-06	6
1.71339746e-06	5.069615242e-06	6
1.696076952e-06	5.079615242e-06	6
1.678756443e-06	5.089615242e-06	6
1.661435935e-06	5.099615242e-06	6
1.644115427e-06	5.109615242e-06	6
1.626794919e-06	5.119615242e-06	6
1.609474411e-06	5.129615242e-06	6
1.592153903e-06	5.139615242e-06	6
1.574833395e-06	5.149615242e-06	6
1.557512887e-06	5.159615242e-06	6
1.540192379e-06	5.169615242e-06	6
1.522871871e-06	5.179615242e-06	6
1.505551363e-06	5.189615242e-06	6
1.488230855e-06	5.199615242e-06	6
1.470910347e-06	5.209615242e-06	6
1.453589838e-06	5.219615242e-06	6
1.43626933e-06	5.229615242e-06	6
1.418948822e-06	5.239615242e-06	6
1.401628314e-06	5.249615242e-06	6
1.384307806e-06	5.259615242e-06	6
1.366987298e-06	5.269615242e-06	6
1.34966679e-06	5.279615242e-06	6
1.332346282e-06	5.289615242e-06	6
1.315025774e-06	5.299615242e-06	6
1.297705266e-06	5.309615242e-06	6
1.280384758e-06	5.319615242e-06	6
1.280384758e-06	5.319615242e-06	-6
1.280384758e-06	5.319615242e-06	-6
1.280384758e-06	5.319615242e-06	-6
1.280384758e-06	5.319615242e-06	-6
1.280384758e-06	5.319615242e-06	-6
1.280384758e-06	5.319615242e-06	-6
1.280384758e-06	5.319615242e-06	-6
1.280384758e-06	5.319615242e-06	-6
1.280384758e-06	5.319615242e-06	-6
1.280384758e-06	5.319615242e-06	-6
1.280384758e-06	5.319615242e-06	-6
1.297705266e-06	5.309615242e-06	-6
1.315025774e-06	5.299615242e-06	-6
1.332346282e-06	5.289615242e-06	-6
1.34966679e-06	5.279615242e-06	-6
1.366987298e-06	5.269615242e-06	-6
1.384307806e-06	5.259615242e-06	-6
1.401628314e-06	5.249615242e-06	-6
1.418948822e-06	5.239615242e-06	-6
1.43626933e-06	5.229615242e-06	-6
1.453589838e-06	5.219615242e-06	-6
1.470910347e-06	5.209615242e-06	-6
1.488230855e-06	5.199615242e-06	-6
1.505551363e-06	5.189615242e-06	-6
1.522871871e-06	5.179615242e-06	-6
1.540192379e-06	5.169615242e-06	-6
1.557512887e-06	5.159615242e-06	-6
1.574833395e-06	5.149615242e-06	-6
1.592153903e-06	5.139615242e-06	-6
1.609474411e-06	5.129615242e-06	-6
1.626794919e-06	5.119615242e-06	-6
1.644115427e-06	5.109615242e-06	-6
1.661435935e-06	5.099615242e-06	-6
1.678756443e-06	5.089615242e-06	-6
1.696076952e-06	5.079615242e-06	-6
1.71339746e-06	5.069615242e-06	-6
1.730717968e-06	5.059615242e-06	-6
1.748038476e-06	5.049615242e-06	-6
1.765358984e-06	5.039615242e-06	-6
1.782679492e-06	5.029615242e-06	-6
1.8e-06	5.019615242e-06	-6
1.817320508e-06	5.009615242e-06	-6
1.834641016e-06	4.999615242e-06	-6
1.851961524e-06	4.989615242e-06	-6
1.869282032e-06	4.979615242e-06	-6
1.88660254e-06	4.969615242e-06	-6
1.903923048e-06	4.959615242e-06	-6
1.921243557e-06	4.949615242e-06	-6
1.938564065e-06	4.939615242e-06	-6
1.955884573e-06	4.929615242e-06	-6
1.973205081e-06	4.919615242e-06	-6
1.990525589e-06	4.909615242e-06	-6
2.007846097e-06	4.899615242e-06	-6
2.025166605e-06	4.889615242e-06	-6
2.042487113e-06	4.879615242e-06	-6
2.059807621e-06	4.869615242e-06	-6
2.077128129e-06	4.859615242e-06	-6
2.094448637e-06	4.849615242e-06	-6
2.111769145e-06	4.839615242e-06	-6
2.129089653e-06	4.829615242e-06	-6
2.146410162e-06	4.819615242e-06	-6
2.16373067e-06	4.809615242e-06	-6
2.181051178e-06	4.799615242e-06	-6
2.198371686e-06	4.789615242e-06	-6
2.215692194e-06	4.779615242e-06	-6
2.233012702e-06	4.769615242e-06	-6
2.25033321e-06	4.759615242e-06	-6
2.267653718e-06	4.749615242e-06	-6
2.284974226e-06	4.739615242e-06	-6
2.302294734e-06	4.729615242e-06	-6
2.319615242e-06	4.719615242e-06	-6
2.319615242e-06	4.719615242e-06	0
2.309615242e-06	4.702294734e-06	0
2.299615242e-06	4.684974226e-06	0
2.289615242e-06	4.667653718e-06	0
2.279615242e-06	4.65033321e-06	0
2.269615242e-06	4.633012702e-06	0
2.269615242e-06	4.633012702e-06	6
2.269615242e-06	4.633012702e-06	6
2.269615242e-06	4.633012702e-06	6
2.269615242e-06	4.633012702e-06	6
2.269615242e-06	4.633012702e-06	6
2.269615242e-06	4.633012702e-06	6
2.269615242e-06	4.633012702e-06	6
2.269615242e-06	4.633012702e-06	6
2.269615242e-06	4.633012702e-06	6
2.269615242e-06	4.633012702e-06	6
2.269615242e-06	4.633012702e-06	6
2.252294734e-06	4.643012702e-06	6
2.234974226e-06	4.653012702e-06	6
2.217653718e-06	4.663012702e-06	6
2.20033321e-06	4.673012702e-06	6
2.183012702e-06	4.683012702e-06	6
2.165692194e-06	4.693012702e-06	6
2.148371686e-06	4.703012702e-06	6
2.131051178e-06	4.713012702e-06	6
2.11373067e-06	4.723012702e-06	6
2.096410162e-06	4.733012702e-06	6
2.079089653e-06	4.743012702e-06	6
2.061769145e-06	4.753012702e-06	6
2.044448637e-06	4.763012702e-06	6
2.027128129e-06	4.773012702e-06	6
2.009807621e-06	4.783012702e-06	6
1.992487113e-06	4.793012702e-06	6
1.975166605e-06	4.803012702e-06	6
1.957846097e-06	4.813012702e-06	6
1.940525589e-06	4.823012702e-06	6
1.923205081e-06	4.833012702e-06	6
1.905884573e-06	4.843012702e-06	6
1.888564065e-06	4.853012702e-06	6
1.871243557e-06	4.863012702e-06	6
1.853923048e-06	4.873012702e-06	6
1.83660254e-06	4.883012702e-06	6
1.819282032e-06	4.893012702e-06	6
1.801961524e-06	4.903012702e-06	6
1.784641016e-06	4.913012702e-06	6
1.767320508e-06	4.923012702e-06	6
1.75e-06	4.933012702e-06	6
1.732679492e-06	4.943012702e-06	6
1.715358984e-06	4.953012702e-06	6
1.698038476e-06	4.963012702e-06	6
1.680717968e-06	4.973012702e-06	6
1.66339746e-06	4.983012702e-06	6
1.646076952e-06	4.993012702e-06	6
1.628756443e-06	5.003012702e-06	6
1.611435935e-06	5.013012702e-06	6
1.594115427e-06	5.023012702e-06	6
1.576794919e-06	5.033012702e-06	6
1.559474411e-06	5.043012702e-06	6
1.542153903e-06	5.053012702e-06	6
1.524833395e-06	5.063012702e-06	6
1.507512887e-06	5.073012702e-06	6
1.490192379e-06	5.083012702e-06	6
1.472871871e-06	5.093012702e-06	6
1.455551363e-06	5.103012702e-06	6
1.438230855e-06	5.113012702e-06	6
1.420910347e-06	5.123012702e-06	6
1.403589838e-06	5.133012702e-06	6
1.38626933e-06	5.143012702e-06	6
1.368948822e-06	5.153012702e-06	6
1.351628314e-06	5.163012702e-06	6
1.334307806e-06	5.173012702e-06	6
1.316987298e-06	5.183012702e-06	6
1.29966679e-06	5.193012702e-06	6
1.282346282e-06	5.203012702e-06	6
1.265025774e-06	5.213012702e-06	6
1.247705266e-06	5.223012702e-06	6
1.230384758e-06	5.233012702e-06	6
1.230384758e-06	5.233012702e-06	-6
1.230384758e-06	5.233012702e-06	-6
1.230384758e-06	5.233012702e-06	-6
1.230384758e-06	5.233012702e-06	-6
1.230384758e-06	5.233012702e-06	-6
1.230384758e-06	5.233012702e-06	-6
1.230384758e-06	5.233012702e-06	-6
1.230384758e-06	5.233012702e-06	-6
1.230384758e-06	5.233012702e-06	-6
1.230384758e-06	5.233012702e-06	-6
1.230384758e-06	5.233012702e-06	-6
1.247705266e-06	5.223012702e-06	-6
1.265025774e-06	5.213012702e-06	-6
1.282346282e-06	5.203012702e-06	-6
1.29966679e-06	5.193012702e-06	-6
1.316987298e-06	5.183012702e-06	-6
1.334307806e-06	5.173012702e-06	-6
1.351628314e-06	5.163012702e-06	-6
1.368948822e-06	5.153012702e-06	-6
1.38626933e-06	5.143012702e-06	-6
1.403589838e-06	5.133012702e-06	-6
1.420910347e-06	5.123012702e-06	-6
1.438230855e-06	5.113012702e-06	-6
1.455551363e-06	5.103012702e-06	-6
1.472871871e-06	5.093012702e-06	-6
1.490192379e-06	5.083012702e-06	-6
1.507512887e-06	5.073012702e-06	-6
1.524833395e-06	5.063012702e-06	-6
1.542153903e-06	5.053012702e-06	-6
1.559474411e-06	5.043012702e-06	-6
1.576794919e-06	5.033012702e-06	-6
1.594115427e-06	5.023012702e-06	-6
1.611435935e-06	5.013012702e-06	-6
1.628756443e-06	5.003012702e-06	-6
1.646076952e-06	4.993012702e-06	-6
1.66339746e-06	4.983012702e-06	-6
1.680717968e-06	4.973012702e-06	-6
1.698038476e-06	4.963012702e-06	-6
1.715358984e-06	4.953012702e-06	-6
1.732679492e-06	4.943012702e-06	-6
1.75e-06	4.933012702e-06	-6
1.767320508e-06	4.923012702e-06	-6
1.784641016e-06	4.913012702e-06	-6
1.801961524e-06	4.903012702e-06	-6
1.819282032e-06	4.893012702e-06	-6
1.83660254e-06	4.883012702e-06	-6
1.853923048e-06	4.873012702e-06	-6
1.871243557e-06	4.863012702e-06	-6
1.888564065e-06	4.853012702e-06	-6
1.905884573e-06	4.843012702e-06	-6
1.923205081e-06	4.833012702e-06	-6
1.940525589e-06	4.823012702e-06	-6
1.957846097e-06	4.813012702e-06	-6
1.975166605e-06	4.803012702e-06	-6
1.992487113e-06	4.793012702e-06	-6
2.009807621e-06	4.783012702e-06	-6
2.027128129e-06	4.773012702e-06	-6
2.044448637e-06	4.763012702e-06	-6
2.061769145e-06	4.753012702e-06	-6
2.079089653e-06	4.743012702e-06	-6
2.096410162e-06	4.733012702e-06	-6
2.11373067e-06	4.723012702e-06	-6
2.131051178e-06	4.713012702e-06	-6
2.148371686e-06	4.703012702e-06	-6
2.165692194e-06	4.693012702e-06	-6
2.183012702e-06	4.683012702e-06	-6
2.20033321e-06	4.673012702e-06	-6
2.217653718e-06	4.663012702e-06	-6
2.234974226e-06	4.653012702e-06	-6
2.252294734e-06	4.643012702e-06	-6
2.269615242e-06	4.633012702e-06	-6
2.269615242e-06	4.633012702e-06	0
2.261281909e-06	4.618578945e-06	0
2.252948576e-06	4.604145188e-06	0
2.244615242e-06	4.589711432e-06	0
2.236281909e-06	4.575277675e-06	0
2.227948576e-06	4.560843918e-06	0
2.219615242e-06	4.546410162e-06	0
2.219615242e-06	4.546410162e-06	6
2.219615242e-06	4.546410162e-06	6
2.219615242e-06	4.546410162e-06	6
2.219615242e-06	4.546410162e-06	6
2.219615242e-06	4.546410162e-06	6
2.219615242e-06	4.546410162e-06	6
2.219615242e-06	4.546410162e-06	6
2.219615242e-06	4.546410162e-06	6
2.219615242e-06	4.546410162e-06	6
2.219615242e-06	4.546410162e-06	6
2.219615242e-06	4.546410162e-06	6
2.202294734e-06	4.556410162e-06	6
2.184974226e-06	4.566410162e-06	6
2.167653718e-06	4.576410162e-06	6
2.15033321e-06	4.586410162e-06	6
2.133012702e-06	4.596410162e-06	6
2.115692194e-06	4.606410162e-06	6
2.098371686e-06	4.616410162e-06	6
2.081051178e-06	4.626410162e-06	6
2.06373067e-06	4.636410162e-06	6
2.046410162e-06	4.646410162e-06	6
2.029089653e-06	4.656410162e-06	6
2.011769145e-06	4.666410162e-06	6
1.994448637e-06	4.676410162e-06	6
1.977128129e-06	4.686410162e-06	6
1.959807621e-06	4.696410162e-06	6
1.942487113e-06	4.706410162e-06	6
1.925166605e-06	4.716410162e-06	6
1.907846097e-06	4.726410162e-06	6
1.890525589e-06	4.736410162e-06	6
1.873205081e-06	4.746410162e-06	6
1.855884573e-06	4.756410162e-06	6
1.838564065e-06	4.766410162e-06	6
1.821243557e-06	4.776410162e-06	6
1.803923048e-06	4.786410162e-06	6
1.78660254e-06	4.796410162e-06	6
1.769282032e-06	4.806410162e-06	6
1.751961524e-06	4.816410162e-06	6
1.734641016e-06	4.826410162e-06	6
1.717320508e-06	4.836410162e-06	6
1.7e-06	4.846410162e-06	6
1.682679492e-06	4.856410162e-06	6
1.665358984e-06	4.866410162e-06	6
1.648038476e-06	4.876410162e-06	6
1.630717968e-06	4.886410162e-06	6
1.61339746e-06	4.896410162e-06	6
1.596076952e-06	4.906410162e-06	6
1.578756443e-06	4.916410162e-06	6
1.561435935e-06	4.926410162e-06	6
1.544115427e-06	4.936410162e-06	6
1.526794919e-06	4.946410162e-06	6
1.509474411e-06	4.956410162e-06	6
1.492153903e-06	4.966410162e-06	6
1.474833395e-06	4.976410162e-06	6
1.457512887e-06	4.986410162e-06	6
1.440192379e-06	4.996410162e-06	6
1.422871871e-06	5.006410162e-06	6
1.405551363e-06	5.016410162e-06	6
1.388230855e-06	5.026410162e-06	6
1.370910347e-06	5.036410162e-06	6
1.353589838e-06	5.046410162e-06	6
1.33626933e-06	5.056410162e-06	6
1.318948822e-06	5.066410162e-06	6
1.301628314e-06	5.076410162e-06	6
1.284307806e-06	5.086410162e-06	6
1.266987298e-06	5.096410162e-06	6
1.24966679e-06	5.106410162e-06	6
1.232346282e-06	5.116410162e-06	6
1.215025774e-06	5.126410162e-06	6
1.197705266e-06	5.136410162e-06	6
1.180384758e-06	5.146410162e-06	6
1.180384758e-06	5.146410162e-06	-6
1.180384758e-06	5.146410162e-06	-6
1.180384758e-06	5.146410162e-06	-6
1.180384758e-06	5.146410162e-06	-6
1.180384758e-06	5.146410162e-06	-6
1.180384758e-06	5.146410162e-06	-6
1.180384758e-06	5.146410162e-06	-6
1.180384758e-06	5.146410162e-06	-6
1.180384758e-06	5.146410162e-06	-6
1.180384758e-06	5.146410162e-06	-6
1.180384758e-06	5.146410162e-06	-6
1.197705266e-06	5.136410162e-06	-6
1.215025774e-06	5.126410162e-06	-6
1.232346282e-06	5.116410162e-06	-6
1.24966679e-06	5.106410162e-06	-6
1.266987298e-06	5.096410162e-06	-6
1.284307806e-06	5.086410162e-06	-6
1.301628314e-06	5.076410162e-06	-6
1.318948822e-06	5.066410162e-06	-6
1.33626933e-06	5.056410162e-06	-6
1.353589838e-06	5.046410162e-06	-6
1.370910347e-06	5.036410162e-06	-6
1.388230855e-06	5.026410162e-06	-6
1.405551363e-06	5.016410162e-06	-6
1.422871871e-06	5.006410162e-06	-6
1.440192379e-06	4.996410162e-06	-6
1.457512887e-06	4.986410162e-06	-6
1.474833395e-06	4.976410162e-06	-6
1.492153903e-06	4.966410162e-06	-6
1.509474411e-06	4.956410162e-06	-6
1.526794919e-06	4.946410162e-06	-6
1.544115427e-06	4.936410162e-06	-6
1.561435935e-06	4.926410162e-06	-6
1.578756443e-06	4.916410162e-06	-6
1.596076952e-06	4.906410162e-06	-6
1.61339746e-06	4.896410162e-06	-6
1.630717968e-06	4.886410162e-06	-6
1.648038476e-06	4.876410162e-06	-6
1.665358984e-06	4.866410162e-06	-6
1.682679492e-06	4.856410162e-06	-6
1.7e-06	4.846410162e-06	-6
1.717320508e-06	4.836410162e-06	-6
1.734641016e-06	4.826410162e-06	-6
1.751961524e-06	4.816410162e-06	-6
1.769282032e-06	4.806410162e-06	-6
1.78660254e-06	4.796410162e-06	-6
1.803923048e-06	4.786410162e-06	-6
1.821243557e-06	4.776410162e-06	-6
1.838564065e-06	4.766410162e-06	-6
1.855884573e-06	4.756410162e-06	-6
1.873205081e-06	4.746410162e-06	-6
1.890525589e-06	4.736410162e-06	-6
1.907846097e-06	4.726410162e-06	-6
1.925166605e-06	4.716410162e-06	-6
1.942487113e-06	4.706410162e-06	-6
1.959807621e-06	4.696410162e-06	-6
1.977128129e-06	4.686410162e-06	-6
1.994448637e-06	4.676410162e-06	-6
2.011769145e-06	4.666410162e-06	-6
2.029089653e-06	4.656410162e-06	-6
2.046410162e-06	4.646410162e-06	-6
2.06373067e-06	4.636410162e-06	-6
2.081051178e-06	4.626410162e-06	-6
2.098371686e-06	4.616410162e-06	-6
2.115692194e-06	4.606410162e-06	-6
2.133012702e-06	4.596410162e-06	-6
2.15033321e-06	4.586410162e-06	-6
2.167653718e-06	4.576410162e-06	-6
2.184974226e-06	4.566410162e-06	-6
2.202294734e-06	4.556410162e-06	-6
2.219615242e-06	4.546410162e-06	-6
2.219615242e-06	4.546410162e-06	0
2.209615242e-06	4.529089653e-06	0
2.199615242e-06	4.511769145e-06	0
2.189615242e-06	4.494448637e-06	0
2.179615242e-06	4.477128129e-06	0
2.169615242e-06	4.459807621e-06	0
2.169615242e-06	4.459807621e-06	6
2.169615242e-06	4.459807621e-06	6
2.169615242e-06	4.459807621e-06	6
2.169615242e-06	4.459807621e-06	6
2.169615242e-06	4.459807621e-06	6
2.169615242e-06	4.459807621e-06	6
2.169615242e-06	4.459807621e-06	6
2.169615242e-06	4.459807621e-06	6
2.169615242e-06	4.459807621e-06	6
2.169615242e-06	4.459807621e-06	6
2.169615242e-06	4.459807621e-06	6
2.152294734e-06	4.469807621e-06	6
2.134974226e-06	4.479807621e-06	6
2.117653718e-06	4.489807621e-06	6
2.10033321e-06	4.499807621e-06	6
2.083012702e-06	4.509807621e-06	6
2.065692194e-06	4.519807621e-06	6
2.048371686e-06	4.529807621e-06	6
2.031051178e-06	4.539807621e-06	6
2.01373067e-06	4.549807621e-06	6
1.996410162e-06	4.559807621e-06	6
1.979089653e-06	4.569807621e-06	6
1.961769145e-06	4.579807621e-06	6
1.944448637e-06	4.589807621e-06	6
1.927128129e-06	4.599807621e-06	6
1.909807621e-06	4.609807621e-06	6
1.892487113e-06	4.619807621e-06	6
1.875166605e-06	4.629807621e-06	6
1.857846097e-06	4.639807621e-06	6
1.840525589e-06	4.649807621e-06	6
1.823205081e-06	4.659807621e-06	6
1.805884573e-06	4.669807621e-06	6
1.788564065e-06	4.679807621e-06	6
1.771243557e-06	4.689807621e-06	6
1.753923048e-06	4.699807621e-06	6
1.73660254e-06	4.709807621e-06	6
1.719282032e-06	4.719807621e-06	6
1.701961524e-06	4.729807621e-06	6
1.684641016e-06	4.739807621e-06	6
1.667320508e-06	4.749807621e-06	6
1.65e-06	4.759807621e-06	6
1.632679492e-06	4.769807621e-06	6
1.615358984e-06	4.779807621e-06	6
1.598038476e-06	4.789807621e-06	6
1.580717968e-06	4.799807621e-06	6
1.56339746e-06	4.809807621e-06	6
1.546076952e-06	4.819807621e-06	6
1.528756443e-06	4.829807621e-06	6
1.511435935e-06	4.839807621e-06	6
1.494115427e-06	4.849807621e-06	6
1.476794919e-06	4.859807621e-06	6
1.459474411e-06	4.869807621e-06	6
1.442153903e-06	4.879807621e-06	6
1.424833395e-06	4.889807621e-06	6
1.407512887e-06	4.899807621e-06	6
1.390192379e-06	4.909807621e-06	6
1.372871871e-06	4.919807621e-06	6
1.355551363e-06	4.929807621e-06	6
1.338230855e-06	4.939807621e-06	6
1.320910347e-06	4.949807621e-06	6
1.303589838e-06	4.959807621e-06	6
1.28626933e-06	4.969807621e-06	6
1.268948822e-06	4.979807621e-06	6
1.251628314e-06	4.989807621e-06	6
1.234307806e-06	4.999807621e-06	6
1.216987298e-06	5.009807621e-06	6
1.19966679e-06	5.019807621e-06	6
1.182346282e-06	5.029807621e-06	6
1.165025774e-06	5.039807621e-06	6
1.147705266e-06	5.049807621e-06	6
1.130384758e-06	5.059807621e-06	6
1.130384758e-06	5.059807621e-06	-6
1.130384758e-06	5.059807621e-06	-6
1.130384758e-06	5.059807621e-06	-6
1.130384758e-06	5.059807621e-06	-6
1.130384758e-06	5.059807621e-06	-6
1.130384758e-06	5.059807621e-06	-6
1.130384758e-06	5.059807621e-06	-6
1.130384758e-06	5.059807621e-06	-6
1.130384758e-06	5.059807621e-06	-6
1.130384758e-06	5.059807621e-06	-6
1.130384758e-06	5.059807621e-06	-6
1.147705266e-06	5.049807621e-06	-6
1.165025774e-06	5.039807621e-06	-6
1.182346282e-06	5.029807621e-06	-6
1.19966679e-06	5.019807621e-06	-6
1.216987298e-06	5.009807621e-06	-6
1.234307806e-06	4.999807621e-06	-6
1.251628314e-06	4.989807621e-06	-6
1.268948822e-06	4.979807621e-06	-6
1.28626933e-06	4.969807621e-06	-6
1.303589838e-06	4.959807621e-06	-6
1.320910347e-06	4.949807621e-06	-6
1.338230855e-06	4.939807621e-06	-6
1.355551363e-06	4.929807621e-06	-6
1.372871871e-06	4.919807621e-06	-6
1.390192379e-06	4.909807621e-06	-6
1.407512887e-06	4.899807621e-06	-6
1.424833395e-06	4.889807621e-06	-6
1.442153903e-06	4.879807621e-06	-6
1.459474411e-06	4.869807621e-06	-6
1.476794919e-06	4.859807621e-06	-6
1.494115427e-06	4.849807621e-06	-6
1.511435935e-06	4.839807621e-06	-6
1.528756443e-06	4.829807621e-06	-6
1.546076952e-06	4.819807621e-06	-6
1.56339746e-06	4.809807621e-06	-6
1.580717968e-06	4.799807621e-06	-6
1.598038476e-06	4.789807621e-06	-6
1.615358984e-06	4.779807621e-06	-6
1.632679492e-06	4.769807621e-06	-6
1.65e-06	4.759807621e-06	-6
1.667320508e-06	4.749807621e-06	-6
1.684641016e-06	4.739807621e-06	-6
1.701961524e-06	4.729807621e-06	-6
1.719282032e-06	4.719807621e-06	-6
1.73660254e-06	4.709807621e-06	-6
1.753923048e-06	4.699807621e-06	-6
1.771243557e-06	4.689807621e-06	-6
1.788564065e-06	4.679807621e-06	-6
1.805884573e-06	4.669807621e-06	-6
1.823205081e-06	4.659807621e-06	-6
1.840525589e-06	4.649807621e-06	-6
1.857846097e-06	4.639807621e-06	-6
1.875166605e-06	4.629807621e-06	-6
1.892487113e-06	4.619807621e-06	-6
1.909807621e-06	4.609807621e-06	-6
1.927128129e-06	4.599807621e-06	-6
1.944448637e-06	4.589807621e-06	-6
1.961769145e-06	4.579807621e-06	-6
1.979089653e-06	4.569807621e-06	-6
1.996410162e-06	4.559807621e-06	-6
2.01373067e-06	4.549807621e-06	-6
2.031051178e-06	4.539807621e-06	-6
2.048371686e-06	4.529807621e-06	-6
2.065692194e-06	4.519807621e-06	-6
2.083012702e-06	4.509807621e-06	-6
2.10033321e-06	4.499807621e-06	-6
2.117653718e-06	4.489807621e-06	-6
2.134974226e-06	4.479807621e-06	-6
2.152294734e-06	4.469807621e-06	-6
2.169615242e-06	4.459807621e-06	-6
2.169615242e-06	4.459807621e-06	0
2.161281909e-06	4.445373864e-06	0
2.152948576e-06	4.430940108e-06	0
2.144615242e-06	4.416506351e-06	0
2.136281909e-06	4.402072594e-06	0
2.127948576e-06	4.387638837e-06	0
2.119615242e-06	4.373205081e-06	0
2.119615242e-06	4.373205081e-06	6
2.119615242e-06	4.373205081e-06	6
2.119615242e-06	4.373205081e-06	6
2.119615242e-06	4.373205081e-06	6
2.119615242e-06	4.373205081e-06	6
2.119615242e-06	4.373205081e-06	6
2.119615242e-06	4.373205081e-06	6
2.119615242e-06	4.373205081e-06	6
2.119615242e-06	4.373205081e-06	6
2.119615242e-06	4.373205081e-06	6
2.119615242e-06	4.373205081e-06	6
2.102294734e-06	4.383205081e-06	6
2.084974226e-06	4.393205081e-06	6
2.067653718e-06	4.403205081e-06	6
2.05033321e-06	4.413205081e-06	6
2.033012702e-06	4.423205081e-06	6
2.015692194e-06	4.433205081e-06	6
1.998371686e-06	4.443205081e-06	6
1.981051178e-06	4.453205081e-06	6
1.96373067e-06	4.463205081e-06	6
1.946410162e-06	4.473205081e-06	6
1.929089653e-06	4.483205081e-06	6
1.911769145e-06	4.493205081e-06	6
1.894448637e-06	4.503205081e-06	6
1.877128129e-06	4.513205081e-06	6
1.859807621e-06	4.523205081e-06	6
1.842487113e-06	4.533205081e-06	6
1.825166605e-06	4.543205081e-06	6
1.807846097e-06	4.553205081e-06	6
1.790525589e-06	4.563205081e-06	6
1.773205081e-06	4.573205081e-06	6
1.755884573e-06	4.583205081e-06	6
1.738564065e-06	4.593205081e-06	6
1.721243557e-06	4.603205081e-06	6
1.703923048e-06	4.613205081e-06	6
1.68660254e-06	4.623205081e-06	6
1.669282032e-06	4.633205081e-06	6
1.651961524e-06	4.643205081e-06	6
1.634641016e-06	4.653205081e-06	6
1.617320508e-06	4.663205081e-06	6
1.6e-06	4.673205081e-06	6
1.582679492e-06	4.683205081e-06	6
1.565358984e-06	4.693205081e-06	6
1.548038476e-06	4.703205081e-06	6
1.530717968e-06	4.713205081e-06	6
1.51339746e-06	4.723205081e-06	6
1.496076952e-06	4.733205081e-06	6
1.478756443e-06	4.743205081e-06	6
1.461435935e-06	4.753205081e-06	6
1.444115427e-06	4.763205081e-06	6
1.426794919e-06	4.773205081e-06	6
1.409474411e-06	4.783205081e-06	6
1.392153903e-06	4.793205081e-06	6
1.374833395e-06	4.803205081e-06	6
1.357512887e-06	4.813205081e-06	6
1.340192379e-06	4.823205081e-06	6
1.322871871e-06	4.833205081e-06	6
1.305551363e-06	4.843205081e-06	6
1.288230855e-06	4.853205081e-06	6
1.270910347e-06	4.863205081e-06	6
1.253589838e-06	4.873205081e-06	6
1.23626933e-06	4.883205081e-06	6
1.218948822e-06	4.893205081e-06	6
1.201628314e-06	4.903205081e-06	6
1.184307806e-06	4.913205081e-06	6
1.166987298e-06	4.923205081e-06	6
1.14966679e-06	4.933205081e-06	6
1.132346282e-06	4.943205081e-06	6
1.115025774e-06	4.953205081e-06	6
1.097705266e-06	4.963205081e-06	6
1.080384758e-06	4.973205081e-06	6
1.080384758e-06	4.973205081e-06	-6
1.080384758e-06	4.973205081e-06	-6
1.080384758e-06	4.973205081e-06	-6
1.080384758e-06	4.973205081e-06	-6
1.080384758e-06	4.973205081e-06	-6
1.080384758e-06	4.973205081e-06	-6
1.080384758e-06	4.973205081e-06	-6
1.080384758e-06	4.973205081e-06	-6
1.080384758e-06	4.973205081e-06	-6
1.080384758e-06	4.973205081e-06	-6
1.080384758e-06	4.973205081e-06	-6
1.097705266e-06	4.963205081e-06	-6
1.115025774e-06	4.953205081e-06	-6
1.132346282e-06	4.943205081e-06	-6
1.14966679e-06	4.933205081e-06	-6
1.166987298e-06	4.923205081e-06	-6
1.184307806e-06	4.913205081e-06	-6
1.201628314e-06	4.903205081e-06	-6
1.218948822e-06	4.893205081e-06	-6
1.23626933e-06	4.883205081e-06	-6
1.253589838e-06	4.873205081e-06	-6
1.270910347e-06	4.863205081e-06	-6
1.288230855e-06	4.853205081e-06	-6
1.305551363e-06	4.843205081e-06	-6
1.322871871e-06	4.833205081e-06	-6
1.340192379e-06	4.823205081e-06	-6
1.357512887e-06	4.813205081e-06	-6
1.374833395e-06	4.803205081e-06	-6
1.392153903e-06	4.793205081e-06	-6
1.409474411e-06	4.783205081e-06	-6
1.426794919e-06	4.773205081e-06	-6
1.444115427e-06	4.763205081e-06	-6
1.461435935e-06	4.753205081e-06	-6
1.478756443e-06	4.743205081e-06	-6
1.496076952e-06	4.733205081e-06	-6
1.51339746e-06	4.723205081e-06	-6
1.530717968e-06	4.713205081e-06	-6
1.548038476e-06	4.703205081e-06	-6
1.565358984e-06	4.693205081e-06	-6
1.582679492e-06	4.683205081e-06	-6
1.6e-06	4.673205081e-06	-6
1.617320508e-06	4.663205081e-06	-6
1.634641016e-06	4.653205081e-06	-6
1.651961524e-06	4.643205081e-06	-6
1.669282032e-06	4.633205081e-06	-6
1.68660254e-06	4.623205081e-06	-6
1.703923048e-06	4.613205081e-06	-6
1.721243557e-06	4.603205081e-06	-6
1.738564065e-06	4.593205081e-06	-6
1.755884573e-06	4.583205081e-06	-6
1.773205081e-06	4.573205081e-06	-6
1.790525589e-06	4.563205081e-06	-6
1.807846097e-06	4.553205081e-06	-6
1.825166605e-06	4.543205081e-06	-6
1.842487113e-06	4.533205081e-06	-6
1.859807621e-06	4.523205081e-06	-6
1.877128129e-06	4.513205081e-06	-6
1.894448637e-06	4.503205081e-06	-6
1.911769145e-06	4.493205081e-06	-6
1.929089653e-06	4.483205081e-06	-6
1.946410162e-06	4.473205081e-06	-6
1.96373067e-06	4.463205081e-06	-6
1.981051178e-06	4.453205081e-06	-6
1.998371686e-06	4.443205081e-06	-6
2.015692194e-06	4.433205081e-06	-6
2.033012702e-06	4.423205081e-06	-6
2.05033321e-06	4.413205081e-06	-6
2.067653718e-06	4.403205081e-06	-6
2.084974226e-06	4.393205081e-06	-6
2.102294734e-06	4.383205081e-06	-6
2.119615242e-06	4.373205081e-06	-6
2.119615242e-06	4.373205081e-06	0
2.109615242e-06	4.355884573e-06	0
2.099615242e-06	4.338564065e-06	0
2.089615242e-06	4.321243557e-06	0
2.079615242e-06	4.303923048e-06	0
2.069615242e-06	4.28660254e-06	0
2.069615242e-06	4.28660254e-06	6
2.069615242e-06	4.28660254e-06	6
2.069615242e-06	4.28660254e-06	6
2.069615242e-06	4.28660254e-06	6
2.069615242e-06	4.28660254e-06	6
2.069615242e-06	4.28660254e-06	6
2.069615242e-06	4.28660254e-06	6
2.069615242e-06	4.28660254e-06	6
2.069615242e-06	4.28660254e-06	6
2.069615242e-06	4.28660254e-06	6
2.069615242e-06	4.28660254e-06	6
2.052294734e-06	4.29660254e-06	6
2.034974226e-06	4.30660254e-06	6
2.017653718e-06	4.31660254e-06	6
2.00033321e-06	4.32660254e-06	6
1.983012702e-06	4.33660254e-06	6
1.965692194e-06	4.34660254e-06	6
1.948371686e-06	4.35660254e-06	6
1.931051178e-06	4.36660254e-06	6
1.91373067e-06	4.37660254e-06	6
1.896410162e-06	4.38660254e-06	6
1.879089653e-06	4.39660254e-06	6
1.861769145e-06	4.40660254e-06	6
1.844448637e-06	4.41660254e-06	6
1.827128129e-06	4.42660254e-06	6
1.809807621e-06	4.43660254e-06	6
1.792487113e-06	4.44660254e-06	6
1.775166605e-06	4.45660254e-06	6
1.757846097e-06	4.46660254e-06	6
1.740525589e-06	4.47660254e-06	6
1.723205081e-06	4.48660254e-06	6
1.705884573e-06	4.49660254e-06	6
1.688564065e-06	4.50660254e-06	6
1.671243557e-06	4.51660254e-06	6
1.653923048e-06	4.52660254e-06	6
1.63660254e-06	4.53660254e-06	6
1.619282032e-06	4.54660254e-06	6
1.601961524e-06	4.55660254e-06	6
1.584641016e-06	4.56660254e-06	6
1.567320508e-06	4.57660254e-06	6
1.55e-06	4.58660254e-06	6
1.532679492e-06	4.59660254e-06	6
1.515358984e-06	4.60660254e-06	6
1.498038476e-06	4.61660254e-06	6
1.480717968e-06	4.62660254e-06	6
1.46339746e-06	4.63660254e-06	6
1.446076952e-06	4.64660254e-06	6
1.428756443e-06	4.65660254e-06	6
1.411435935e-06	4.66660254e-06	6
1.394115427e-06	4.67660254e-06	6
1.376794919e-06	4.68660254e-06	6
1.359474411e-06	4.69660254e-06	6
1.342153903e-06	4.70660254e-06	6
1.324833395e-06	4.71660254e-06	6
1.307512887e-06	4.72660254e-06	6
1.290192379e-06	4.73660254e-06	6
1.272871871e-06	4.74660254e-06	6
1.255551363e-06	4.75660254e-06	6
1.238230855e-06	4.76660254e-06	6
1.220910347e-06	4.77660254e-06	6
1.203589838e-06	4.78660254e-06	6
1.18626933e-06	4.79660254e-06	6
1.168948822e-06	4.80660254e-06	6
1.151628314e-06	4.81660254e-06	6
1.134307806e-06	4.82660254e-06	6
1.116987298e-06	4.83660254e-06	6
1.09966679e-06	4.84660254e-06	6
1.082346282e-06	4.85660254e-06	6
1.065025774e-06	4.86660254e-06	6
1.047705266e-06	4.87660254e-06	6
1.030384758e-06	4.88660254e-06	6
1.030384758e-06	4.88660254e-06	-6
1.030384758e-06	4.88660254e-06	-6
1.030384758e-06	4.88660254e-06	-6
1.030384758e-06	4.88660254e-06	-6
1.030384758e-06	4.88660254e-06	-6
1.030384758e-06	4.88660254e-06	-6
1.030384758e-06	4.88660254e-06	-6
1.030384758e-06	4.88660254e-06	-6
1.030384758e-06	4.88660254e-06	-6
1.030384758e-06	4.88660254e-06	-6
1.030384758e-06	4.88660254e-06	-6
1.047705266e-06	4.87660254e-06	-6
1.065025774e-06	4.86660254e-06	-6
1.082346282e-06	4.85660254e-06	-6
1.09966679e-06	4.84660254e-06	-6
1.116987298e-06	4.83660254e-06	-6
1.134307806e-06	4.82660254e-06	-6
1.151628314e-06	4.81660254e-06	-6
1.168948822e-06	4.80660254e-06	-6
1.18626933e-06	4.79660254e-06	-6
1.203589838e-06	4.78660254e-06	-6
1.220910347e-06	4.77660254e-06	-6
1.238230855e-06	4.76660254e-06	-6
1.255551363e-06	4.75660254e-06	-6
1.272871871e-06	4.74660254e-06	-6
1.290192379e-06	4.73660254e-06	-6
1.307512887e-06	4.72660254e-06	-6
1.324833395e-06	4.71660254e-06	-6
1.342153903e-06	4.70660254e-06	-6
1.359474411e-06	4.69660254e-06	-6
1.376794919e-06	4.68660254e-06	-6
1.394115427e-06	4.67660254e-06	-6
1.411435935e-06	4.66660254e-06	-6
1.428756443e-06	4.65660254e-06	-6
1.446076952e-06	4.64660254e-06	-6
1.46339746e-06	4.63660254e-06	-6
1.480717968e-06	4.62660254e-06	-6
1.498038476e-06	4.61660254e-06	-6
1.515358984e-06	4.60660254e-06	-6
1.532679492e-06	4.59660254e-06	-6
1.55e-06	4.58660254e-06	-6
1.567320508e-06	4.57660254e-06	-6
1.584641016e-06	4.56660254e-06	-6
1.601961524e-06	4.55660254e-06	-6
1.619282032e-06	4.54660254e-06	-6
1.63660254e-06	4.53660254e-06	-6
1.653923048e-06	4.52660254e-06	-6
1.671243557e-06	4.51660254e-06	-6
1.688564065e-06	4.50660254e-06	-6
1.705884573e-06	4.49660254e-06	-6
1.723205081e-06	4.48660254e-06	-6
1.740525589e-06	4.47660254e-06	-6
1.757846097e-06	4.46660254e-06	-6
1.775166605e-06	4.45660254e-06	-6
1.792487113e-06	4.44660254e-06	-6
1.809807621e-06	4.43660254e-06	-6
1.827128129e-06	4.42660254e-06	-6
1.844448637e-06	4.41660254e-06	-6
1.861769145e-06	4.40660254e-06	-6
1.879089653e-06	4.39660254e-06	-6
1.896410162e-06	4.38660254e-06	-6
1.91373067e-06	4.37660254e-06	-6
1.931051178e-06	4.36660254e-06	-6
1.948371686e-06	4.35660254e-06	-6
1.965692194e-06	4.34660254e-06	-6
1.983012702e-06	4.33660254e-06	-6
2.00033321e-06	4.32660254e-06	-6
2.017653718e-06	4.31660254e-06	-6
2.034974226e-06	4.30660254e-06	-6
2.052294734e-06	4.29660254e-06	-6
2.069615242e-06	4.28660254e-06	-6
2.069615242e-06	4.28660254e-06	0
2.061281909e-06	4.272168784e-06	0
2.052948576e-06	4.257735027e-06	0
2.044615242e-06	4.24330127e-06	0
2.036281909e-06	4.228867513e-06	0
2.027948576e-06	4.214433757e-06	0
2.019615242e-06	4.2e-06	0
2.019615242e-06	4.2e-06	6
2.019615242e-06	4.2e-06	6
2.019615242e-06	4.2e-06	6
2.019615242e-06	4.2e-06	6
2.019615242e-06	4.2e-06	6
2.019615242e-06	4.2e-06	6
2.019615242e-06	4.2e-06	6
2.019615242e-06	4.2e-06	6
2.019615242e-06	4.2e-06	6
2.019615242e-06	4.2e-06	6
2.019615242e-06	4.2e-06	6
2.002294734e-06	4.21e-06	6
1.984974226e-06	4.22e-06	6
1.967653718e-06	4.23e-06	6
1.95033321e-06	4.24e-06	6
1.933012702e-06	4.25e-06	6
1.915692194e-06	4.26e-06	6
1.898371686e-06	4.27e-06	6
1.881051178e-06	4.28e-06	6
1.86373067e-06	4.29e-06	6
1.846410162e-06	4.3e-06	6
1.829089653e-06	4.31e-06	6
1.811769145e-06	4.32e-06	6
1.794448637e-06	4.33e-06	6
1.777128129e-06	4.34e-06	6
1.759807621e-06	4.35e-06	6
1.742487113e-06	4.36e-06	6
1.725166605e-06	4.37e-06	6
1.707846097e-06	4.38e-06	6
1.690525589e-06	4.39e-06	6
1.673205081e-06	4.4e-06	6
1.655884573e-06	4.41e-06	6
1.638564065e-06	4.42e-06	6
1.621243557e-06	4.43e-06	6
1.603923048e-06	4.44e-06	6
1.58660254e-06	4.45e-06	6
1.569282032e-06	4.46e-06	6
1.551961524e-06	4.47e-06	6
1.534641016e-06	4.48e-06	6
1.517320508e-06	4.49e-06	6
1.5e-06	4.5e-06	6
1.482679492e-06	4.51e-06	6
1.465358984e-06	4.52e-06	6
1.448038476e-06	4.53e-06	6
1.430717968e-06	4.54e-06	6
1.41339746e-06	4.55e-06	6
1.396076952e-06	4.56e-06	6
1.378756443e-06	4.57e-06	6
1.361435935e-06	4.58e-06	6
1.344115427e-06	4.59e-06	6
1.326794919e-06	4.6e-06	6
1.309474411e-06	4.61e-06	6
1.292153903e-06	4.62e-06	6
1.274833395e-06	4.63e-06	6
1.257512887e-06	4.64e-06	6
1.240192379e-06	4.65e-06	6
1.222871871e-06	4.66e-06	6
1.205551363e-06	4.67e-06	6
1.188230855e-06	4.68e-06	6
1.170910347e-06	4.69e-06	6
1.153589838e-06	4.7e-06	6
1.13626933e-06	4.71e-06	6
1.118948822e-06	4.72e-06	6
1.101628314e-06	4.73e-06	6
1.084307806e-06	4.74e-06	6
1.066987298e-06	4.75e-06	6
1.04966679e-06	4.76e-06	6
1.032346282e-06	4.77e-06	6
1.015025774e-06	4.78e-06	6
9.977052658e-07	4.79e-06	6
9.803847577e-07	4.8e-06	6
9.803847577e-07	4.8e-06	-6
9.803847577e-07	4.8e-06	-6
9.803847577e-07	4.8e-06	-6
9.803847577e-07	4.8e-06	-6
9.803847577e-07	4.8e-06	-6
9.803847577e-07	4.8e-06	-6
9.803847577e-07	4.8e-06	-6
9.803847577e-07	4.8e-06	-6
9.803847577e-07	4.8e-06	-6
9.803847577e-07	4.8e-06	-6
9.803847577e-07	4.8e-06	-6
9.977052658e-07	4.79e-06	-6
1.015025774e-06	4.78e-06	-6
1.032346282e-06	4.77e-06	-6
1.04966679e-06	4.76e-06	-6
1.066987298e-06	4.75e-06	-6
1.084307806e-06	4.74e-06	-6
1.101628314e-06	4.73e-06	-6
1.118948822e-06	4.72e-06	-6
1.13626933e-06	4.71e-06	-6
1.153589838e-06	4.7e-06	-6
1.170910347e-06	4.69e-06	-6
1.188230855e-06	4.68e-06	-6
1.205551363e-06	4.67e-06	-6
1.222871871e-06	4.66e-06	-6
1.240192379e-06	4.65e-06	-6
1.257512887e-06	4.64e-06	-6
1.274833395e-06	4.63e-06	-6
1.292153903e-06	4.62e-06	-6
1.309474411e-06	4.61e-06	-6
1.326794919e-06	4.6e-06	-6
1.344115427e-06	4.59e-06	-6
1.361435935e-06	4.58e-06	-6
1.378756443e-06	4.57e-06	-6
1.396076952e-06	4.56e-06	-6
1.41339746e-06	4.55e-06	-6
1.430717968e-06	4.54e-06	-6
1.448038476e-06	4.53e-06	-6
1.465358984e-06	4.52e-06	-6
1.482679492e-06	4.51e-06	-6
1.5e-06	4.5e-06	-6
1.517320508e-06	4.49e-06	-6
1.534641016e-06	4.48e-06	-6
1.551961524e-06	4.47e-06	-6
1.569282032e-06	4.46e-06	-6
1.58660254e-06	4.45e-06	-6
1.603923048e-06	4.44e-06	-6
1.621243557e-06	4.43e-06	-6
1.638564065e-06	4.42e-06	-6
1.655884573e-06	4.41e-06	-6
1.673205081e-06	4.4e-06	-6
1.690525589e-06	4.39e-06	-6
1.707846097e-06	4.38e-06	-6
1.725166605e-06	4.37e-06	-6
1.742487113e-06	4.36e-06	-6
1.759807621e-06	4.35e-06	-6
1.777128129e-06	4.34e-06	-6
1.794448637e-06	4.33e-06	-6
1.811769145e-06	4.32e-06	-6
1.829089653e-06	4.31e-06	-6
1.846410162e-06	4.3e-06	-6
1.86373067e-06	4.29e-06	-6
1.881051178e-06	4.28e-06	-6
1.898371686e-06	4.27e-06	-6
1.915692194e-06	4.26e-06	-6
1.933012702e-06	4.25e-06	-6
1.95033321e-06	4.24e-06	-6
1.967653718e-06	4.23e-06	-6
1.984974226e-06	4.22e-06	-6
2.002294734e-06	4.21e-06	-6
2.019615242e-06	4.2e-06	-6
2.019615242e-06	4.2e-06	0
2.011281909e-06	4.185566243e-06	0
2.002948576e-06	4.171132487e-06	0
1.994615242e-06	4.15669873e-06	0
1.986281909e-06	4.142264973e-06	0
1.977948576e-06	4.127831216e-06	0
1.969615242e-06	4.11339746e-06	0
1.969615242e-06	4.11339746e-06	6
1.969615242e-06	4.11339746e-06	6
1.969615242e-06	4.11339746e-06	6
1.969615242e-06	4.11339746e-06	6
1.969615242e-06	4.11339746e-06	6
1.969615242e-06	4.11339746e-06	6
1.969615242e-06	4.11339746e-06	6
1.969615242e-06	4.11339746e-06	6
1.969615242e-06	4.11339746e-06	6
1.969615242e-06	4.11339746e-06	6
1.969615242e-06	4.11339746e-06	6
1.952294734e-06	4.12339746e-06	6
1.934974226e-06	4.13339746e-06	6
1.917653718e-06	4.14339746e-06	6
1.90033321e-06	4.15339746e-06	6
1.883012702e-06	4.16339746e-06	6
1.865692194e-06	4.17339746e-06	6
1.848371686e-06	4.18339746e-06	6
1.831051178e-06	4.19339746e-06	6
1.81373067e-06	4.20339746e-06	6
1.796410162e-06	4.21339746e-06	6
1.779089653e-06	4.22339746e-06	6
1.761769145e-06	4.23339746e-06	6
1.744448637e-06	4.24339746e-06	6
1.727128129e-06	4.25339746e-06	6
1.709807621e-06	4.26339746e-06	6
1.692487113e-06	4.27339746e-06	6
1.675166605e-06	4.28339746e-06	6
1.657846097e-06	4.29339746e-06	6
1.640525589e-06	4.30339746e-06	6
1.623205081e-06	4.31339746e-06	6
1.605884573e-06	4.32339746e-06	6
1.588564065e-06	4.33339746e-06	6
1.571243557e-06	4.34339746e-06	6
1.553923048e-06	4.35339746e-06	6
1.53660254e-06	4.36339746e-06	6
1.519282032e-06	4.37339746e-06	6
1.501961524e-06	4.38339746e-06	6
1.484641016e-06	4.39339746e-06	6
1.467320508e-06	4.40339746e-06	6
1.45e-06	4.41339746e-06	6
1.432679492e-06	4.42339746e-06	6
1.415358984e-06	4.43339746e-06	6
1.398038476e-06	4.44339746e-06	6
1.380717968e-06	4.45339746e-06	6
1.36339746e-06	4.46339746e-06	6
1.346076952e-06	4.47339746e-06	6
1.328756443e-06	4.48339746e-06	6
1.311435935e-06	4.49339746e-06	6
1.294115427e-06	4.50339746e-06	6
1.276794919e-06	4.51339746e-06	6
1.259474411e-06	4.52339746e-06	6
1.242153903e-06	4.53339746e-06	6
1.224833395e-06	4.54339746e-06	6
1.207512887e-06	4.55339746e-06	6
1.190192379e-06	4.56339746e-06	6
1.172871871e-06	4.57339746e-06	6
1.155551363e-06	4.58339746e-06	6
1.138230855e-06	4.59339746e-06	6
1.120910347e-06	4.60339746e-06	6
1.103589838e-06	4.61339746e-06	6
1.08626933e-06	4.62339746e-06	6
1.068948822e-06	4.63339746e-06	6
1.051628314e-06	4.64339746e-06	6
1.034307806e-06	4.65339746e-06	6
1.016987298e-06	4.66339746e-06	6
9.9966679e-07	4.67339746e-06	6
9.82346282e-07	4.68339746e-06	6
9.650257739e-07	4.69339746e-06	6
9.477052658e-07	4.70339746e-06	6
9.303847577e-07	4.71339746e-06	6
9.303847577e-07	4.71339746e-06	-6
9.303847577e-07	4.71339746e-06	-6
9.303847577e-07	4.71339746e-06	-6
9.303847577e-07	4.71339746e-06	-6
9.303847577e-07	4.71339746e-06	-6
9.303847577e-07	4.71339746e-06	-6
9.303847577e-07	4.71339746e-06	-6
9.303847577e-07	4.71339746e-06	-6
9.303847577e-07	4.71339746e-06	-6
9.303847577e-07	4.71339746e-06	-6
9.303847577e-07	4.71339746e-06	-6
9.477052658e-07	4.70339746e-06	-6
9.650257739e-07	4.69339746e-06	-6
9.82346282e-07	4.68339746e-06	-6
9.9966679e-07	4.67339746e-06	-6
1.016987298e-06	4.66339746e-06	-6
1.034307806e-06	4.65339746e-06	-6
1.051628314e-06	4.64339746e-06	-6
1.068948822e-06	4.63339746e-06	-6
1.08626933e-06	4.62339746e-06	-6
1.103589838e-06	4.61339746e-06	-6
1.120910347e-06	4.60339746e-06	-6
1.138230855e-06	4.59339746e-06	-6
1.155551363e-06	4.58339746e-06	-6
1.172871871e-06	4.57339746e-06	-6
1.190192379e-06	4.56339746e-06	-6
1.207512887e-06	4.55339746e-06	-6
1.224833395e-06	4.54339746e-06	-6
1.242153903e-06	4.53339746e-06	-6
1.259474411e-06	4.52339746e-06	-6
1.276794919e-06	4.51339746e-06	-6
1.294115427e-06	4.50339746e-06	-6
1.311435935e-06	4.49339746e-06	-6
1.328756443e-06	4.48339746e-06	-6
1.346076952e-06	4.47339746e-06	-6
1.36339746e-06	4.46339746e-06	-6
1.380717968e-06	4.45339746e-06	-6
1.398038476e-06	4.44339746e-06	-6
1.415358984e-06	4.43339746e-06	-6
1.432679492e-06	4.42339746e-06	-6
1.45e-06	4.41339746e-06	-6
1.467320508e-06	4.40339746e-06	-6
1.484641016e-06	4.39339746e-06	-6
1.501961524e-06	4.38339746e-06	-6
1.519282032e-06	4.37339746e-06	-6
1.53660254e-06	4.36339746e-06	-6
1.553923048e-06	4.35339746e-06	-6
1.571243557e-06	4.34339746e-06	-6
1.588564065e-06	4.33339746e-06	-6
1.605884573e-06	4.32339746e-06	-6
1.623205081e-06	4.31339746e-06	-6
1.640525589e-06	4.30339746e-06	-6
1.657846097e-06	4.29339746e-06	-6
1.675166605e-06	4.28339746e-06	-6
1.692487113e-06	4.27339746e-06	-6
1.709807621e-06	4.26339746e-06	-6
1.727128129e-06	4.25339746e-06	-6
1.744448637e-06	4.24339746e-06	-6
1.761769145e-06	4.23339746e-06	-6
1.779089653e-06	4.22339746e-06	-6
1.796410162e-06	4.21339746e-06	-6
1.81373067e-06	4.20339746e-06	-6
1.831051178e-06	4.19339746e-06	-6
1.848371686e-06	4.18339746e-06	-6
1.865692194e-06	4.17339746e-06	-6
1.883012702e-06	4.16339746e-06	-6
1.90033321e-06	4.15339746e-06	-6
1.917653718e-06	4.14339746e-06	-6
1.934974226e-06	4.13339746e-06	-6
1.952294734e-06	4.12339746e-06	-6
1.969615242e-06	4.11339746e-06	-6
1.969615242e-06	4.11339746e-06	0
1.959615242e-06	4.096076952e-06	0
1.949615242e-06	4.078756443e-06	0
1.939615242e-06	4.061435935e-06	0
1.929615242e-06	4.044115427e-06	0
1.919615242e-06	4.026794919e-06	0
1.919615242e-06	4.026794919e-06	6
1.919615242e-06	4.026794919e-06	6
1.919615242e-06	4.026794919e-06	6
1.919615242e-06	4.026794919e-06	6
1.919615242e-06	4.026794919e-06	6
1.919615242e-06	4.026794919e-06	6
1.919615242e-06	4.026794919e-06	6
1.919615242e-06	4.026794919e-06	6
1.919615242e-06	4.026794919e-06	6
1.919615242e-06	4.026794919e-06	6
1.919615242e-06	4.026794919e-06	6
1.902294734e-06	4.036794919e-06	6
1.884974226e-06	4.046794919e-06	6
1.867653718e-06	4.056794919e-06	6
1.85033321e-06	4.066794919e-06	6
1.833012702e-06	4.076794919e-06	6
1.815692194e-06	4.086794919e-06	6
1.798371686e-06	4.096794919e-06	6
1.781051178e-06	4.106794919e-06	6
1.76373067e-06	4.116794919e-06	6
1.746410162e-06	4.126794919e-06	6
1.729089653e-06	4.136794919e-06	6
1.711769145e-06	4.146794919e-06	6
1.694448637e-06	4.156794919e-06	6
1.677128129e-06	4.166794919e-06	6
1.659807621e-06	4.176794919e-06	6
1.642487113e-06	4.186794919e-06	6
1.625166605e-06	4.196794919e-06	6
1.607846097e-06	4.206794919e-06	6
1.590525589e-06	4.216794919e-06	6
1.573205081e-06	4.226794919e-06	6
1.555884573e-06	4.236794919e-06	6
1.538564065e-06	4.246794919e-06	6
1.521243557e-06	4.256794919e-06	6
1.503923048e-06	4.266794919e-06	6
1.48660254e-06	4.276794919e-06	6
1.469282032e-06	4.286794919e-06	6
1.451961524e-06	4.296794919e-06	6
1.434641016e-06	4.306794919e-06	6
1.417320508e-06	4.316794919e-06	6
1.4e-06	4.326794919e-06	6
1.382679492e-06	4.336794919e-06	6
1.365358984e-06	4.346794919e-06	6
1.348038476e-06	4.356794919e-06	6
1.330717968e-06	4.366794919e-06	6
1.31339746e-06	4.376794919e-06	6
1.296076952e-06	4.386794919e-06	6
1.278756443e-06	4.396794919e-06	6
1.261435935e-06	4.406794919e-06	6
1.244115427e-06	4.416794919e-06	6
1.226794919e-06	4.426794919e-06	6
1.209474411e-06	4.436794919e-06	6
1.192153903e-06	4.446794919e-06	6
1.174833395e-06	4.456794919e-06	6
1.157512887e-06	4.466794919e-06	6
1.140192379e-06	4.476794919e-06	6
1.122871871e-06	4.486794919e-06	6
1.105551363e-06	4.496794919e-06	6
1.088230855e-06	4.506794919e-06	6
1.070910347e-06	4.516794919e-06	6
1.053589838e-06	4.526794919e-06	6
1.03626933e-06	4.536794919e-06	6
1.018948822e-06	4.546794919e-06	6
1.001628314e-06	4.556794919e-06	6
9.843078062e-07	4.566794919e-06	6
9.669872981e-07	4.576794919e-06	6
9.4966679e-07	4.586794919e-06	6
9.32346282e-07	4.596794919e-06	6
9.150257739e-07	4.606794919e-06	6
8.977052658e-07	4.616794919e-06	6
8.803847577e-07	4.626794919e-06	6
8.803847577e-07	4.626794919e-06	-6
8.803847577e-07	4.626794919e-06	-6
8.803847577e-07	4.626794919e-06	-6
8.803847577e-07	4.626794919e-06	-6
8.803847577e-07	4.626794919e-06	-6
8.803847577e-07	4.626794919e-06	-6
8.803847577e-07	4.626794919e-06	-6
8.803847577e-07	4.626794919e-06	-6
8.803847577e-07	4.626794919e-06	-6
8.803847577e-07	4.626794919e-06	-6
8.803847577e-07	4.626794919e-06	-6
8.977052658e-07	4.616794919e-06	-6
9.150257739e-07	4.606794919e-06	-6
9.32346282e-07	4.596794919e-06	-6
9.4966679e-07	4.586794919e-06	-6
9.669872981e-07	4.576794919e-06	-6
9.843078062e-07	4.566794919e-06	-6
1.001628314e-06	4.556794919e-06	-6
1.018948822e-06	4.546794919e-06	-6
1.03626933e-06	4.536794919e-06	-6
1.053589838e-06	4.526794919e-06	-6
1.070910347e-06	4.516794919e-06	-6
1.088230855e-06	4.506794919e-06	-6
1.105551363e-06	4.496794919e-06	-6
1.122871871e-06	4.486794919e-06	-6
1.140192379e-06	4.476794919e-06	-6
1.157512887e-06	4.466794919e-06	-6
1.174833395e-06	4.456794919e-06	-6
1.192153903e-06	4.446794919e-06	-6
1.209474411e-06	4.436794919e-06	-6
1.226794919e-06	4.426794919e-06	-6
1.244115427e-06	4.416794919e-06	-6
1.261435935e-06	4.406794919e-06	-6
1.278756443e-06	4.396794919e-06	-6
1.296076952e-06	4.386794919e-06	-6
1.31339746e-06	4.376794919e-06	-6
1.330717968e-06	4.366794919e-06	-6
1.348038476e-06	4.356794919e-06	-6
1.365358984e-06	4.346794919e-06	-6
1.382679492e-06	4.336794919e-06	-6
1.4e-06	4.326794919e-06	-6
1.417320508e-06	4.316794919e-06	-6
1.434641016e-06	4.306794919e-06	-6
1.451961524e-06	4.296794919e-06	-6
1.469282032e-06	4.286794919e-06	-6
1.48660254e-06	4.276794919e-06	-6
1.503923048e-06	4.266794919e-06	-6
1.521243557e-06	4.256794919e-06	-6
1.538564065e-06	4.246794919e-06	-6
1.555884573e-06	4.236794919e-06	-6
1.573205081e-06	4.226794919e-06	-6
1.590525589e-06	4.216794919e-06	-6
1.607846097e-06	4.206794919e-06	-6
1.625166605e-06	4.196794919e-06	-6
1.642487113e-06	4.186794919e-06	-6
1.659807621e-06	4.176794919e-06	-6
1.677128129e-06	4.166794919e-06	-6
1.694448637e-06	4.156794919e-06	-6
1.711769145e-06	4.146794919e-06	-6
1.729089653e-06	4.136794919e-06	-6
1.746410162e-06	4.126794919e-06	-6
1.76373067e-06	4.116794919e-06	-6
1.781051178e-06	4.106794919e-06	-6
1.798371686e-06	4.096794919e-06	-6
1.815692194e-06	4.086794919e-06	-6
1.833012702e-06	4.076794919e-06	-6
1.85033321e-06	4.066794919e-06	-6
1.867653718e-06	4.056794919e-06	-6
1.884974226e-06	4.046794919e-06	-6
1.902294734e-06	4.036794919e-06	-6
1.919615242e-06	4.026794919e-06	-6
1.919615242e-06	4.026794919e-06	0
1.909615242e-06	4.009474411e-06	0
1.899615242e-06	3.992153903e-06	0
1.889615242e-06	3.974833395e-06	0
1.879615242e-06	3.957512887e-06	0
1.869615242e-06	3.940192379e-06	0
1.869615242e-06	3.940192379e-06	6
1.869615242e-06	3.940192379e-06	6
1.869615242e-06	3.940192379e-06	6
1.869615242e-06	3.940192379e-06	6
1.869615242e-06	3.940192379e-06	6
1.869615242e-06	3.940192379e-06	6
1.869615242e-06	3.940192379e-06	6
1.869615242e-06	3.940192379e-06	6
1.869615242e-06	3.940192379e-06	6
1.869615242e-06	3.940192379e-06	6
1.869615242e-06	3.940192379e-06	6
1.852294734e-06	3.950192379e-06	6
1.834974226e-06	3.960192379e-06	6
1.817653718e-06	3.970192379e-06	6
1.80033321e-06	3.980192379e-06	6
1.783012702e-06	3.990192379e-06	6
1.765692194e-06	4.000192379e-06	6
1.748371686e-06	4.010192379e-06	6
1.731051178e-06	4.020192379e-06	6
1.71373067e-06	4.030192379e-06	6
1.696410162e-06	4.040192379e-06	6
1.679089653e-06	4.050192379e-06	6
1.661769145e-06	4.060192379e-06	6
1.644448637e-06	4.070192379e-06	6
1.627128129e-06	4.080192379e-06	6
1.609807621e-06	4.090192379e-06	6
1.592487113e-06	4.100192379e-06	6
1.575166605e-06	4.110192379e-06	6
1.557846097e-06	4.120192379e-06	6
1.540525589e-06	4.130192379e-06	6
1.523205081e-06	4.140192379e-06	6
1.505884573e-06	4.150192379e-06	6
1.488564065e-06	4.160192379e-06	6
1.471243557e-06	4.170192379e-06	6
1.453923048e-06	4.180192379e-06	6
1.43660254e-06	4.190192379e-06	6
1.419282032e-06	4.200192379e-06	6
1.401961524e-06	4.210192379e-06	6
1.384641016e-06	4.220192379e-06	6
1.367320508e-06	4.230192379e-06	6
1.35e-06	4.240192379e-06	6
1.332679492e-06	4.250192379e-06	6
1.315358984e-06	4.260192379e-06	6
1.298038476e-06	4.270192379e-06	6
1.280717968e-06	4.280192379e-06	6
1.26339746e-06	4.290192379e-06	6
1.246076952e-06	4.300192379e-06	6
1.228756443e-06	4.310192379e-06	6
1.211435935e-06	4.320192379e-06	6
1.194115427e-06	4.330192379e-06	6
1.176794919e-06	4.340192379e-06	6
1.159474411e-06	4.350192379e-06	6
1.142153903e-06	4.360192379e-06	6
1.124833395e-06	4.370192379e-06	6
1.107512887e-06	4.380192379e-06	6
1.090192379e-06	4.390192379e-06	6
1.072871871e-06	4.400192379e-06	6
1.055551363e-06	4.410192379e-06	6
1.038230855e-06	4.420192379e-06	6
1.020910347e-06	4.430192379e-06	6
1.003589838e-06	4.440192379e-06	6
9.862693304e-07	4.450192379e-06	6
9.689488223e-07	4.460192379e-06	6
9.516283143e-07	4.470192379e-06	6
9.343078062e-07	4.480192379e-06	6
9.169872981e-07	4.490192379e-06	6
8.9966679e-07	4.500192379e-06	6
8.82346282e-07	4.510192379e-06	6
8.650257739e-07	4.520192379e-06	6
8.477052658e-07	4.530192379e-06	6
8.303847577e-07	4.540192379e-06	6
8.303847577e-07	4.540192379e-06	-6
8.303847577e-07	4.540192379e-06	-6
8.303847577e-07	4.540192379e-06	-6
8.303847577e-07	4.540192379e-06	-6
8.303847577e-07	4.540192379e-06	-6
8.303847577e-07	4.540192379e-06	-6
8.303847577e-07	4.540192379e-06	-6
8.303847577e-07	4.540192379e-06	-6
8.303847577e-07	4.540192379e-06	-6
8.303847577e-07	4.540192379e-06	-6
8.303847577e-07	4.540192379e-06	-6
8.477052658e-07	4.530192379e-06	-6
8.650257739e-07	4.520192379e-06	-6
8.82346282e-07	4.510192379e-06	-6
8.9966679e-07	4.500192379e-06	-6
9.169872981e-07	4.490192379e-06	-6
9.343078062e-07	4.480192379e-06	-6
9.516283143e-07	4.470192379e-06	-6
9.689488223e-07	4.460192379e-06	-6
9.862693304e-07	4.450192379e-06	-6
1.003589838e-06	4.440192379e-06	-6
1.020910347e-06	4.430192379e-06	-6
1.038230855e-06	4.420192379e-06	-6
1.055551363e-06	4.410192379e-06	-6
1.072871871e-06	4.400192379e-06	-6
1.090192379e-06	4.390192379e-06	-6
1.107512887e-06	4.380192379e-06	-6
1.124833395e-06	4.370192379e-06	-6
1.142153903e-06	4.360192379e-06	-6
1.159474411e-06	4.350192379e-06	-6
1.176794919e-06	4.340192379e-06	-6
1.194115427e-06	4.330192379e-06	-6
1.211435935e-06	4.320192379e-06	-6
1.228756443e-06	4.310192379e-06	-6
1.246076952e-06	4.300192379e-06	-6
1.26339746e-06	4.290192379e-06	-6
1.280717968e-06	4.280192379e-06	-6
1.298038476e-06	4.270192379e-06	-6
1.315358984e-06	4.260192379e-06	-6
1.332679492e-06	4.250192379e-06	-6
1.35e-06	4.240192379e-06	-6
1.367320508e-06	4.230192379e-06	-6
1.384641016e-06	4.220192379e-06	-6
1.401961524e-06	4.210192379e-06	-6
1.419282032e-06	4.200192379e-06	-6
1.43660254e-06	4.190192379e-06	-6
1.453923048e-06	4.180192379e-06	-6
1.471243557e-06	4.170192379e-06	-6
1.488564065e-06	4.160192379e-06	-6
1.505884573e-06	4.150192379e-06	-6
1.523205081e-06	4.140192379e-06	-6
1.540525589e-06	4.130192379e-06	-6
1.557846097e-06	4.120192379e-06	-6
1.575166605e-06	4.110192379e-06	-6
1.592487113e-06	4.100192379e-06	-6
1.609807621e-06	4.090192379e-06	-6
1.627128129e-06	4.080192379e-06	-6
1.644448637e-06	4.070192379e-06	-6
1.661769145e-06	4.060192379e-06	-6
1.679089653e-06	4.050192379e-06	-6
1.696410162e-06	4.040192379e-06	-6
1.71373067e-06	4.030192379e-06	-6
1.731051178e-06	4.020192379e-06	-6
1.748371686e-06	4.010192379e-06	-6
1.765692194e-06	4.000192379e-06	-6
1.783012702e-06	3.990192379e-06	-6
1.80033321e-06	3.980192379e-06	-6
1.817653718e-06	3.970192379e-06	-6
1.834974226e-06	3.960192379e-06	-6
1.852294734e-06	3.950192379e-06	-6
1.869615242e-06	3.940192379e-06	-6
1.869615242e-06	3.940192379e-06	0
1.859615242e-06	3.922871871e-06	0
1.849615242e-06	3.905551363e-06	0
1.839615242e-06	3.888230855e-06	0
1.829615242e-06	3.870910347e-06	0
1.819615242e-06	3.853589838e-06	0
1.819615242e-06	3.853589838e-06	6
1.819615242e-06	3.853589838e-06	6
1.819615242e-06	3.853589838e-06	6
1.819615242e-06	3.853589838e-06	6
1.819615242e-06	3.853589838e-06	6
1.819615242e-06	3.853589838e-06	6
1.819615242e-06	3.853589838e-06	6
1.819615242e-06	3.853589838e-06	6
1.819615242e-06	3.853589838e-06	6
1.819615242e-06	3.853589838e-06	6
1.819615242e-06	3.853589838e-06	6
1.802294734e-06	3.863589838e-06	6
1.784974226e-06	3.873589838e-06	6
1.767653718e-06	3.883589838e-06	6
1.75033321e-06	3.893589838e-06	6
1.733012702e-06	3.903589838e-06	6
1.715692194e-06	3.913589838e-06	6
1.698371686e-06	3.923589838e-06	6
1.681051178e-06	3.933589838e-06	6
1.66373067e-06	3.943589838e-06	6
1.646410162e-06	3.953589838e-06	6
1.629089653e-06	3.963589838e-06	6
1.611769145e-06	3.973589838e-06	6
1.594448637e-06	3.983589838e-06	6
1.577128129e-06	3.993589838e-06	6
1.559807621e-06	4.003589838e-06	6
1.542487113e-06	4.013589838e-06	6
1.525166605e-06	4.023589838e-06	6
1.507846097e-06	4.033589838e-06	6
1.490525589e-06	4.043589838e-06	6
1.473205081e-06	4.053589838e-06	6
1.455884573e-06	4.063589838e-06	6
1.438564065e-06	4.073589838e-06	6
1.421243557e-06	4.083589838e-06	6
1.403923048e-06	4.093589838e-06	6
1.38660254e-06	4.103589838e-06	6
1.369282032e-06	4.113589838e-06	6
1.351961524e-06	4.123589838e-06	6
1.334641016e-06	4.133589838e-06	6
1.317320508e-06	4.143589838e-06	6
1.3e-06	4.153589838e-06	6
1.282679492e-06	4.163589838e-06	6
1.265358984e-06	4.173589838e-06	6
1.248038476e-06	4.183589838e-06	6
1.230717968e-06	4.193589838e-06	6
1.21339746e-06	4.203589838e-06	6
1.196076952e-06	4.213589838e-06	6
1.178756443e-06	4.223589838e-06	6
1.161435935e-06	4.233589838e-06	6
1.144115427e-06	4.243589838e-06	6
1.126794919e-06	4.253589838e-06	6
1.109474411e-06	4.263589838e-06	6
1.092153903e-06	4.273589838e-06	6
1.074833395e-06	4.283589838e-06	6
1.057512887e-06	4.293589838e-06	6
1.040192379e-06	4.303589838e-06	6
1.022871871e-06	4.313589838e-06	6
1.005551363e-06	4.323589838e-06	6
9.882308546e-07	4.333589838e-06	6
9.709103466e-07	4.343589838e-06	6
9.535898385e-07	4.353589838e-06	6
9.362693304e-07	4.363589838e-06	6
9.189488223e-07	4.373589838e-06	6
9.016283143e-07	4.383589838e-06	6
8.843078062e-07	4.393589838e-06	6
8.669872981e-07	4.403589838e-06	6
8.4966679e-07	4.413589838e-06	6
8.32346282e-07	4.423589838e-06	6
8.150257739e-07	4.433589838e-06	6
7.977052658e-07	4.443589838e-06	6
7.803847577e-07	4.453589838e-06	6
7.803847577e-07	4.453589838e-06	-6
7.803847577e-07	4.453589838e-06	-6
7.803847577e-07	4.453589838e-06	-6
7.803847577e-07	4.453589838e-06	-6
7.803847577e-07	4.453589838e-06	-6
7.803847577e-07	4.453589838e-06	-6
7.803847577e-07	4.453589838e-06	-6
7.803847577e-07	4.453589838e-06	-6
7.803847577e-07	4.453589838e-06	-6
7.803847577e-07	4.453589838e-06	-6
7.803847577e-07	4.453589838e-06	-6
7.977052658e-07	4.443589838e-06	-6
8.150257739e-07	4.433589838e-06	-6
8.32346282e-07	4.423589838e-06	-6
8.4966679e-07	4.413589838e-06	-6
8.669872981e-07	4.403589838e-06	-6
8.843078062e-07	4.393589838e-06	-6
9.016283143e-07	4.383589838e-06	-6
9.189488223e-07	4.373589838e-06	-6
9.362693304e-07	4.363589838e-06	-6
9.535898385e-07	4.353589838e-06	-6
9.709103466e-07	4.343589838e-06	-6
9.882308546e-07	4.333589838e-06	-6
1.005551363e-06	4.323589838e-06	-6
1.022871871e-06	4.313589838e-06	-6
1.040192379e-06	4.303589838e-06	-6
1.057512887e-06	4.293589838e-06	-6
1.074833395e-06	4.283589838e-06	-6
1.092153903e-06	4.273589838e-06	-6
1.109474411e-06	4.263589838e-06	-6
1.126794919e-06	4.253589838e-06	-6
1.144115427e-06	4.243589838e-06	-6
1.161435935e-06	4.233589838e-06	-6
1.178756443e-06	4.223589838e-06	-6
1.196076952e-06	4.213589838e-06	-6
1.21339746e-06	4.203589838e-06	-6
1.230717968e-06	4.193589838e-06	-6
1.248038476e-06	4.183589838e-06	-6
1.265358984e-06	4.173589838e-06	-6
1.282679492e-06	4.163589838e-06	-6
1.3e-06	4.153589838e-06	-6
1.317320508e-06	4.143589838e-06	-6
1.334641016e-06	4.133589838e-06	-6
1.351961524e-06	4.123589838e-06	-6
1.369282032e-06	4.113589838e-06	-6
1.38660254e-06	4.103589838e-06	-6
1.403923048e-06	4.093589838e-06	-6
1.421243557e-06	4.083589838e-06	-6
1.438564065e-06	4.073589838e-06	-6
1.455884573e-06	4.063589838e-06	-6
1.473205081e-06	4.053589838e-06	-6
1.490525589e-06	4.043589838e-06	-6
1.507846097e-06	4.033589838e-06	-6
1.525166605e-06	4.023589838e-06	-6
1.542487113e-06	4.013589838e-06	-6
1.559807621e-06	4.003589838e-06	-6
1.577128129e-06	3.993589838e-06	-6
1.594448637e-06	3.983589838e-06	-6
1.611769145e-06	3.973589838e-06	-6
1.629089653e-06	3.963589838e-06	-6
1.646410162e-06	3.953589838e-06	-6
1.66373067e-06	3.943589838e-06	-6
1.681051178e-06	3.933589838e-06	-6
1.698371686e-06	3.923589838e-06	-6
1.715692194e-06	3.913589838e-06	-6
1.733012702e-06	3.903589838e-06	-6
1.75033321e-06	3.893589838e-06	-6
1.767653718e-06	3.883589838e-06	-6
1.784974226e-06	3.873589838e-06	-6
1.802294734e-06	3.863589838e-06	-6
1.819615242e-06	3.853589838e-06	-6
1.819615242e-06	3.853589838e-06	0
1.809615242e-06	3.83626933e-06	0
1.799615242e-06	3.818948822e-06	0
1.789615242e-06	3.801628314e-06	0
1.779615242e-06	3.784307806e-06	0
1.769615242e-06	3.766987298e-06	0
1.769615242e-06	3.766987298e-06	6
1.769615242e-06	3.766987298e-06	6
1.769615242e-06	3.766987298e-06	6
1.769615242e-06	3.766987298e-06	6
1.769615242e-06	3.766987298e-06	6
1.769615242e-06	3.766987298e-06	6
1.769615242e-06	3.766987298e-06	6
1.769615242e-06	3.766987298e-06	6
1.769615242e-06	3.766987298e-06	6
1.769615242e-06	3.766987298e-06	6
1.769615242e-06	3.766987298e-06	6
1.752294734e-06	3.776987298e-06	6
1.734974226e-06	3.786987298e-06	6
1.717653718e-06	3.796987298e-06	6
1.70033321e-06	3.806987298e-06	6
1.683012702e-06	3.816987298e-06	6
1.665692194e-06	3.826987298e-06	6
1.648371686e-06	3.836987298e-06	6
1.631051178e-06	3.846987298e-06	6
1.61373067e-06	3.856987298e-06	6
1.596410162e-06	3.866987298e-06	6
1.579089653e-06	3.876987298e-06	6
1.561769145e-06	3.886987298e-06	6
1.544448637e-06	3.896987298e-06	6
1.527128129e-06	3.906987298e-06	6
1.509807621e-06	3.916987298e-06	6
1.492487113e-06	3.926987298e-06	6
1.475166605e-06	3.936987298e-06	6
1.457846097e-06	3.946987298e-06	6
1.440525589e-06	3.956987298e-06	6
1.423205081e-06	3.966987298e-06	6
1.405884573e-06	3.976987298e-06	6
1.388564065e-06	3.986987298e-06	6
1.371243557e-06	3.996987298e-06	6
1.353923048e-06	4.006987298e-06	6
1.33660254e-06	4.016987298e-06	6
1.319282032e-06	4.026987298e-06	6
1.301961524e-06	4.036987298e-06	6
1.284641016e-06	4.046987298e-06	6
1.267320508e-06	4.056987298e-06	6
1.25e-06	4.066987298e-06	6
1.232679492e-06	4.076987298e-06	6
1.215358984e-06	4.086987298e-06	6
1.198038476e-06	4.096987298e-06	6
1.180717968e-06	4.106987298e-06	6
1.16339746e-06	4.116987298e-06	6
1.146076952e-06	4.126987298e-06	6
1.128756443e-06	4.136987298e-06	6
1.111435935e-06	4.146987298e-06	6
1.094115427e-06	4.156987298e-06	6
1.076794919e-06	4.166987298e-06	6
1.059474411e-06	4.176987298e-06	6
1.042153903e-06	4.186987298e-06	6
1.024833395e-06	4.196987298e-06	6
1.007512887e-06	4.206987298e-06	6
9.901923789e-07	4.216987298e-06	6
9.728718708e-07	4.226987298e-06	6
9.555513627e-07	4.236987298e-06	6
9.382308546e-07	4.246987298e-06	6
9.209103466e-07	4.256987298e-06	6
9.035898385e-07	4.266987298e-06	6
8.862693304e-07	4.276987298e-06	6
8.689488223e-07	4.286987298e-06	6
8.516283143e-07	4.296987298e-06	6
8.343078062e-07	4.306987298e-06	6
8.169872981e-07	4.316987298e-06	6
7.9966679e-07	4.326987298e-06	6
7.82346282e-07	4.336987298e-06	6
7.650257739e-07	4.346987298e-06	6
7.477052658e-07	4.356987298e-06	6
7.303847577e-07	4.366987298e-06	6
7.303847577e-07	4.366987298e-06	-6
7.303847577e-07	4.366987298e-06	-6
7.303847577e-07	4.366987298e-06	-6
7.303847577e-07	4.366987298e-06	-6
7.303847577e-07	4.366987298e-06	-6
7.303847577e-07	4.366987298e-06	-6
7.303847577e-07	4.366987298e-06	-6
7.303847577e-07	4.366987298e-06	-6
7.303847577e-07	4.366987298e-06	-6
7.303847577e-07	4.366987298e-06	-6
7.303847577e-07	4.366987298e-06	-6
7.477052658e-07	4.356987298e-06	-6
7.650257739e-07	4.346987298e-06	-6
7.82346282e-07	4.336987298e-06	-6
7.9966679e-07	4.326987298e-06	-6
8.169872981e-07	4.316987298e-06	-6
8.343078062e-07	4.306987298e-06	-6
8.516283143e-07	4.296987298e-06	-6
8.689488223e-07	4.286987298e-06	-6
8.862693304e-07	4.276987298e-06	-6
9.035898385e-07	4.266987298e-06	-6
9.209103466e-07	4.256987298e-06	-6
9.382308546e-07	4.246987298e-06	-6
9.555513627e-07	4.236987298e-06	-6
9.728718708e-07	4.226987298e-06	-6
9.901923789e-07	4.216987298e-06	-6
1.007512887e-06	4.206987298e-06	-6
1.024833395e-06	4.196987298e-06	-6
1.042153903e-06	4.186987298e-06	-6
1.059474411e-06	4.176987298e-06	-6
1.076794919e-06	4.166987298e-06	-6
1.094115427e-06	4.156987298e-06	-6
1.111435935e-06	4.146987298e-06	-6
1.128756443e-06	4.136987298e-06	-6
1.146076952e-06	4.126987298e-06	-6
1.16339746e-06	4.116987298e-06	-6
1.180717968e-06	4.106987298e-06	-6
1.198038476e-06	4.096987298e-06	-6
1.215358984e-06	4.086987298e-06	-6
1.232679492e-06	4.076987298e-06	-6
1.25e-06	4.066987298e-06	-6
1.267320508e-06	4.056987298e-06	-6
1.284641016e-06	4.046987298e-06	-6
1.301961524e-06	4.036987298e-06	-6
1.319282032e-06	4.026987298e-06	-6
1.33660254e-06	4.016987298e-06	-6
1.353923048e-06	4.006987298e-06	-6
1.371243557e-06	3.996987298e-06	-6
1.388564065e-06	3.986987298e-06	-6
1.405884573e-06	3.976987298e-06	-6
1.423205081e-06	3.966987298e-06	-6
1.440525589e-06	3.956987298e-06	-6
1.457846097e-06	3.946987298e-06	-6
1.475166605e-06	3.936987298e-06	-6
1.492487113e-06	3.926987298e-06	-6
1.509807621e-06	3.916987298e-06	-6
1.527128129e-06	3.906987298e-06	-6
1.544448637e-06	3.896987298e-06	-6
1.561769145e-06	3.886987298e-06	-6
1.579089653e-06	3.876987298e-06	-6
1.596410162e-06	3.866987298e-06	-6
1.61373067e-06	3.856987298e-06	-6
1.631051178e-06	3.846987298e-06	-6
1.648371686e-06	3.836987298e-06	-6
1.665692194e-06	3.826987298e-06	-6
1.683012702e-06	3.816987298e-06	-6
1.70033321e-06	3.806987298e-06	-6
1.717653718e-06	3.796987298e-06	-6
1.734974226e-06	3.786987298e-06	-6
1.752294734e-06	3.776987298e-06	-6
1.769615242e-06	3.766987298e-06	-6
1.769615242e-06	3.766987298e-06	0
1.759615242e-06	3.74966679e-06	0
1.749615242e-06	3.732346282e-06	0
1.739615242e-06	3.715025774e-06	0
1.729615242e-06	3.697705266e-06	0
1.719615242e-06	3.680384758e-06	0
1.719615242e-06	3.680384758e-06	6
1.719615242e-06	3.680384758e-06	6
1.719615242e-06	3.680384758e-06	6
1.719615242e-06	3.680384758e-06	6
1.719615242e-06	3.680384758e-06	6
1.719615242e-06	3.680384758e-06	6
1.719615242e-06	3.680384758e-06	6
1.719615242e-06	3.680384758e-06	6
1.719615242e-06	3.680384758e-06	6
1.719615242e-06	3.680384758e-06	6
1.719615242e-06	3.680384758e-06	6
1.702294734e-06	3.690384758e-06	6
1.684974226e-06	3.700384758e-06	6
1.667653718e-06	3.710384758e-06	6
1.65033321e-06	3.720384758e-06	6
1.633012702e-06	3.730384758e-06	6
1.615692194e-06	3.740384758e-06	6
1.598371686e-06	3.750384758e-06	6
1.581051178e-06	3.760384758e-06	6
1.56373067e-06	3.770384758e-06	6
1.546410162e-06	3.780384758e-06	6
1.529089653e-06	3.790384758e-06	6
1.511769145e-06	3.800384758e-06	6
1.494448637e-06	3.810384758e-06	6
1.477128129e-06	3.820384758e-06	6
1.459807621e-06	3.830384758e-06	6
1.442487113e-06	3.840384758e-06	6
1.425166605e-06	3.850384758e-06	6
1.407846097e-06	3.860384758e-06	6
1.390525589e-06	3.870384758e-06	6
1.373205081e-06	3.880384758e-06	6
1.355884573e-06	3.890384758e-06	6
1.338564065e-06	3.900384758e-06	6
1.321243557e-06	3.910384758e-06	6
1.303923048e-06	3.920384758e-06	6
1.28660254e-06	3.930384758e-06	6
1.269282032e-06	3.940384758e-06	6
1.251961524e-06	3.950384758e-06	6
1.234641016e-06	3.960384758e-06	6
1.217320508e-06	3.970384758e-06	6
1.2e-06	3.980384758e-06	6
1.182679492e-06	3.990384758e-06	6
1.165358984e-06	4.000384758e-06	6
1.148038476e-06	4.010384758e-06	6
1.130717968e-06	4.020384758e-06	6
1.11339746e-06	4.030384758e-06	6
1.096076952e-06	4.040384758e-06	6
1.078756443e-06	4.050384758e-06	6
1.061435935e-06	4.060384758e-06	6
1.044115427e-06	4.070384758e-06	6
1.026794919e-06	4.080384758e-06	6
1.009474411e-06	4.090384758e-06	6
9.921539031e-07	4.100384758e-06	6
9.74833395e-07	4.110384758e-06	6
9.575128869e-07	4.120384758e-06	6
9.401923789e-07	4.130384758e-06	6
9.228718708e-07	4.140384758e-06	6
9.055513627e-07	4.150384758e-06	6
8.882308546e-07	4.160384758e-06	6
8.709103466e-07	4.170384758e-06	6
8.535898385e-07	4.180384758e-06	6
8.362693304e-07	4.190384758e-06	6
8.189488223e-07	4.200384758e-06	6
8.016283143e-07	4.210384758e-06	6
7.843078062e-07	4.220384758e-06	6
7.669872981e-07	4.230384758e-06	6
7.4966679e-07	4.240384758e-06	6
7.32346282e-07	4.250384758e-06	6
7.150257739e-07	4.260384758e-06	6
6.977052658e-07	4.270384758e-06	6
6.803847577e-07	4.280384758e-06	6
6.803847577e-07	4.280384758e-06	-6
6.803847577e-07	4.280384758e-06	-6
6.803847577e-07	4.280384758e-06	-6
6.803847577e-07	4.280384758e-06	-6
6.803847577e-07	4.280384758e-06	-6
6.803847577e-07	4.280384758e-06	-6
6.803847577e-07	4.280384758e-06	-6
6.803847577e-07	4.280384758e-06	-6
6.803847577e-07	4.280384758e-06	-6
6.803847577e-07	4.280384758e-06	-6
6.803847577e-07	4.280384758e-06	-6
6.977052658e-07	4.270384758e-06	-6
7.150257739e-07	4.260384758e-06	-6
7.32346282e-07	4.250384758e-06	-6
7.4966679e-07	4.240384758e-06	-6
7.669872981e-07	4.230384758e-06	-6
7.843078062e-07	4.220384758e-06	-6
8.016283143e-07	4.210384758e-06	-6
8.189488223e-07	4.200384758e-06	-6
8.362693304e-07	4.190384758e-06	-6
8.535898385e-07	4.180384758e-06	-6
8.709103466e-07	4.170384758e-06	-6
8.882308546e-07	4.160384758e-06	-6
9.055513627e-07	4.150384758e-06	-6
9.228718708e-07	4.140384758e-06	-6
9.401923789e-07	4.130384758e-06	-6
9.575128869e-07	4.120384758e-06	-6
9.74833395e-07	4.110384758e-06	-6
9.921539031e-07	4.100384758e-06	-6
1.009474411e-06	4.090384758e-06	-6
1.026794919e-06	4.080384758e-06	-6
1.044115427e-06	4.070384758e-06	-6
1.061435935e-06	4.060384758e-06	-6
1.078756443e-06	4.050384758e-06	-6
1.096076952e-06	4.040384758e-06	-6
1.11339746e-06	4.030384758e-06	-6
1.130717968e-06	4.020384758e-06	-6
1.148038476e-06	4.010384758e-06	-6
1.165358984e-06	4.000384758e-06	-6
1.182679492e-06	3.990384758e-06	-6
1.2e-06	3.980384758e-06	-6
1.217320508e-06	3.970384758e-06	-6
1.234641016e-06	3.960384758e-06	-6
1.251961524e-06	3.950384758e-06	-6
1.269282032e-06	3.940384758e-06	-6
1.28660254e-06	3.930384758e-06	-6
1.303923048e-06	3.920384758e-06	-6
1.321243557e-06	3.910384758e-06	-6
1.338564065e-06	3.900384758e-06	-6
1.355884573e-06	3.890384758e-06	-6
1.373205081e-06	3.880384758e-06	-6
1.390525589e-06	3.870384758e-06	-6
1.407846097e-06	3.860384758e-06	-6
1.425166605e-06	3.850384758e-06	-6
1.442487113e-06	3.840384758e-06	-6
1.459807621e-06	3.830384758e-06	-6
1.477128129e-06	3.820384758e-06	-6
1.494448637e-06	3.810384758e-06	-6
1.511769145e-06	3.800384758e-06	-6
1.529089653e-06	3.790384758e-06	-6
1.546410162e-06	3.780384758e-06	-6
1.56373067e-06	3.770384758e-06	-6
1.581051178e-06	3.760384758e-06	-6
1.598371686e-06	3.750384758e-06	-6
1.615692194e-06	3.740384758e-06	-6
1.633012702e-06	3.730384758e-06	-6
1.65033321e-06	3.720384758e-06	-6
1.667653718e-06	3.710384758e-06	-6
1.684974226e-06	3.700384758e-06	-6
1.702294734e-06	3.690384758e-06	-6
1.719615242e-06	3.680384758e-06	-6
