# X_m	Y_m	V
3e-06	5e-06	6
3e-06	5e-06	6
3e-06	5e-06	6
3e-06	5e-06	6
3e-06	5e-06	6
3e-06	5e-06	6
3e-06	5e-06	6
3e-06	5e-06	6
3e-06	5e-06	6
3e-06	5e-06	6
3e-06	5e-06	6
3.02e-06	5e-06	6
3.04e-06	5e-06	6
3.06e-06	5e-06	6
3.08e-06	5e-06	6
3.1e-06	5e-06	6
3.12e-06	5e-06	6
3.14e-06	5e-06	6
3.16e-06	5e-06	6
3.18e-06	5e-06	6
3.2e-06	5e-06	6
3.22e-06	5e-06	6
3.24e-06	5e-06	6
3.26e-06	5e-06	6
3.28e-06	5e-06	6
3.3e-06	5e-06	6
3.32e-06	5e-06	6
3.34e-06	5e-06	6
3.36e-06	5e-06	6
3.38e-06	5e-06	6
3.4e-06	5e-06	6
3.42e-06	5e-06	6
3.44e-06	5e-06	6
3.46e-06	5e-06	6
3.48e-06	5e-06	6
3.5e-06	5e-06	6
3.52e-06	5e-06	6
3.54e-06	5e-06	6
3.56e-06	5e-06	6
3.58e-06	5e-06	6
3.6e-06	5e-06	6
3.62e-06	5e-06	6
3.64e-06	5e-06	6
3.66e-06	5e-06	6
3.68e-06	5e-06	6
3.7e-06	5e-06	6
3.72e-06	5e-06	6
3.74e-06	5e-06	6
3.76e-06	5e-06	6
3.78e-06	5e-06	6
3.8e-06	5e-06	6
3.82e-06	5e-06	6
3.84e-06	5e-06	6
3.86e-06	5e-06	6
3.88e-06	5e-06	6
3.9e-06	5e-06	6
3.92e-06	5e-06	6
3.94e-06	5e-06	6
3.96e-06	5e-06	6
3.98e-06	5e-06	6
4e-06	5e-06	6
4e-06	5e-06	-6
4e-06	5e-06	-6
4e-06	5e-06	-6
4e-06	5e-06	-6
4e-06	5e-06	-6
4e-06	5e-06	-6
4e-06	5e-06	-6
4e-06	5e-06	-6
4e-06	5e-06	-6
4e-06	5e-06	-6
4e-06	5e-06	-6
3.98e-06	5e-06	-6
3.96e-06	5e-06	-6
3.94e-06	5e-06	-6
3.92e-06	5e-06	-6
3.9e-06	5e-06	-6
3.88e-06	5e-06	-6
3.86e-06	5e-06	-6
3.84e-06	5e-06	-6
3.82e-06	5e-06	-6
3.8e-06	5e-06	-6
3.78e-06	5e-06	-6
3.76e-06	5e-06	-6
3.74e-06	5e-06	-6
3.72e-06	5e-06	-6
3.7e-06	5e-06	-6
3.68e-06	5e-06	-6
3.66e-06	5e-06	-6
3.64e-06	5e-06	-6
3.62e-06	5e-06	-6
3.6e-06	5e-06	-6
3.58e-06	5e-06	-6
3.56e-06	5e-06	-6
3.54e-06	5e-06	-6
3.52e-06	5e-06	-6
3.5e-06	5e-06	-6
3.48e-06	5e-06	-6
3.46e-06	5e-06	-6
3.44e-06	5e-06	-6
3.42e-06	5e-06	-6
3.4e-06	5e-06	-6
3.38e-06	5e-06	-6
3.36e-06	5e-06	-6
3.34e-06	5e-06	-6
3.32e-06	5e-06	-6
3.3e-06	5e-06	-6
3.28e-06	5e-06	-6
3.26e-06	5e-06	-6
3.24e-06	5e-06	-6
3.22e-06	5e-06	-6
3.2e-06	5e-06	-6
3.18e-06	5e-06	-6
3.16e-06	5e-06	-6
3.14e-06	5e-06	-6
3.12e-06	5e-06	-6
3.1e-06	5e-06	-6
3.08e-06	5e-06	-6
3.06e-06	5e-06	-6
3.04e-06	5e-06	-6
3.02e-06	5e-06	-6
3e-06	5e-06	-6
3e-06	5e-06	0
3e-06	5.02e-06	0
3e-06	5.04e-06	0
3e-06	5.06e-06	0
3e-06	5.08e-06	0
3e-06	5.1e-06	0
3e-06	5.1e-06	6
3e-06	5.1e-06	6
3e-06	5.1e-06	6
3e-06	5.1e-06	6
3e-06	5.1e-06	6
3e-06	5.1e-06	6
3e-06	5.1e-06	6
3e-06	5.1e-06	6
3e-06	5.1e-06	6
3e-06	5.1e-06	6
3e-06	5.1e-06	6
3.02e-06	5.1e-06	6
3.04e-06	5.1e-06	6
3.06e-06	5.1e-06	6
3.08e-06	5.1e-06	6
3.1e-06	5.1e-06	6
3.12e-06	5.1e-06	6
3.14e-06	5.1e-06	6
3.16e-06	5.1e-06	6
3.18e-06	5.1e-06	6
3.2e-06	5.1e-06	6
3.22e-06	5.1e-06	6
3.24e-06	5.1e-06	6
3.26e-06	5.1e-06	6
3.28e-06	5.1e-06	6
3.3e-06	5.1e-06	6
3.32e-06	5.1e-06	6
3.34e-06	5.1e-06	6
3.36e-06	5.1e-06	6
3.38e-06	5.1e-06	6
3.4e-06	5.1e-06	6
3.42e-06	5.1e-06	6
3.44e-06	5.1e-06	6
3.46e-06	5.1e-06	6
3.48e-06	5.1e-06	6
3.5e-06	5.1e-06	6
3.52e-06	5.1e-06	6
3.54e-06	5.1e-06	6
3.56e-06	5.1e-06	6
3.58e-06	5.1e-06	6
3.6e-06	5.1e-06	6
3.62e-06	5.1e-06	6
3.64e-06	5.1e-06	6
3.66e-06	5.1e-06	6
3.68e-06	5.1e-06	6
3.7e-06	5.1e-06	6
3.72e-06	5.1e-06	6
3.74e-06	5.1e-06	6
3.76e-06	5.1e-06	6
3.78e-06	5.1e-06	6
3.8e-06	5.1e-06	6
3.82e-06	5.1e-06	6
3.84e-06	5.1e-06	6
3.86e-06	5.1e-06	6
3.88e-06	5.1e-06	6
3.9e-06	5.1e-06	6
3.92e-06	5.1e-06	6
3.94e-06	5.1e-06	6
3.96e-06	5.1e-06	6
3.98e-06	5.1e-06	6
4e-06	5.1e-06	6
4e-06	5.1e-06	-6
4e-06	5.1e-06	-6
4e-06	5.1e-06	-6
4e-06	5.1e-06	-6
4e-06	5.1e-06	-6
4e-06	5.1e-06	-6
4e-06	5.1e-06	-6
4e-06	5.1e-06	-6
4e-06	5.1e-06	-6
4e-06	5.1e-06	-6
4e-06	5.1e-06	-6
3.98e-06	5.1e-06	-6
3.96e-06	5.1e-06	-6
3.94e-06	5.1e-06	-6
3.92e-06	5.1e-06	-6
3.9e-06	5.1e-06	-6
3.88e-06	5.1e-06	-6
3.86e-06	5.1e-06	-6
3.84e-06	5.1e-06	-6
3.82e-06	5.1e-06	-6
3.8e-06	5.1e-06	-6
3.78e-06	5.1e-06	-6
3.76e-06	5.1e-06	-6
3.74e-06	5.1e-06	-6
3.72e-06	5.1e-06	-6
3.7e-06	5.1e-06	-6
3.68e-06	5.1e-06	-6
3.66e-06	5.1e-06	-6
3.64e-06	5.1e-06	-6
3.62e-06	5.1e-06	-6
3.6e-06	5.1e-06	-6
3.58e-06	5.1e-06	-6
3.56e-06	5.1e-06	-6
3.54e-06	5.1e-06	-6
3.52e-06	5.1e-06	-6
3.5e-06	5.1e-06	-6
3.48e-06	5.1e-06	-6
3.46e-06	5.1e-06	-6
3.44e-06	5.1e-06	-6
3.42e-06	5.1e-06	-6
3.4e-06	5.1e-06	-6
3.38e-06	5.1e-06	-6
3.36e-06	5.1e-06	-6
3.34e-06	5.1e-06	-6
3.32e-06	5.1e-06	-6
3.3e-06	5.1e-06	-6
3.28e-06	5.1e-06	-6
3.26e-06	5.1e-06	-6
3.24e-06	5.1e-06	-6
3.22e-06	5.1e-06	-6
3.2e-06	5.1e-06	-6
3.18e-06	5.1e-06	-6
3.16e-06	5.1e-06	-6
3.14e-06	5.1e-06	-6
3.12e-06	5.1e-06	-6
3.1e-06	5.1e-06	-6
3.08e-06	5.1e-06	-6
3.06e-06	5.1e-06	-6
3.04e-06	5.1e-06	-6
3.02e-06	5.1e-06	-6
3e-06	5.1e-06	-6
3e-06	5.1e-06	0
3e-06	5.116666667e-06	0
3e-06	5.133333333e-06	0
3e-06	5.15e-06	0
3e-06	5.166666667e-06	0
3e-06	5.183333333e-06	0
3e-06	5.2e-06	0
3e-06	5.2e-06	6
3e-06	5.2e-06	6
3e-06	5.2e-06	6
3e-06	5.2e-06	6
3e-06	5.2e-06	6
3e-06	5.2e-06	6
3e-06	5.2e-06	6
3e-06	5.2e-06	6
3e-06	5.2e-06	6
3e-06	5.2e-06	6
3e-06	5.2e-06	6
3.02e-06	5.2e-06	6
3.04e-06	5.2e-06	6
3.06e-06	5.2e-06	6
3.08e-06	5.2e-06	6
3.1e-06	5.2e-06	6
3.12e-06	5.2e-06	6
3.14e-06	5.2e-06	6
3.16e-06	5.2e-06	6
3.18e-06	5.2e-06	6
3.2e-06	5.2e-06	6
3.22e-06	5.2e-06	6
3.24e-06	5.2e-06	6
3.26e-06	5.2e-06	6
3.28e-06	5.2e-06	6
3.3e-06	5.2e-06	6
3.32e-06	5.2e-06	6
3.34e-06	5.2e-06	6
3.36e-06	5.2e-06	6
3.38e-06	5.2e-06	6
3.4e-06	5.2e-06	6
3.42e-06	5.2e-06	6
3.44e-06	5.2e-06	6
3.46e-06	5.2e-06	6
3.48e-06	5.2e-06	6
3.5e-06	5.2e-06	6
3.52e-06	5.2e-06	6
3.54e-06	5.2e-06	6
3.56e-06	5.2e-06	6
3.58e-06	5.2e-06	6
3.6e-06	5.2e-06	6
3.62e-06	5.2e-06	6
3.64e-06	5.2e-06	6
3.66e-06	5.2e-06	6
3.68e-06	5.2e-06	6
3.7e-06	5.2e-06	6
3.72e-06	5.2e-06	6
3.74e-06	5.2e-06	6
3.76e-06	5.2e-06	6
3.78e-06	5.2e-06	6
3.8e-06	5.2e-06	6
3.82e-06	5.2e-06	6
3.84e-06	5.2e-06	6
3.86e-06	5.2e-06	6
3.88e-06	5.2e-06	6
3.9e-06	5.2e-06	6
3.92e-06	5.2e-06	6
3.94e-06	5.2e-06	6
3.96e-06	5.2e-06	6
3.98e-06	5.2e-06	6
4e-06	5.2e-06	6
4e-06	5.2e-06	-6
4e-06	5.2e-06	-6
4e-06	5.2e-06	-6
4e-06	5.2e-06	-6
4e-06	5.2e-06	-6
4e-06	5.2e-06	-6
4e-06	5.2e-06	-6
4e-06	5.2e-06	-6
4e-06	5.2e-06	-6
4e-06	5.2e-06	-6
4e-06	5.2e-06	-6
3.98e-06	5.2e-06	-6
3.96e-06	5.2e-06	-6
3.94e-06	5.2e-06	-6
3.92e-06	5.2e-06	-6
3.9e-06	5.2e-06	-6
3.88e-06	5.2e-06	-6
3.86e-06	5.2e-06	-6
3.84e-06	5.2e-06	-6
3.82e-06	5.2e-06	-6
3.8e-06	5.2e-06	-6
3.78e-06	5.2e-06	-6
3.76e-06	5.2e-06	-6
3.74e-06	5.2e-06	-6
3.72e-06	5.2e-06	-6
3.7e-06	5.2e-06	-6
3.68e-06	5.2e-06	-6
3.66e-06	5.2e-06	-6
3.64e-06	5.2e-06	-6
3.62e-06	5.2e-06	-6
3.6e-06	5.2e-06	-6
3.58e-06	5.2e-06	-6
3.56e-06	5.2e-06	-6
3.54e-06	5.2e-06	-6
3.52e-06	5.2e-06	-6
3.5e-06	5.2e-06	-6
3.48e-06	5.2e-06	-6
3.46e-06	5.2e-06	-6
3.44e-06	5.2e-06	-6
3.42e-06	5.2e-06	-6
3.4e-06	5.2e-06	-6
3.38e-06	5.2e-06	-6
3.36e-06	5.2e-06	-6
3.34e-06	5.2e-06	-6
3.32e-06	5.2e-06	-6
3.3e-06	5.2e-06	-6
3.28e-06	5.2e-06	-6
3.26e-06	5.2e-06	-6
3.24e-06	5.2e-06	-6
3.22e-06	5.2e-06	-6
3.2e-06	5.2e-06	-6
3.18e-06	5.2e-06	-6
3.16e-06	5.2e-06	-6
3.14e-06	5.2e-06	-6
3.12e-06	5.2e-06	-6
3.1e-06	5.2e-06	-6
3.08e-06	5.2e-06	-6
3.06e-06	5.2e-06	-6
3.04e-06	5.2e-06	-6
3.02e-06	5.2e-06	-6
3e-06	5.2e-06	-6
3e-06	5.2e-06	0
3e-06	5.22e-06	0
3e-06	5.24e-06	0
3e-06	5.26e-06	0
3e-06	5.28e-06	0
3e-06	5.3e-06	0
3e-06	5.3e-06	6
3e-06	5.3e-06	6
3e-06	5.3e-06	6
3e-06	5.3e-06	6
3e-06	5.3e-06	6
3e-06	5.3e-06	6
3e-06	5.3e-06	6
3e-06	5.3e-06	6
3e-06	5.3e-06	6
3e-06	5.3e-06	6
3e-06	5.3e-06	6
3.02e-06	5.3e-06	6
3.04e-06	5.3e-06	6
3.06e-06	5.3e-06	6
3.08e-06	5.3e-06	6
3.1e-06	5.3e-06	6
3.12e-06	5.3e-06	6
3.14e-06	5.3e-06	6
3.16e-06	5.3e-06	6
3.18e-06	5.3e-06	6
3.2e-06	5.3e-06	6
3.22e-06	5.3e-06	6
3.24e-06	5.3e-06	6
3.26e-06	5.3e-06	6
3.28e-06	5.3e-06	6
3.3e-06	5.3e-06	6
3.32e-06	5.3e-06	6
3.34e-06	5.3e-06	6
3.36e-06	5.3e-06	6
3.38e-06	5.3e-06	6
3.4e-06	5.3e-06	6
3.42e-06	5.3e-06	6
3.44e-06	5.3e-06	6
3.46e-06	5.3e-06	6
3.48e-06	5.3e-06	6
3.5e-06	5.3e-06	6
3.52e-06	5.3e-06	6
3.54e-06	5.3e-06	6
3.56e-06	5.3e-06	6
3.58e-06	5.3e-06	6
3.6e-06	5.3e-06	6
3.62e-06	5.3e-06	6
3.64e-06	5.3e-06	6
3.66e-06	5.3e-06	6
3.68e-06	5.3e-06	6
3.7e-06	5.3e-06	6
3.72e-06	5.3e-06	6
3.74e-06	5.3e-06	6
3.76e-06	5.3e-06	6
3.78e-06	5.3e-06	6
3.8e-06	5.3e-06	6
3.82e-06	5.3e-06	6
3.84e-06	5.3e-06	6
3.86e-06	5.3e-06	6
3.88e-06	5.3e-06	6
3.9e-06	5.3e-06	6
3.92e-06	5.3e-06	6
3.94e-06	5.3e-06	6
3.96e-06	5.3e-06	6
3.98e-06	5.3e-06	6
4e-06	5.3e-06	6
4e-06	5.3e-06	-6
4e-06	5.3e-06	-6
4e-06	5.3e-06	-6
4e-06	5.3e-06	-6
4e-06	5.3e-06	-6
4e-06	5.3e-06	-6
4e-06	5.3e-06	-6
4e-06	5.3e-06	-6
4e-06	5.3e-06	-6
4e-06	5.3e-06	-6
4e-06	5.3e-06	-6
3.98e-06	5.3e-06	-6
3.96e-06	5.3e-06	-6
3.94e-06	5.3e-06	-6
3.92e-06	5.3e-06	-6
3.9e-06	5.3e-06	-6
3.88e-06	5.3e-06	-6
3.86e-06	5.3e-06	-6
3.84e-06	5.3e-06	-6
3.82e-06	5.3e-06	-6
3.8e-06	5.3e-06	-6
3.78e-06	5.3e-06	-6
3.76e-06	5.3e-06	-6
3.74e-06	5.3e-06	-6
3.72e-06	5.3e-06	-6
3.7e-06	5.3e-06	-6
3.68e-06	5.3e-06	-6
3.66e-06	5.3e-06	-6
3.64e-06	5.3e-06	-6
3.62e-06	5.3e-06	-6
3.6e-06	5.3e-06	-6
3.58e-06	5.3e-06	-6
3.56e-06	5.3e-06	-6
3.54e-06	5.3e-06	-6
3.52e-06	5.3e-06	-6
3.5e-06	5.3e-06	-6
3.48e-06	5.3e-06	-6
3.46e-06	5.3e-06	-6
3.44e-06	5.3e-06	-6
3.42e-06	5.3e-06	-6
3.4e-06	5.3e-06	-6
3.38e-06	5.3e-06	-6
3.36e-06	5.3e-06	-6
3.34e-06	5.3e-06	-6
3.32e-06	5.3e-06	-6
3.3e-06	5.3e-06	-6
3.28e-06	5.3e-06	-6
3.26e-06	5.3e-06	-6
3.24e-06	5.3e-06	-6
3.22e-06	5.3e-06	-6
3.2e-06	5.3e-06	-6
3.18e-06	5.3e-06	-6
3.16e-06	5.3e-06	-6
3.14e-06	5.3e-06	-6
3.12e-06	5.3e-06	-6
3.1e-06	5.3e-06	-6
3.08e-06	5.3e-06	-6
3.06e-06	5.3e-06	-6
3.04e-06	5.3e-06	-6
3.02e-06	5.3e-06	-6
3e-06	5.3e-06	-6
3e-06	5.3e-06	0
3e-06	5.316666667e-06	0
3e-06	5.333333333e-06	0
3e-06	5.35e-06	0
3e-06	5.366666667e-06	0
3e-06	5.383333333e-06	0
3e-06	5.4e-06	0
3e-06	5.4e-06	6
3e-06	5.4e-06	6
3e-06	5.4e-06	6
3e-06	5.4e-06	6
3e-06	5.4e-06	6
3e-06	5.4e-06	6
3e-06	5.4e-06	6
3e-06	5.4e-06	6
3e-06	5.4e-06	6
3e-06	5.4e-06	6
3e-06	5.4e-06	6
3.02e-06	5.4e-06	6
3.04e-06	5.4e-06	6
3.06e-06	5.4e-06	6
3.08e-06	5.4e-06	6
3.1e-06	5.4e-06	6
3.12e-06	5.4e-06	6
3.14e-06	5.4e-06	6
3.16e-06	5.4e-06	6
3.18e-06	5.4e-06	6
3.2e-06	5.4e-06	6
3.22e-06	5.4e-06	6
3.24e-06	5.4e-06	6
3.26e-06	5.4e-06	6
3.28e-06	5.4e-06	6
3.3e-06	5.4e-06	6
3.32e-06	5.4e-06	6
3.34e-06	5.4e-06	6
3.36e-06	5.4e-06	6
3.38e-06	5.4e-06	6
3.4e-06	5.4e-06	6
3.42e-06	5.4e-06	6
3.44e-06	5.4e-06	6
3.46e-06	5.4e-06	6
3.48e-06	5.4e-06	6
3.5e-06	5.4e-06	6
3.52e-06	5.4e-06	6
3.54e-06	5.4e-06	6
3.56e-06	5.4e-06	6
3.58e-06	5.4e-06	6
3.6e-06	5.4e-06	6
3.62e-06	5.4e-06	6
3.64e-06	5.4e-06	6
3.66e-06	5.4e-06	6
3.68e-06	5.4e-06	6
3.7e-06	5.4e-06	6
3.72e-06	5.4e-06	6
3.74e-06	5.4e-06	6
3.76e-06	5.4e-06	6
3.78e-06	5.4e-06	6
3.8e-06	5.4e-06	6
3.82e-06	5.4e-06	6
3.84e-06	5.4e-06	6
3.86e-06	5.4e-06	6
3.88e-06	5.4e-06	6
3.9e-06	5.4e-06	6
3.92e-06	5.4e-06	6
3.94e-06	5.4e-06	6
3.96e-06	5.4e-06	6
3.98e-06	5.4e-06	6
4e-06	5.4e-06	6
4e-06	5.4e-06	-6
4e-06	5.4e-06	-6
4e-06	5.4e-06	-6
4e-06	5.4e-06	-6
4e-06	5.4e-06	-6
4e-06	5.4e-06	-6
4e-06	5.4e-06	-6
4e-06	5.4e-06	-6
4e-06	5.4e-06	-6
4e-06	5.4e-06	-6
4e-06	5.4e-06	-6
3.98e-06	5.4e-06	-6
3.96e-06	5.4e-06	-6
3.94e-06	5.4e-06	-6
3.92e-06	5.4e-06	-6
3.9e-06	5.4e-06	-6
3.88e-06	5.4e-06	-6
3.86e-06	5.4e-06	-6
3.84e-06	5.4e-06	-6
3.82e-06	5.4e-06	-6
3.8e-06	5.4e-06	-6
3.78e-06	5.4e-06	-6
3.76e-06	5.4e-06	-6
3.74e-06	5.4e-06	-6
3.72e-06	5.4e-06	-6
3.7e-06	5.4e-06	-6
3.68e-06	5.4e-06	-6
3.66e-06	5.4e-06	-6
3.64e-06	5.4e-06	-6
3.62e-06	5.4e-06	-6
3.6e-06	5.4e-06	-6
3.58e-06	5.4e-06	-6
3.56e-06	5.4e-06	-6
3.54e-06	5.4e-06	-6
3.52e-06	5.4e-06	-6
3.5e-06	5.4e-06	-6
3.48e-06	5.4e-06	-6
3.46e-06	5.4e-06	-6
3.44e-06	5.4e-06	-6
3.42e-06	5.4e-06	-6
3.4e-06	5.4e-06	-6
3.38e-06	5.4e-06	-6
3.36e-06	5.4e-06	-6
3.34e-06	5.4e-06	-6
3.32e-06	5.4e-06	-6
3.3e-06	5.4e-06	-6
3.28e-06	5.4e-06	-6
3.26e-06	5.4e-06	-6
3.24e-06	5.4e-06	-6
3.22e-06	5.4e-06	-6
3.2e-06	5.4e-06	-6
3.18e-06	5.4e-06	-6
3.16e-06	5.4e-06	-6
3.14e-06	5.4e-06	-6
3.12e-06	5.4e-06	-6
3.1e-06	5.4e-06	-6
3.08e-06	5.4e-06	-6
3.06e-06	5.4e-06	-6
3.04e-06	5.4e-06	-6
3.02e-06	5.4e-06	-6
3e-06	5.4e-06	-6
3e-06	5.4e-06	0
3e-06	5.42e-06	0
3e-06	5.44e-06	0
3e-06	5.46e-06	0
3e-06	5.48e-06	0
3e-06	5.5e-06	0
3e-06	5.5e-06	6
3e-06	5.5e-06	6
3e-06	5.5e-06	6
3e-06	5.5e-06	6
3e-06	5.5e-06	6
3e-06	5.5e-06	6
3e-06	5.5e-06	6
3e-06	5.5e-06	6
3e-06	5.5e-06	6
3e-06	5.5e-06	6
3e-06	5.5e-06	6
3.02e-06	5.5e-06	6
3.04e-06	5.5e-06	6
3.06e-06	5.5e-06	6
3.08e-06	5.5e-06	6
3.1e-06	5.5e-06	6
3.12e-06	5.5e-06	6
3.14e-06	5.5e-06	6
3.16e-06	5.5e-06	6
3.18e-06	5.5e-06	6
3.2e-06	5.5e-06	6
3.22e-06	5.5e-06	6
3.24e-06	5.5e-06	6
3.26e-06	5.5e-06	6
3.28e-06	5.5e-06	6
3.3e-06	5.5e-06	6
3.32e-06	5.5e-06	6
3.34e-06	5.5e-06	6
3.36e-06	5.5e-06	6
3.38e-06	5.5e-06	6
3.4e-06	5.5e-06	6
3.42e-06	5.5e-06	6
3.44e-06	5.5e-06	6
3.46e-06	5.5e-06	6
3.48e-06	5.5e-06	6
3.5e-06	5.5e-06	6
3.52e-06	5.5e-06	6
3.54e-06	5.5e-06	6
3.56e-06	5.5e-06	6
3.58e-06	5.5e-06	6
3.6e-06	5.5e-06	6
3.62e-06	5.5e-06	6
3.64e-06	5.5e-06	6
3.66e-06	5.5e-06	6
3.68e-06	5.5e-06	6
3.7e-06	5.5e-06	6
3.72e-06	5.5e-06	6
3.74e-06	5.5e-06	6
3.76e-06	5.5e-06	6
3.78e-06	5.5e-06	6
3.8e-06	5.5e-06	6
3.82e-06	5.5e-06	6
3.84e-06	5.5e-06	6
3.86e-06	5.5e-06	6
3.88e-06	5.5e-06	6
3.9e-06	5.5e-06	6
3.92e-06	5.5e-06	6
3.94e-06	5.5e-06	6
3.96e-06	5.5e-06	6
3.98e-06	5.5e-06	6
4e-06	5.5e-06	6
4e-06	5.5e-06	-6
4e-06	5.5e-06	-6
4e-06	5.5e-06	-6
4e-06	5.5e-06	-6
4e-06	5.5e-06	-6
4e-06	5.5e-06	-6
4e-06	5.5e-06	-6
4e-06	5.5e-06	-6
4e-06	5.5e-06	-6
4e-06	5.5e-06	-6
4e-06	5.5e-06	-6
3.98e-06	5.5e-06	-6
3.96e-06	5.5e-06	-6
3.94e-06	5.5e-06	-6
3.92e-06	5.5e-06	-6
3.9e-06	5.5e-06	-6
3.88e-06	5.5e-06	-6
3.86e-06	5.5e-06	-6
3.84e-06	5.5e-06	-6
3.82e-06	5.5e-06	-6
3.8e-06	5.5e-06	-6
3.78e-06	5.5e-06	-6
3.76e-06	5.5e-06	-6
3.74e-06	5.5e-06	-6
3.72e-06	5.5e-06	-6
3.7e-06	5.5e-06	-6
3.68e-06	5.5e-06	-6
3.66e-06	5.5e-06	-6
3.64e-06	5.5e-06	-6
3.62e-06	5.5e-06	-6
3.6e-06	5.5e-06	-6
3.58e-06	5.5e-06	-6
3.56e-06	5.5e-06	-6
3.54e-06	5.5e-06	-6
3.52e-06	5.5e-06	-6
3.5e-06	5.5e-06	-6
3.48e-06	5.5e-06	-6
3.46e-06	5.5e-06	-6
3.44e-06	5.5e-06	-6
3.42e-06	5.5e-06	-6
3.4e-06	5.5e-06	-6
3.38e-06	5.5e-06	-6
3.36e-06	5.5e-06	-6
3.34e-06	5.5e-06	-6
3.32e-06	5.5e-06	-6
3.3e-06	5.5e-06	-6
3.28e-06	5.5e-06	-6
3.26e-06	5.5e-06	-6
3.24e-06	5.5e-06	-6
3.22e-06	5.5e-06	-6
3.2e-06	5.5e-06	-6
3.18e-06	5.5e-06	-6
3.16e-06	5.5e-06	-6
3.14e-06	5.5e-06	-6
3.12e-06	5.5e-06	-6
3.1e-06	5.5e-06	-6
3.08e-06	5.5e-06	-6
3.06e-06	5.5e-06	-6
3.04e-06	5.5e-06	-6
3.02e-06	5.5e-06	-6
3e-06	5.5e-06	-6
3e-06	5.5e-06	0
3e-06	5.52e-06	0
3e-06	5.54e-06	0
3e-06	5.56e-06	0
3e-06	5.58e-06	0
3e-06	5.6e-06	0
3e-06	5.6e-06	6
3e-06	5.6e-06	6
3e-06	5.6e-06	6
3e-06	5.6e-06	6
3e-06	5.6e-06	6
3e-06	5.6e-06	6
3e-06	5.6e-06	6
3e-06	5.6e-06	6
3e-06	5.6e-06	6
3e-06	5.6e-06	6
3e-06	5.6e-06	6
3.02e-06	5.6e-06	6
3.04e-06	5.6e-06	6
3.06e-06	5.6e-06	6
3.08e-06	5.6e-06	6
3.1e-06	5.6e-06	6
3.12e-06	5.6e-06	6
3.14e-06	5.6e-06	6
3.16e-06	5.6e-06	6
3.18e-06	5.6e-06	6
3.2e-06	5.6e-06	6
3.22e-06	5.6e-06	6
3.24e-06	5.6e-06	6
3.26e-06	5.6e-06	6
3.28e-06	5.6e-06	6
3.3e-06	5.6e-06	6
3.32e-06	5.6e-06	6
3.34e-06	5.6e-06	6
3.36e-06	5.6e-06	6
3.38e-06	5.6e-06	6
3.4e-06	5.6e-06	6
3.42e-06	5.6e-06	6
3.44e-06	5.6e-06	6
3.46e-06	5.6e-06	6
3.48e-06	5.6e-06	6
3.5e-06	5.6e-06	6
3.52e-06	5.6e-06	6
3.54e-06	5.6e-06	6
3.56e-06	5.6e-06	6
3.58e-06	5.6e-06	6
3.6e-06	5.6e-06	6
3.62e-06	5.6e-06	6
3.64e-06	5.6e-06	6
3.66e-06	5.6e-06	6
3.68e-06	5.6e-06	6
3.7e-06	5.6e-06	6
3.72e-06	5.6e-06	6
3.74e-06	5.6e-06	6
3.76e-06	5.6e-06	6
3.78e-06	5.6e-06	6
3.8e-06	5.6e-06	6
3.82e-06	5.6e-06	6
3.84e-06	5.6e-06	6
3.86e-06	5.6e-06	6
3.88e-06	5.6e-06	6
3.9e-06	5.6e-06	6
3.92e-06	5.6e-06	6
3.94e-06	5.6e-06	6
3.96e-06	5.6e-06	6
3.98e-06	5.6e-06	6
4e-06	5.6e-06	6
4e-06	5.6e-06	-6
4e-06	5.6e-06	-6
4e-06	5.6e-06	-6
4e-06	5.6e-06	-6
4e-06	5.6e-06	-6
4e-06	5.6e-06	-6
4e-06	5.6e-06	-6
4e-06	5.6e-06	-6
4e-06	5.6e-06	-6
4e-06	5.6e-06	-6
4e-06	5.6e-06	-6
3.98e-06	5.6e-06	-6
3.96e-06	5.6e-06	-6
3.94e-06	5.6e-06	-6
3.92e-06	5.6e-06	-6
3.9e-06	5.6e-06	-6
3.88e-06	5.6e-06	-6
3.86e-06	5.6e-06	-6
3.84e-06	5.6e-06	-6
3.82e-06	5.6e-06	-6
3.8e-06	5.6e-06	-6
3.78e-06	5.6e-06	-6
3.76e-06	5.6e-06	-6
3.74e-06	5.6e-06	-6
3.72e-06	5.6e-06	-6
3.7e-06	5.6e-06	-6
3.68e-06	5.6e-06	-6
3.66e-06	5.6e-06	-6
3.64e-06	5.6e-06	-6
3.62e-06	5.6e-06	-6
3.6e-06	5.6e-06	-6
3.58e-06	5.6e-06	-6
3.56e-06	5.6e-06	-6
3.54e-06	5.6e-06	-6
3.52e-06	5.6e-06	-6
3.5e-06	5.6e-06	-6
3.48e-06	5.6e-06	-6
3.46e-06	5.6e-06	-6
3.44e-06	5.6e-06	-6
3.42e-06	5.6e-06	-6
3.4e-06	5.6e-06	-6
3.38e-06	5.6e-06	-6
3.36e-06	5.6e-06	-6
3.34e-06	5.6e-06	-6
3.32e-06	5.6e-06	-6
3.3e-06	5.6e-06	-6
3.28e-06	5.6e-06	-6
3.26e-06	5.6e-06	-6
3.24e-06	5.6e-06	-6
3.22e-06	5.6e-06	-6
3.2e-06	5.6e-06	-6
3.18e-06	5.6e-06	-6
3.16e-06	5.6e-06	-6
3.14e-06	5.6e-06	-6
3.12e-06	5.6e-06	-6
3.1e-06	5.6e-06	-6
3.08e-06	5.6e-06	-6
3.06e-06	5.6e-06	-6
3.04e-06	5.6e-06	-6
3.02e-06	5.6e-06	-6
3e-06	5.6e-06	-6
3e-06	5.6e-06	0
3e-06	5.616666667e-06	0
3e-06	5.633333333e-06	0
3e-06	5.65e-06	0
3e-06	5.666666667e-06	0
3e-06	5.683333333e-06	0
3e-06	5.7e-06	0
3e-06	5.7e-06	6
3e-06	5.7e-06	6
3e-06	5.7e-06	6
3e-06	5.7e-06	6
3e-06	5.7e-06	6
3e-06	5.7e-06	6
3e-06	5.7e-06	6
3e-06	5.7e-06	6
3e-06	5.7e-06	6
3e-06	5.7e-06	6
3e-06	5.7e-06	6
3.02e-06	5.7e-06	6
3.04e-06	5.7e-06	6
3.06e-06	5.7e-06	6
3.08e-06	5.7e-06	6
3.1e-06	5.7e-06	6
3.12e-06	5.7e-06	6
3.14e-06	5.7e-06	6
3.16e-06	5.7e-06	6
3.18e-06	5.7e-06	6
3.2e-06	5.7e-06	6
3.22e-06	5.7e-06	6
3.24e-06	5.7e-06	6
3.26e-06	5.7e-06	6
3.28e-06	5.7e-06	6
3.3e-06	5.7e-06	6
3.32e-06	5.7e-06	6
3.34e-06	5.7e-06	6
3.36e-06	5.7e-06	6
3.38e-06	5.7e-06	6
3.4e-06	5.7e-06	6
3.42e-06	5.7e-06	6
3.44e-06	5.7e-06	6
3.46e-06	5.7e-06	6
3.48e-06	5.7e-06	6
3.5e-06	5.7e-06	6
3.52e-06	5.7e-06	6
3.54e-06	5.7e-06	6
3.56e-06	5.7e-06	6
3.58e-06	5.7e-06	6
3.6e-06	5.7e-06	6
3.62e-06	5.7e-06	6
3.64e-06	5.7e-06	6
3.66e-06	5.7e-06	6
3.68e-06	5.7e-06	6
3.7e-06	5.7e-06	6
3.72e-06	5.7e-06	6
3.74e-06	5.7e-06	6
3.76e-06	5.7e-06	6
3.78e-06	5.7e-06	6
3.8e-06	5.7e-06	6
3.82e-06	5.7e-06	6
3.84e-06	5.7e-06	6
3.86e-06	5.7e-06	6
3.88e-06	5.7e-06	6
3.9e-06	5.7e-06	6
3.92e-06	5.7e-06	6
3.94e-06	5.7e-06	6
3.96e-06	5.7e-06	6
3.98e-06	5.7e-06	6
4e-06	5.7e-06	6
4e-06	5.7e-06	-6
4e-06	5.7e-06	-6
4e-06	5.7e-06	-6
4e-06	5.7e-06	-6
4e-06	5.7e-06	-6
4e-06	5.7e-06	-6
4e-06	5.7e-06	-6
4e-06	5.7e-06	-6
4e-06	5.7e-06	-6
4e-06	5.7e-06	-6
4e-06	5.7e-06	-6
3.98e-06	5.7e-06	-6
3.96e-06	5.7e-06	-6
3.94e-06	5.7e-06	-6
3.92e-06	5.7e-06	-6
3.9e-06	5.7e-06	-6
3.88e-06	5.7e-06	-6
3.86e-06	5.7e-06	-6
3.84e-06	5.7e-06	-6
3.82e-06	5.7e-06	-6
3.8e-06	5.7e-06	-6
3.78e-06	5.7e-06	-6
3.76e-06	5.7e-06	-6
3.74e-06	5.7e-06	-6
3.72e-06	5.7e-06	-6
3.7e-06	5.7e-06	-6
3.68e-06	5.7e-06	-6
3.66e-06	5.7e-06	-6
3.64e-06	5.7e-06	-6
3.62e-06	5.7e-06	-6
3.6e-06	5.7e-06	-6
3.58e-06	5.7e-06	-6
3.56e-06	5.7e-06	-6
3.54e-06	5.7e-06	-6
3.52e-06	5.7e-06	-6
3.5e-06	5.7e-06	-6
3.48e-06	5.7e-06	-6
3.46e-06	5.7e-06	-6
3.44e-06	5.7e-06	-6
3.42e-06	5.7e-06	-6
3.4e-06	5.7e-06	-6
3.38e-06	5.7e-06	-6
3.36e-06	5.7e-06	-6
3.34e-06	5.7e-06	-6
3.32e-06	5.7e-06	-6
3.3e-06	5.7e-06	-6
3.28e-06	5.7e-06	-6
3.26e-06	5.7e-06	-6
3.24e-06	5.7e-06	-6
3.22e-06	5.7e-06	-6
3.2e-06	5.7e-06	-6
3.18e-06	5.7e-06	-6
3.16e-06	5.7e-06	-6
3.14e-06	5.7e-06	-6
3.12e-06	5.7e-06	-6
3.1e-06	5.7e-06	-6
3.08e-06	5.7e-06	-6
3.06e-06	5.7e-06	-6
3.04e-06	5.7e-06	-6
3.02e-06	5.7e-06	-6
3e-06	5.7e-06	-6
3e-06	5.7e-06	0
3e-06	5.72e-06	0
3e-06	5.74e-06	0
3e-06	5.76e-06	0
3e-06	5.78e-06	0
3e-06	5.8e-06	0
3e-06	5.8e-06	6
3e-06	5.8e-06	6
3e-06	5.8e-06	6
3e-06	5.8e-06	6
3e-06	5.8e-06	6
3e-06	5.8e-06	6
3e-06	5.8e-06	6
3e-06	5.8e-06	6
3e-06	5.8e-06	6
3e-06	5.8e-06	6
3e-06	5.8e-06	6
3.02e-06	5.8e-06	6
3.04e-06	5.8e-06	6
3.06e-06	5.8e-06	6
3.08e-06	5.8e-06	6
3.1e-06	5.8e-06	6
3.12e-06	5.8e-06	6
3.14e-06	5.8e-06	6
3.16e-06	5.8e-06	6
3.18e-06	5.8e-06	6
3.2e-06	5.8e-06	6
3.22e-06	5.8e-06	6
3.24e-06	5.8e-06	6
3.26e-06	5.8e-06	6
3.28e-06	5.8e-06	6
3.3e-06	5.8e-06	6
3.32e-06	5.8e-06	6
3.34e-06	5.8e-06	6
3.36e-06	5.8e-06	6
3.38e-06	5.8e-06	6
3.4e-06	5.8e-06	6
3.42e-06	5.8e-06	6
3.44e-06	5.8e-06	6
3.46e-06	5.8e-06	6
3.48e-06	5.8e-06	6
3.5e-06	5.8e-06	6
3.52e-06	5.8e-06	6
3.54e-06	5.8e-06	6
3.56e-06	5.8e-06	6
3.58e-06	5.8e-06	6
3.6e-06	5.8e-06	6
3.62e-06	5.8e-06	6
3.64e-06	5.8e-06	6
3.66e-06	5.8e-06	6
3.68e-06	5.8e-06	6
3.7e-06	5.8e-06	6
3.72e-06	5.8e-06	6
3.74e-06	5.8e-06	6
3.76e-06	5.8e-06	6
3.78e-06	5.8e-06	6
3.8e-06	5.8e-06	6
3.82e-06	5.8e-06	6
3.84e-06	5.8e-06	6
3.86e-06	5.8e-06	6
3.88e-06	5.8e-06	6
3.9e-06	5.8e-06	6
3.92e-06	5.8e-06	6
3.94e-06	5.8e-06	6
3.96e-06	5.8e-06	6
3.98e-06	5.8e-06	6
4e-06	5.8e-06	6
4e-06	5.8e-06	-6
4e-06	5.8e-06	-6
4e-06	5.8e-06	-6
4e-06	5.8e-06	-6
4e-06	5.8e-06	-6
4e-06	5.8e-06	-6
4e-06	5.8e-06	-6
4e-06	5.8e-06	-6
4e-06	5.8e-06	-6
4e-06	5.8e-06	-6
4e-06	5.8e-06	-6
3.98e-06	5.8e-06	-6
3.96e-06	5.8e-06	-6
3.94e-06	5.8e-06	-6
3.92e-06	5.8e-06	-6
3.9e-06	5.8e-06	-6
3.88e-06	5.8e-06	-6
3.86e-06	5.8e-06	-6
3.84e-06	5.8e-06	-6
3.82e-06	5.8e-06	-6
3.8e-06	5.8e-06	-6
3.78e-06	5.8e-06	-6
3.76e-06	5.8e-06	-6
3.74e-06	5.8e-06	-6
3.72e-06	5.8e-06	-6
3.7e-06	5.8e-06	-6
3.68e-06	5.8e-06	-6
3.66e-06	5.8e-06	-6
3.64e-06	5.8e-06	-6
3.62e-06	5.8e-06	-6
3.6e-06	5.8e-06	-6
3.58e-06	5.8e-06	-6
3.56e-06	5.8e-06	-6
3.54e-06	5.8e-06	-6
3.52e-06	5.8e-06	-6
3.5e-06	5.8e-06	-6
3.48e-06	5.8e-06	-6
3.46e-06	5.8e-06	-6
3.44e-06	5.8e-06	-6
3.42e-06	5.8e-06	-6
3.4e-06	5.8e-06	-6
3.38e-06	5.8e-06	-6
3.36e-06	5.8e-06	-6
3.34e-06	5.8e-06	-6
3.32e-06	5.8e-06	-6
3.3e-06	5.8e-06	-6
3.28e-06	5.8e-06	-6
3.26e-06	5.8e-06	-6
3.24e-06	5.8e-06	-6
3.22e-06	5.8e-06	-6
3.2e-06	5.8e-06	-6
3.18e-06	5.8e-06	-6
3.16e-06	5.8e-06	-6
3.14e-06	5.8e-06	-6
3.12e-06	5.8e-06	-6
3.1e-06	5.8e-06	-6
3.08e-06	5.8e-06	-6
3.06e-06	5.8e-06	-6
3.04e-06	5.8e-06	-6
3.02e-06	5.8e-06	-6
3e-06	5.8e-06	-6
3e-06	5.8e-06	0
3e-06	5.816666667e-06	0
3e-06	5.833333333e-06	0
3e-06	5.85e-06	0
3e-06	5.866666667e-06	0
3e-06	5.883333333e-06	0
3e-06	5.9e-06	0
3e-06	5.9e-06	6
3e-06	5.9e-06	6
3e-06	5.9e-06	6
3e-06	5.9e-06	6
3e-06	5.9e-06	6
3e-06	5.9e-06	6
3e-06	5.9e-06	6
3e-06	5.9e-06	6
3e-06	5.9e-06	6
3e-06	5.9e-06	6
3e-06	5.9e-06	6
3.02e-06	5.9e-06	6
3.04e-06	5.9e-06	6
3.06e-06	5.9e-06	6
3.08e-06	5.9e-06	6
3.1e-06	5.9e-06	6
3.12e-06	5.9e-06	6
3.14e-06	5.9e-06	6
3.16e-06	5.9e-06	6
3.18e-06	5.9e-06	6
3.2e-06	5.9e-06	6
3.22e-06	5.9e-06	6
3.24e-06	5.9e-06	6
3.26e-06	5.9e-06	6
3.28e-06	5.9e-06	6
3.3e-06	5.9e-06	6
3.32e-06	5.9e-06	6
3.34e-06	5.9e-06	6
3.36e-06	5.9e-06	6
3.38e-06	5.9e-06	6
3.4e-06	5.9e-06	6
3.42e-06	5.9e-06	6
3.44e-06	5.9e-06	6
3.46e-06	5.9e-06	6
3.48e-06	5.9e-06	6
3.5e-06	5.9e-06	6
3.52e-06	5.9e-06	6
3.54e-06	5.9e-06	6
3.56e-06	5.9e-06	6
3.58e-06	5.9e-06	6
3.6e-06	5.9e-06	6
3.62e-06	5.9e-06	6
3.64e-06	5.9e-06	6
3.66e-06	5.9e-06	6
3.68e-06	5.9e-06	6
3.7e-06	5.9e-06	6
3.72e-06	5.9e-06	6
3.74e-06	5.9e-06	6
3.76e-06	5.9e-06	6
3.78e-06	5.9e-06	6
3.8e-06	5.9e-06	6
3.82e-06	5.9e-06	6
3.84e-06	5.9e-06	6
3.86e-06	5.9e-06	6
3.88e-06	5.9e-06	6
3.9e-06	5.9e-06	6
3.92e-06	5.9e-06	6
3.94e-06	5.9e-06	6
3.96e-06	5.9e-06	6
3.98e-06	5.9e-06	6
4e-06	5.9e-06	6
4e-06	5.9e-06	-6
4e-06	5.9e-06	-6
4e-06	5.9e-06	-6
4e-06	5.9e-06	-6
4e-06	5.9e-06	-6
4e-06	5.9e-06	-6
4e-06	5.9e-06	-6
4e-06	5.9e-06	-6
4e-06	5.9e-06	-6
4e-06	5.9e-06	-6
4e-06	5.9e-06	-6
3.98e-06	5.9e-06	-6
3.96e-06	5.9e-06	-6
3.94e-06	5.9e-06	-6
3.92e-06	5.9e-06	-6
3.9e-06	5.9e-06	-6
3.88e-06	5.9e-06	-6
3.86e-06	5.9e-06	-6
3.84e-06	5.9e-06	-6
3.82e-06	5.9e-06	-6
3.8e-06	5.9e-06	-6
3.78e-06	5.9e-06	-6
3.76e-06	5.9e-06	-6
3.74e-06	5.9e-06	-6
3.72e-06	5.9e-06	-6
3.7e-06	5.9e-06	-6
3.68e-06	5.9e-06	-6
3.66e-06	5.9e-06	-6
3.64e-06	5.9e-06	-6
3.62e-06	5.9e-06	-6
3.6e-06	5.9e-06	-6
3.58e-06	5.9e-06	-6
3.56e-06	5.9e-06	-6
3.54e-06	5.9e-06	-6
3.52e-06	5.9e-06	-6
3.5e-06	5.9e-06	-6
3.48e-06	5.9e-06	-6
3.46e-06	5.9e-06	-6
3.44e-06	5.9e-06	-6
3.42e-06	5.9e-06	-6
3.4e-06	5.9e-06	-6
3.38e-06	5.9e-06	-6
3.36e-06	5.9e-06	-6
3.34e-06	5.9e-06	-6
3.32e-06	5.9e-06	-6
3.3e-06	5.9e-06	-6
3.28e-06	5.9e-06	-6
3.26e-06	5.9e-06	-6
3.24e-06	5.9e-06	-6
3.22e-06	5.9e-06	-6
3.2e-06	5.9e-06	-6
3.18e-06	5.9e-06	-6
3.16e-06	5.9e-06	-6
3.14e-06	5.9e-06	-6
3.12e-06	5.9e-06	-6
3.1e-06	5.9e-06	-6
3.08e-06	5.9e-06	-6
3.06e-06	5.9e-06	-6
3.04e-06	5.9e-06	-6
3.02e-06	5.9e-06	-6
3e-06	5.9e-06	-6
3e-06	5.9e-06	0
3e-06	5.92e-06	0
3e-06	5.94e-06	0
3e-06	5.96e-06	0
3e-06	5.98e-06	0
3e-06	6e-06	0
3e-06	6e-06	6
3e-06	6e-06	6
3e-06	6e-06	6
3e-06	6e-06	6
3e-06	6e-06	6
3e-06	6e-06	6
3e-06	6e-06	6
3e-06	6e-06	6
3e-06	6e-06	6
3e-06	6e-06	6
3e-06	6e-06	6
3.02e-06	6e-06	6
3.04e-06	6e-06	6
3.06e-06	6e-06	6
3.08e-06	6e-06	6
3.1e-06	6e-06	6
3.12e-06	6e-06	6
3.14e-06	6e-06	6
3.16e-06	6e-06	6
3.18e-06	6e-06	6
3.2e-06	6e-06	6
3.22e-06	6e-06	6
3.24e-06	6e-06	6
3.26e-06	6e-06	6
3.28e-06	6e-06	6
3.3e-06	6e-06	6
3.32e-06	6e-06	6
3.34e-06	6e-06	6
3.36e-06	6e-06	6
3.38e-06	6e-06	6
3.4e-06	6e-06	6
3.42e-06	6e-06	6
3.44e-06	6e-06	6
3.46e-06	6e-06	6
3.48e-06	6e-06	6
3.5e-06	6e-06	6
3.52e-06	6e-06	6
3.54e-06	6e-06	6
3.56e-06	6e-06	6
3.58e-06	6e-06	6
3.6e-06	6e-06	6
3.62e-06	6e-06	6
3.64e-06	6e-06	6
3.66e-06	6e-06	6
3.68e-06	6e-06	6
3.7e-06	6e-06	6
3.72e-06	6e-06	6
3.74e-06	6e-06	6
3.76e-06	6e-06	6
3.78e-06	6e-06	6
3.8e-06	6e-06	6
3.82e-06	6e-06	6
3.84e-06	6e-06	6
3.86e-06	6e-06	6
3.88e-06	6e-06	6
3.9e-06	6e-06	6
3.92e-06	6e-06	6
3.94e-06	6e-06	6
3.96e-06	6e-06	6
3.98e-06	6e-06	6
4e-06	6e-06	6
4e-06	6e-06	-6
4e-06	6e-06	-6
4e-06	6e-06	-6
4e-06	6e-06	-6
4e-06	6e-06	-6
4e-06	6e-06	-6
4e-06	6e-06	-6
4e-06	6e-06	-6
4e-06	6e-06	-6
4e-06	6e-06	-6
4e-06	6e-06	-6
3.98e-06	6e-06	-6
3.96e-06	6e-06	-6
3.94e-06	6e-06	-6
3.92e-06	6e-06	-6
3.9e-06	6e-06	-6
3.88e-06	6e-06	-6
3.86e-06	6e-06	-6
3.84e-06	6e-06	-6
3.82e-06	6e-06	-6
3.8e-06	6e-06	-6
3.78e-06	6e-06	-6
3.76e-06	6e-06	-6
3.74e-06	6e-06	-6
3.72e-06	6e-06	-6
3.7e-06	6e-06	-6
3.68e-06	6e-06	-6
3.66e-06	6e-06	-6
3.64e-06	6e-06	-6
3.62e-06	6e-06	-6
3.6e-06	6e-06	-6
3.58e-06	6e-06	-6
3.56e-06	6e-06	-6
3.54e-06	6e-06	-6
3.52e-06	6e-06	-6
3.5e-06	6e-06	-6
3.48e-06	6e-06	-6
3.46e-06	6e-06	-6
3.44e-06	6e-06	-6
3.42e-06	6e-06	-6
3.4e-06	6e-06	-6
3.38e-06	6e-06	-6
3.36e-06	6e-06	-6
3.34e-06	6e-06	-6
3.32e-06	6e-06	-6
3.3e-06	6e-06	-6
3.28e-06	6e-06	-6
3.26e-06	6e-06	-6
3.24e-06	6e-06	-6
3.22e-06	6e-06	-6
3.2e-06	6e-06	-6
3.18e-06	6e-06	-6
3.16e-06	6e-06	-6
3.14e-06	6e-06	-6
3.12e-06	6e-06	-6
3.1e-06	6e-06	-6
3.08e-06	6e-06	-6
3.06e-06	6e-06	-6
3.04e-06	6e-06	-6
3.02e-06	6e-06	-6
3e-06	6e-06	-6
