# X_m	Y_m	V
6.183012702e-06	5.316987298e-06	6
6.183012702e-06	5.316987298e-06	6
6.183012702e-06	5.316987298e-06	6
6.183012702e-06	5.316987298e-06	6
6.183012702e-06	5.316987298e-06	6
6.183012702e-06	5.316987298e-06	6
6.183012702e-06	5.316987298e-06	6
6.183012702e-06	5.316987298e-06	6
6.183012702e-06	5.316987298e-06	6
6.183012702e-06	5.316987298e-06	6
6.183012702e-06	5.316987298e-06	6
6.17320878e-06	5.333968188e-06	6
6.163404859e-06	5.350949079e-06	6
6.153600937e-06	5.367929969e-06	6
6.143797016e-06	5.384910859e-06	6
6.133993094e-06	5.401891749e-06	6
6.124189172e-06	5.41887264e-06	6
6.114385251e-06	5.43585353e-06	6
6.104581329e-06	5.45283442e-06	6
6.094777408e-06	5.469815311e-06	6
6.084973486e-06	5.486796201e-06	6
6.075169565e-06	5.503777091e-06	6
6.065365643e-06	5.520757981e-06	6
6.055561722e-06	5.537738872e-06	6
6.0457578e-06	5.554719762e-06	6
6.035953878e-06	5.571700652e-06	6
6.026149957e-06	5.588681542e-06	6
6.016346035e-06	5.605662433e-06	6
6.006542114e-06	5.622643323e-06	6
5.996738192e-06	5.639624213e-06	6
5.986934271e-06	5.656605104e-06	6
5.977130349e-06	5.673585994e-06	6
5.967326427e-06	5.690566884e-06	6
5.957522506e-06	5.707547774e-06	6
5.947718584e-06	5.724528665e-06	6
5.937914663e-06	5.741509555e-06	6
5.928110741e-06	5.758490445e-06	6
5.91830682e-06	5.775471335e-06	6
5.908502898e-06	5.792452226e-06	6
5.898698976e-06	5.809433116e-06	6
5.888895055e-06	5.826414006e-06	6
5.879091133e-06	5.843394896e-06	6
5.869287212e-06	5.860375787e-06	6
5.85948329e-06	5.877356677e-06	6
5.849679369e-06	5.894337567e-06	6
5.839875447e-06	5.911318458e-06	6
5.830071525e-06	5.928299348e-06	6
5.820267604e-06	5.945280238e-06	6
5.810463682e-06	5.962261128e-06	6
5.800659761e-06	5.979242019e-06	6
5.790855839e-06	5.996222909e-06	6
5.781051918e-06	6.013203799e-06	6
5.771247996e-06	6.030184689e-06	6
5.761444074e-06	6.04716558e-06	6
5.751640153e-06	6.06414647e-06	6
5.741836231e-06	6.08112736e-06	6
5.73203231e-06	6.098108251e-06	6
5.722228388e-06	6.115089141e-06	6
5.712424467e-06	6.132070031e-06	6
5.702620545e-06	6.149050921e-06	6
5.692816623e-06	6.166031812e-06	6
5.683012702e-06	6.183012702e-06	6
5.683012702e-06	6.183012702e-06	-6
5.683012702e-06	6.183012702e-06	-6
5.683012702e-06	6.183012702e-06	-6
5.683012702e-06	6.183012702e-06	-6
5.683012702e-06	6.183012702e-06	-6
5.683012702e-06	6.183012702e-06	-6
5.683012702e-06	6.183012702e-06	-6
5.683012702e-06	6.183012702e-06	-6
5.683012702e-06	6.183012702e-06	-6
5.683012702e-06	6.183012702e-06	-6
5.683012702e-06	6.183012702e-06	-6
5.692816623e-06	6.166031812e-06	-6
5.702620545e-06	6.149050921e-06	-6
5.712424467e-06	6.132070031e-06	-6
5.722228388e-06	6.115089141e-06	-6
5.73203231e-06	6.098108251e-06	-6
5.741836231e-06	6.08112736e-06	-6
5.751640153e-06	6.06414647e-06	-6
5.761444074e-06	6.04716558e-06	-6
5.771247996e-06	6.030184689e-06	-6
5.781051918e-06	6.013203799e-06	-6
5.790855839e-06	5.996222909e-06	-6
5.800659761e-06	5.979242019e-06	-6
5.810463682e-06	5.962261128e-06	-6
5.820267604e-06	5.945280238e-06	-6
5.830071525e-06	5.928299348e-06	-6
5.839875447e-06	5.911318458e-06	-6
5.849679369e-06	5.894337567e-06	-6
5.85948329e-06	5.877356677e-06	-6
5.869287212e-06	5.860375787e-06	-6
5.879091133e-06	5.843394896e-06	-6
5.888895055e-06	5.826414006e-06	-6
5.898698976e-06	5.809433116e-06	-6
5.908502898e-06	5.792452226e-06	-6
5.91830682e-06	5.775471335e-06	-6
5.928110741e-06	5.758490445e-06	-6
5.937914663e-06	5.741509555e-06	-6
5.947718584e-06	5.724528665e-06	-6
5.957522506e-06	5.707547774e-06	-6
5.967326427e-06	5.690566884e-06	-6
5.977130349e-06	5.673585994e-06	-6
5.986934271e-06	5.656605104e-06	-6
5.996738192e-06	5.639624213e-06	-6
6.006542114e-06	5.622643323e-06	-6
6.016346035e-06	5.605662433e-06	-6
6.026149957e-06	5.588681542e-06	-6
6.035953878e-06	5.571700652e-06	-6
6.0457578e-06	5.554719762e-06	-6
6.055561722e-06	5.537738872e-06	-6
6.065365643e-06	5.520757981e-06	-6
6.075169565e-06	5.503777091e-06	-6
6.084973486e-06	5.486796201e-06	-6
6.094777408e-06	5.469815311e-06	-6
6.104581329e-06	5.45283442e-06	-6
6.114385251e-06	5.43585353e-06	-6
6.124189172e-06	5.41887264e-06	-6
6.133993094e-06	5.401891749e-06	-6
6.143797016e-06	5.384910859e-06	-6
6.153600937e-06	5.367929969e-06	-6
6.163404859e-06	5.350949079e-06	-6
6.17320878e-06	5.333968188e-06	-6
6.183012702e-06	5.316987298e-06	-6
6.183012702e-06	5.316987298e-06	0
6.168578945e-06	5.308653965e-06	0
6.154145188e-06	5.300320631e-06	0
6.139711432e-06	5.291987298e-06	0
6.125277675e-06	5.283653965e-06	0
6.110843918e-06	5.275320631e-06	0
6.096410162e-06	5.266987298e-06	0
6.096410162e-06	5.266987298e-06	6
6.096410162e-06	5.266987298e-06	6
6.096410162e-06	5.266987298e-06	6
6.096410162e-06	5.266987298e-06	6
6.096410162e-06	5.266987298e-06	6
6.096410162e-06	5.266987298e-06	6
6.096410162e-06	5.266987298e-06	6
6.096410162e-06	5.266987298e-06	6
6.096410162e-06	5.266987298e-06	6
6.096410162e-06	5.266987298e-06	6
6.096410162e-06	5.266987298e-06	6
6.08660624e-06	5.283968188e-06	6
6.076802318e-06	5.300949079e-06	6
6.066998397e-06	5.317929969e-06	6
6.057194475e-06	5.334910859e-06	6
6.047390554e-06	5.351891749e-06	6
6.037586632e-06	5.36887264e-06	6
6.027782711e-06	5.38585353e-06	6
6.017978789e-06	5.40283442e-06	6
6.008174867e-06	5.419815311e-06	6
5.998370946e-06	5.436796201e-06	6
5.988567024e-06	5.453777091e-06	6
5.978763103e-06	5.470757981e-06	6
5.968959181e-06	5.487738872e-06	6
5.95915526e-06	5.504719762e-06	6
5.949351338e-06	5.521700652e-06	6
5.939547416e-06	5.538681542e-06	6
5.929743495e-06	5.555662433e-06	6
5.919939573e-06	5.572643323e-06	6
5.910135652e-06	5.589624213e-06	6
5.90033173e-06	5.606605104e-06	6
5.890527809e-06	5.623585994e-06	6
5.880723887e-06	5.640566884e-06	6
5.870919965e-06	5.657547774e-06	6
5.861116044e-06	5.674528665e-06	6
5.851312122e-06	5.691509555e-06	6
5.841508201e-06	5.708490445e-06	6
5.831704279e-06	5.725471335e-06	6
5.821900358e-06	5.742452226e-06	6
5.812096436e-06	5.759433116e-06	6
5.802292514e-06	5.776414006e-06	6
5.792488593e-06	5.793394896e-06	6
5.782684671e-06	5.810375787e-06	6
5.77288075e-06	5.827356677e-06	6
5.763076828e-06	5.844337567e-06	6
5.753272907e-06	5.861318458e-06	6
5.743468985e-06	5.878299348e-06	6
5.733665063e-06	5.895280238e-06	6
5.723861142e-06	5.912261128e-06	6
5.71405722e-06	5.929242019e-06	6
5.704253299e-06	5.946222909e-06	6
5.694449377e-06	5.963203799e-06	6
5.684645456e-06	5.980184689e-06	6
5.674841534e-06	5.99716558e-06	6
5.665037612e-06	6.01414647e-06	6
5.655233691e-06	6.03112736e-06	6
5.645429769e-06	6.048108251e-06	6
5.635625848e-06	6.065089141e-06	6
5.625821926e-06	6.082070031e-06	6
5.616018005e-06	6.099050921e-06	6
5.606214083e-06	6.116031812e-06	6
5.596410162e-06	6.133012702e-06	6
5.596410162e-06	6.133012702e-06	-6
5.596410162e-06	6.133012702e-06	-6
5.596410162e-06	6.133012702e-06	-6
5.596410162e-06	6.133012702e-06	-6
5.596410162e-06	6.133012702e-06	-6
5.596410162e-06	6.133012702e-06	-6
5.596410162e-06	6.133012702e-06	-6
5.596410162e-06	6.133012702e-06	-6
5.596410162e-06	6.133012702e-06	-6
5.596410162e-06	6.133012702e-06	-6
5.596410162e-06	6.133012702e-06	-6
5.606214083e-06	6.116031812e-06	-6
5.616018005e-06	6.099050921e-06	-6
5.625821926e-06	6.082070031e-06	-6
5.635625848e-06	6.065089141e-06	-6
5.645429769e-06	6.048108251e-06	-6
5.655233691e-06	6.03112736e-06	-6
5.665037612e-06	6.01414647e-06	-6
5.674841534e-06	5.99716558e-06	-6
5.684645456e-06	5.980184689e-06	-6
5.694449377e-06	5.963203799e-06	-6
5.704253299e-06	5.946222909e-06	-6
5.71405722e-06	5.929242019e-06	-6
5.723861142e-06	5.912261128e-06	-6
5.733665063e-06	5.895280238e-06	-6
5.743468985e-06	5.878299348e-06	-6
5.753272907e-06	5.861318458e-06	-6
5.763076828e-06	5.844337567e-06	-6
5.77288075e-06	5.827356677e-06	-6
5.782684671e-06	5.810375787e-06	-6
5.792488593e-06	5.793394896e-06	-6
5.802292514e-06	5.776414006e-06	-6
5.812096436e-06	5.759433116e-06	-6
5.821900358e-06	5.742452226e-06	-6
5.831704279e-06	5.725471335e-06	-6
5.841508201e-06	5.708490445e-06	-6
5.851312122e-06	5.691509555e-06	-6
5.861116044e-06	5.674528665e-06	-6
5.870919965e-06	5.657547774e-06	-6
5.880723887e-06	5.640566884e-06	-6
5.890527809e-06	5.623585994e-06	-6
5.90033173e-06	5.606605104e-06	-6
5.910135652e-06	5.589624213e-06	-6
5.919939573e-06	5.572643323e-06	-6
5.929743495e-06	5.555662433e-06	-6
5.939547416e-06	5.538681542e-06	-6
5.949351338e-06	5.521700652e-06	-6
5.95915526e-06	5.504719762e-06	-6
5.968959181e-06	5.487738872e-06	-6
5.978763103e-06	5.470757981e-06	-6
5.988567024e-06	5.453777091e-06	-6
5.998370946e-06	5.436796201e-06	-6
6.008174867e-06	5.419815311e-06	-6
6.017978789e-06	5.40283442e-06	-6
6.027782711e-06	5.38585353e-06	-6
6.037586632e-06	5.36887264e-06	-6
6.047390554e-06	5.351891749e-06	-6
6.057194475e-06	5.334910859e-06	-6
6.066998397e-06	5.317929969e-06	-6
6.076802318e-06	5.300949079e-06	-6
6.08660624e-06	5.283968188e-06	-6
6.096410162e-06	5.266987298e-06	-6
6.096410162e-06	5.266987298e-06	0
6.079089653e-06	5.256987298e-06	0
6.061769145e-06	5.246987298e-06	0
6.044448637e-06	5.236987298e-06	0
6.027128129e-06	5.226987298e-06	0
6.009807621e-06	5.216987298e-06	0
6.009807621e-06	5.216987298e-06	6
6.009807621e-06	5.216987298e-06	6
6.009807621e-06	5.216987298e-06	6
6.009807621e-06	5.216987298e-06	6
6.009807621e-06	5.216987298e-06	6
6.009807621e-06	5.216987298e-06	6
6.009807621e-06	5.216987298e-06	6
6.009807621e-06	5.216987298e-06	6
6.009807621e-06	5.216987298e-06	6
6.009807621e-06	5.216987298e-06	6
6.009807621e-06	5.216987298e-06	6
6.0000037e-06	5.233968188e-06	6
5.990199778e-06	5.250949079e-06	6
5.980395856e-06	5.267929969e-06	6
5.970591935e-06	5.284910859e-06	6
5.960788013e-06	5.301891749e-06	6
5.950984092e-06	5.31887264e-06	6
5.94118017e-06	5.33585353e-06	6
5.931376249e-06	5.35283442e-06	6
5.921572327e-06	5.369815311e-06	6
5.911768405e-06	5.386796201e-06	6
5.901964484e-06	5.403777091e-06	6
5.892160562e-06	5.420757981e-06	6
5.882356641e-06	5.437738872e-06	6
5.872552719e-06	5.454719762e-06	6
5.862748798e-06	5.471700652e-06	6
5.852944876e-06	5.488681542e-06	6
5.843140954e-06	5.505662433e-06	6
5.833337033e-06	5.522643323e-06	6
5.823533111e-06	5.539624213e-06	6
5.81372919e-06	5.556605104e-06	6
5.803925268e-06	5.573585994e-06	6
5.794121347e-06	5.590566884e-06	6
5.784317425e-06	5.607547774e-06	6
5.774513503e-06	5.624528665e-06	6
5.764709582e-06	5.641509555e-06	6
5.75490566e-06	5.658490445e-06	6
5.745101739e-06	5.675471335e-06	6
5.735297817e-06	5.692452226e-06	6
5.725493896e-06	5.709433116e-06	6
5.715689974e-06	5.726414006e-06	6
5.705886053e-06	5.743394896e-06	6
5.696082131e-06	5.760375787e-06	6
5.686278209e-06	5.777356677e-06	6
5.676474288e-06	5.794337567e-06	6
5.666670366e-06	5.811318458e-06	6
5.656866445e-06	5.828299348e-06	6
5.647062523e-06	5.845280238e-06	6
5.637258602e-06	5.862261128e-06	6
5.62745468e-06	5.879242019e-06	6
5.617650758e-06	5.896222909e-06	6
5.607846837e-06	5.913203799e-06	6
5.598042915e-06	5.930184689e-06	6
5.588238994e-06	5.94716558e-06	6
5.578435072e-06	5.96414647e-06	6
5.568631151e-06	5.98112736e-06	6
5.558827229e-06	5.998108251e-06	6
5.549023307e-06	6.015089141e-06	6
5.539219386e-06	6.032070031e-06	6
5.529415464e-06	6.049050921e-06	6
5.519611543e-06	6.066031812e-06	6
5.509807621e-06	6.083012702e-06	6
5.509807621e-06	6.083012702e-06	-6
5.509807621e-06	6.083012702e-06	-6
5.509807621e-06	6.083012702e-06	-6
5.509807621e-06	6.083012702e-06	-6
5.509807621e-06	6.083012702e-06	-6
5.509807621e-06	6.083012702e-06	-6
5.509807621e-06	6.083012702e-06	-6
5.509807621e-06	6.083012702e-06	-6
5.509807621e-06	6.083012702e-06	-6
5.509807621e-06	6.083012702e-06	-6
5.509807621e-06	6.083012702e-06	-6
5.519611543e-06	6.066031812e-06	-6
5.529415464e-06	6.049050921e-06	-6
5.539219386e-06	6.032070031e-06	-6
5.549023307e-06	6.015089141e-06	-6
5.558827229e-06	5.998108251e-06	-6
5.568631151e-06	5.98112736e-06	-6
5.578435072e-06	5.96414647e-06	-6
5.588238994e-06	5.94716558e-06	-6
5.598042915e-06	5.930184689e-06	-6
5.607846837e-06	5.913203799e-06	-6
5.617650758e-06	5.896222909e-06	-6
5.62745468e-06	5.879242019e-06	-6
5.637258602e-06	5.862261128e-06	-6
5.647062523e-06	5.845280238e-06	-6
5.656866445e-06	5.828299348e-06	-6
5.666670366e-06	5.811318458e-06	-6
5.676474288e-06	5.794337567e-06	-6
5.686278209e-06	5.777356677e-06	-6
5.696082131e-06	5.760375787e-06	-6
5.705886053e-06	5.743394896e-06	-6
5.715689974e-06	5.726414006e-06	-6
5.725493896e-06	5.709433116e-06	-6
5.735297817e-06	5.692452226e-06	-6
5.745101739e-06	5.675471335e-06	-6
5.75490566e-06	5.658490445e-06	-6
5.764709582e-06	5.641509555e-06	-6
5.774513503e-06	5.624528665e-06	-6
5.784317425e-06	5.607547774e-06	-6
5.794121347e-06	5.590566884e-06	-6
5.803925268e-06	5.573585994e-06	-6
5.81372919e-06	5.556605104e-06	-6
5.823533111e-06	5.539624213e-06	-6
5.833337033e-06	5.522643323e-06	-6
5.843140954e-06	5.505662433e-06	-6
5.852944876e-06	5.488681542e-06	-6
5.862748798e-06	5.471700652e-06	-6
5.872552719e-06	5.454719762e-06	-6
5.882356641e-06	5.437738872e-06	-6
5.892160562e-06	5.420757981e-06	-6
5.901964484e-06	5.403777091e-06	-6
5.911768405e-06	5.386796201e-06	-6
5.921572327e-06	5.369815311e-06	-6
5.931376249e-06	5.35283442e-06	-6
5.94118017e-06	5.33585353e-06	-6
5.950984092e-06	5.31887264e-06	-6
5.960788013e-06	5.301891749e-06	-6
5.970591935e-06	5.284910859e-06	-6
5.980395856e-06	5.267929969e-06	-6
5.990199778e-06	5.250949079e-06	-6
6.0000037e-06	5.233968188e-06	-6
6.009807621e-06	5.216987298e-06	-6
6.009807621e-06	5.216987298e-06	0
5.995373864e-06	5.208653965e-06	0
5.980940108e-06	5.200320631e-06	0
5.966506351e-06	5.191987298e-06	0
5.952072594e-06	5.183653965e-06	0
5.937638837e-06	5.175320631e-06	0
5.923205081e-06	5.166987298e-06	0
5.923205081e-06	5.166987298e-06	6
5.923205081e-06	5.166987298e-06	6
5.923205081e-06	5.166987298e-06	6
5.923205081e-06	5.166987298e-06	6
5.923205081e-06	5.166987298e-06	6
5.923205081e-06	5.166987298e-06	6
5.923205081e-06	5.166987298e-06	6
5.923205081e-06	5.166987298e-06	6
5.923205081e-06	5.166987298e-06	6
5.923205081e-06	5.166987298e-06	6
5.923205081e-06	5.166987298e-06	6
5.913401159e-06	5.183968188e-06	6
5.903597238e-06	5.200949079e-06	6
5.893793316e-06	5.217929969e-06	6
5.883989394e-06	5.234910859e-06	6
5.874185473e-06	5.251891749e-06	6
5.864381551e-06	5.26887264e-06	6
5.85457763e-06	5.28585353e-06	6
5.844773708e-06	5.30283442e-06	6
5.834969787e-06	5.319815311e-06	6
5.825165865e-06	5.336796201e-06	6
5.815361944e-06	5.353777091e-06	6
5.805558022e-06	5.370757981e-06	6
5.7957541e-06	5.387738872e-06	6
5.785950179e-06	5.404719762e-06	6
5.776146257e-06	5.421700652e-06	6
5.766342336e-06	5.438681542e-06	6
5.756538414e-06	5.455662433e-06	6
5.746734493e-06	5.472643323e-06	6
5.736930571e-06	5.489624213e-06	6
5.727126649e-06	5.506605104e-06	6
5.717322728e-06	5.523585994e-06	6
5.707518806e-06	5.540566884e-06	6
5.697714885e-06	5.557547774e-06	6
5.687910963e-06	5.574528665e-06	6
5.678107042e-06	5.591509555e-06	6
5.66830312e-06	5.608490445e-06	6
5.658499198e-06	5.625471335e-06	6
5.648695277e-06	5.642452226e-06	6
5.638891355e-06	5.659433116e-06	6
5.629087434e-06	5.676414006e-06	6
5.619283512e-06	5.693394896e-06	6
5.609479591e-06	5.710375787e-06	6
5.599675669e-06	5.727356677e-06	6
5.589871747e-06	5.744337567e-06	6
5.580067826e-06	5.761318458e-06	6
5.570263904e-06	5.778299348e-06	6
5.560459983e-06	5.795280238e-06	6
5.550656061e-06	5.812261128e-06	6
5.54085214e-06	5.829242019e-06	6
5.531048218e-06	5.846222909e-06	6
5.521244296e-06	5.863203799e-06	6
5.511440375e-06	5.880184689e-06	6
5.501636453e-06	5.89716558e-06	6
5.491832532e-06	5.91414647e-06	6
5.48202861e-06	5.93112736e-06	6
5.472224689e-06	5.948108251e-06	6
5.462420767e-06	5.965089141e-06	6
5.452616845e-06	5.982070031e-06	6
5.442812924e-06	5.999050921e-06	6
5.433009002e-06	6.016031812e-06	6
5.423205081e-06	6.033012702e-06	6
5.423205081e-06	6.033012702e-06	-6
5.423205081e-06	6.033012702e-06	-6
5.423205081e-06	6.033012702e-06	-6
5.423205081e-06	6.033012702e-06	-6
5.423205081e-06	6.033012702e-06	-6
5.423205081e-06	6.033012702e-06	-6
5.423205081e-06	6.033012702e-06	-6
5.423205081e-06	6.033012702e-06	-6
5.423205081e-06	6.033012702e-06	-6
5.423205081e-06	6.033012702e-06	-6
5.423205081e-06	6.033012702e-06	-6
5.433009002e-06	6.016031812e-06	-6
5.442812924e-06	5.999050921e-06	-6
5.452616845e-06	5.982070031e-06	-6
5.462420767e-06	5.965089141e-06	-6
5.472224689e-06	5.948108251e-06	-6
5.48202861e-06	5.93112736e-06	-6
5.491832532e-06	5.91414647e-06	-6
5.501636453e-06	5.89716558e-06	-6
5.511440375e-06	5.880184689e-06	-6
5.521244296e-06	5.863203799e-06	-6
5.531048218e-06	5.846222909e-06	-6
5.54085214e-06	5.829242019e-06	-6
5.550656061e-06	5.812261128e-06	-6
5.560459983e-06	5.795280238e-06	-6
5.570263904e-06	5.778299348e-06	-6
5.580067826e-06	5.761318458e-06	-6
5.589871747e-06	5.744337567e-06	-6
5.599675669e-06	5.727356677e-06	-6
5.609479591e-06	5.710375787e-06	-6
5.619283512e-06	5.693394896e-06	-6
5.629087434e-06	5.676414006e-06	-6
5.638891355e-06	5.659433116e-06	-6
5.648695277e-06	5.642452226e-06	-6
5.658499198e-06	5.625471335e-06	-6
5.66830312e-06	5.608490445e-06	-6
5.678107042e-06	5.591509555e-06	-6
5.687910963e-06	5.574528665e-06	-6
5.697714885e-06	5.557547774e-06	-6
5.707518806e-06	5.540566884e-06	-6
5.717322728e-06	5.523585994e-06	-6
5.727126649e-06	5.506605104e-06	-6
5.736930571e-06	5.489624213e-06	-6
5.746734493e-06	5.472643323e-06	-6
5.756538414e-06	5.455662433e-06	-6
5.766342336e-06	5.438681542e-06	-6
5.776146257e-06	5.421700652e-06	-6
5.785950179e-06	5.404719762e-06	-6
5.7957541e-06	5.387738872e-06	-6
5.805558022e-06	5.370757981e-06	-6
5.815361944e-06	5.353777091e-06	-6
5.825165865e-06	5.336796201e-06	-6
5.834969787e-06	5.319815311e-06	-6
5.844773708e-06	5.30283442e-06	-6
5.85457763e-06	5.28585353e-06	-6
5.864381551e-06	5.26887264e-06	-6
5.874185473e-06	5.251891749e-06	-6
5.883989394e-06	5.234910859e-06	-6
5.893793316e-06	5.217929969e-06	-6
5.903597238e-06	5.200949079e-06	-6
5.913401159e-06	5.183968188e-06	-6
5.923205081e-06	5.166987298e-06	-6
5.923205081e-06	5.166987298e-06	0
5.905884573e-06	5.156987298e-06	0
5.888564065e-06	5.146987298e-06	0
5.871243557e-06	5.136987298e-06	0
5.853923048e-06	5.126987298e-06	0
5.83660254e-06	5.116987298e-06	0
5.83660254e-06	5.116987298e-06	6
5.83660254e-06	5.116987298e-06	6
5.83660254e-06	5.116987298e-06	6
5.83660254e-06	5.116987298e-06	6
5.83660254e-06	5.116987298e-06	6
5.83660254e-06	5.116987298e-06	6
5.83660254e-06	5.116987298e-06	6
5.83660254e-06	5.116987298e-06	6
5.83660254e-06	5.116987298e-06	6
5.83660254e-06	5.116987298e-06	6
5.83660254e-06	5.116987298e-06	6
5.826798619e-06	5.133968188e-06	6
5.816994697e-06	5.150949079e-06	6
5.807190776e-06	5.167929969e-06	6
5.797386854e-06	5.184910859e-06	6
5.787582933e-06	5.201891749e-06	6
5.777779011e-06	5.21887264e-06	6
5.767975089e-06	5.23585353e-06	6
5.758171168e-06	5.25283442e-06	6
5.748367246e-06	5.269815311e-06	6
5.738563325e-06	5.286796201e-06	6
5.728759403e-06	5.303777091e-06	6
5.718955482e-06	5.320757981e-06	6
5.70915156e-06	5.337738872e-06	6
5.699347638e-06	5.354719762e-06	6
5.689543717e-06	5.371700652e-06	6
5.679739795e-06	5.388681542e-06	6
5.669935874e-06	5.405662433e-06	6
5.660131952e-06	5.422643323e-06	6
5.650328031e-06	5.439624213e-06	6
5.640524109e-06	5.456605104e-06	6
5.630720187e-06	5.473585994e-06	6
5.620916266e-06	5.490566884e-06	6
5.611112344e-06	5.507547774e-06	6
5.601308423e-06	5.524528665e-06	6
5.591504501e-06	5.541509555e-06	6
5.58170058e-06	5.558490445e-06	6
5.571896658e-06	5.575471335e-06	6
5.562092736e-06	5.592452226e-06	6
5.552288815e-06	5.609433116e-06	6
5.542484893e-06	5.626414006e-06	6
5.532680972e-06	5.643394896e-06	6
5.52287705e-06	5.660375787e-06	6
5.513073129e-06	5.677356677e-06	6
5.503269207e-06	5.694337567e-06	6
5.493465285e-06	5.711318458e-06	6
5.483661364e-06	5.728299348e-06	6
5.473857442e-06	5.745280238e-06	6
5.464053521e-06	5.762261128e-06	6
5.454249599e-06	5.779242019e-06	6
5.444445678e-06	5.796222909e-06	6
5.434641756e-06	5.813203799e-06	6
5.424837834e-06	5.830184689e-06	6
5.415033913e-06	5.84716558e-06	6
5.405229991e-06	5.86414647e-06	6
5.39542607e-06	5.88112736e-06	6
5.385622148e-06	5.898108251e-06	6
5.375818227e-06	5.915089141e-06	6
5.366014305e-06	5.932070031e-06	6
5.356210384e-06	5.949050921e-06	6
5.346406462e-06	5.966031812e-06	6
5.33660254e-06	5.983012702e-06	6
5.33660254e-06	5.983012702e-06	-6
5.33660254e-06	5.983012702e-06	-6
5.33660254e-06	5.983012702e-06	-6
5.33660254e-06	5.983012702e-06	-6
5.33660254e-06	5.983012702e-06	-6
5.33660254e-06	5.983012702e-06	-6
5.33660254e-06	5.983012702e-06	-6
5.33660254e-06	5.983012702e-06	-6
5.33660254e-06	5.983012702e-06	-6
5.33660254e-06	5.983012702e-06	-6
5.33660254e-06	5.983012702e-06	-6
5.346406462e-06	5.966031812e-06	-6
5.356210384e-06	5.949050921e-06	-6
5.366014305e-06	5.932070031e-06	-6
5.375818227e-06	5.915089141e-06	-6
5.385622148e-06	5.898108251e-06	-6
5.39542607e-06	5.88112736e-06	-6
5.405229991e-06	5.86414647e-06	-6
5.415033913e-06	5.84716558e-06	-6
5.424837834e-06	5.830184689e-06	-6
5.434641756e-06	5.813203799e-06	-6
5.444445678e-06	5.796222909e-06	-6
5.454249599e-06	5.779242019e-06	-6
5.464053521e-06	5.762261128e-06	-6
5.473857442e-06	5.745280238e-06	-6
5.483661364e-06	5.728299348e-06	-6
5.493465285e-06	5.711318458e-06	-6
5.503269207e-06	5.694337567e-06	-6
5.513073129e-06	5.677356677e-06	-6
5.52287705e-06	5.660375787e-06	-6
5.532680972e-06	5.643394896e-06	-6
5.542484893e-06	5.626414006e-06	-6
5.552288815e-06	5.609433116e-06	-6
5.562092736e-06	5.592452226e-06	-6
5.571896658e-06	5.575471335e-06	-6
5.58170058e-06	5.558490445e-06	-6
5.591504501e-06	5.541509555e-06	-6
5.601308423e-06	5.524528665e-06	-6
5.611112344e-06	5.507547774e-06	-6
5.620916266e-06	5.490566884e-06	-6
5.630720187e-06	5.473585994e-06	-6
5.640524109e-06	5.456605104e-06	-6
5.650328031e-06	5.439624213e-06	-6
5.660131952e-06	5.422643323e-06	-6
5.669935874e-06	5.405662433e-06	-6
5.679739795e-06	5.388681542e-06	-6
5.689543717e-06	5.371700652e-06	-6
5.699347638e-06	5.354719762e-06	-6
5.70915156e-06	5.337738872e-06	-6
5.718955482e-06	5.320757981e-06	-6
5.728759403e-06	5.303777091e-06	-6
5.738563325e-06	5.286796201e-06	-6
5.748367246e-06	5.269815311e-06	-6
5.758171168e-06	5.25283442e-06	-6
5.767975089e-06	5.23585353e-06	-6
5.777779011e-06	5.21887264e-06	-6
5.787582933e-06	5.201891749e-06	-6
5.797386854e-06	5.184910859e-06	-6
5.807190776e-06	5.167929969e-06	-6
5.816994697e-06	5.150949079e-06	-6
5.826798619e-06	5.133968188e-06	-6
5.83660254e-06	5.116987298e-06	-6
5.83660254e-06	5.116987298e-06	0
5.822168784e-06	5.108653965e-06	0
5.807735027e-06	5.100320631e-06	0
5.79330127e-06	5.091987298e-06	0
5.778867513e-06	5.083653965e-06	0
5.764433757e-06	5.075320631e-06	0
5.75e-06	5.066987298e-06	0
5.75e-06	5.066987298e-06	6
5.75e-06	5.066987298e-06	6
5.75e-06	5.066987298e-06	6
5.75e-06	5.066987298e-06	6
5.75e-06	5.066987298e-06	6
5.75e-06	5.066987298e-06	6
5.75e-06	5.066987298e-06	6
5.75e-06	5.066987298e-06	6
5.75e-06	5.066987298e-06	6
5.75e-06	5.066987298e-06	6
5.75e-06	5.066987298e-06	6
5.740196078e-06	5.083968188e-06	6
5.730392157e-06	5.100949079e-06	6
5.720588235e-06	5.117929969e-06	6
5.710784314e-06	5.134910859e-06	6
5.700980392e-06	5.151891749e-06	6
5.691176471e-06	5.16887264e-06	6
5.681372549e-06	5.18585353e-06	6
5.671568627e-06	5.20283442e-06	6
5.661764706e-06	5.219815311e-06	6
5.651960784e-06	5.236796201e-06	6
5.642156863e-06	5.253777091e-06	6
5.632352941e-06	5.270757981e-06	6
5.62254902e-06	5.287738872e-06	6
5.612745098e-06	5.304719762e-06	6
5.602941176e-06	5.321700652e-06	6
5.593137255e-06	5.338681542e-06	6
5.583333333e-06	5.355662433e-06	6
5.573529412e-06	5.372643323e-06	6
5.56372549e-06	5.389624213e-06	6
5.553921569e-06	5.406605104e-06	6
5.544117647e-06	5.423585994e-06	6
5.534313725e-06	5.440566884e-06	6
5.524509804e-06	5.457547774e-06	6
5.514705882e-06	5.474528665e-06	6
5.504901961e-06	5.491509555e-06	6
5.495098039e-06	5.508490445e-06	6
5.485294118e-06	5.525471335e-06	6
5.475490196e-06	5.542452226e-06	6
5.465686275e-06	5.559433116e-06	6
5.455882353e-06	5.576414006e-06	6
5.446078431e-06	5.593394896e-06	6
5.43627451e-06	5.610375787e-06	6
5.426470588e-06	5.627356677e-06	6
5.416666667e-06	5.644337567e-06	6
5.406862745e-06	5.661318458e-06	6
5.397058824e-06	5.678299348e-06	6
5.387254902e-06	5.695280238e-06	6
5.37745098e-06	5.712261128e-06	6
5.367647059e-06	5.729242019e-06	6
5.357843137e-06	5.746222909e-06	6
5.348039216e-06	5.763203799e-06	6
5.338235294e-06	5.780184689e-06	6
5.328431373e-06	5.79716558e-06	6
5.318627451e-06	5.81414647e-06	6
5.308823529e-06	5.83112736e-06	6
5.299019608e-06	5.848108251e-06	6
5.289215686e-06	5.865089141e-06	6
5.279411765e-06	5.882070031e-06	6
5.269607843e-06	5.899050921e-06	6
5.259803922e-06	5.916031812e-06	6
5.25e-06	5.933012702e-06	6
5.25e-06	5.933012702e-06	-6
5.25e-06	5.933012702e-06	-6
5.25e-06	5.933012702e-06	-6
5.25e-06	5.933012702e-06	-6
5.25e-06	5.933012702e-06	-6
5.25e-06	5.933012702e-06	-6
5.25e-06	5.933012702e-06	-6
5.25e-06	5.933012702e-06	-6
5.25e-06	5.933012702e-06	-6
5.25e-06	5.933012702e-06	-6
5.25e-06	5.933012702e-06	-6
5.259803922e-06	5.916031812e-06	-6
5.269607843e-06	5.899050921e-06	-6
5.279411765e-06	5.882070031e-06	-6
5.289215686e-06	5.865089141e-06	-6
5.299019608e-06	5.848108251e-06	-6
5.308823529e-06	5.83112736e-06	-6
5.318627451e-06	5.81414647e-06	-6
5.328431373e-06	5.79716558e-06	-6
5.338235294e-06	5.780184689e-06	-6
5.348039216e-06	5.763203799e-06	-6
5.357843137e-06	5.746222909e-06	-6
5.367647059e-06	5.729242019e-06	-6
5.37745098e-06	5.712261128e-06	-6
5.387254902e-06	5.695280238e-06	-6
5.397058824e-06	5.678299348e-06	-6
5.406862745e-06	5.661318458e-06	-6
5.416666667e-06	5.644337567e-06	-6
5.426470588e-06	5.627356677e-06	-6
5.43627451e-06	5.610375787e-06	-6
5.446078431e-06	5.593394896e-06	-6
5.455882353e-06	5.576414006e-06	-6
5.465686275e-06	5.559433116e-06	-6
5.475490196e-06	5.542452226e-06	-6
5.485294118e-06	5.525471335e-06	-6
5.495098039e-06	5.508490445e-06	-6
5.504901961e-06	5.491509555e-06	-6
5.514705882e-06	5.474528665e-06	-6
5.524509804e-06	5.457547774e-06	-6
5.534313725e-06	5.440566884e-06	-6
5.544117647e-06	5.423585994e-06	-6
5.553921569e-06	5.406605104e-06	-6
5.56372549e-06	5.389624213e-06	-6
5.573529412e-06	5.372643323e-06	-6
5.583333333e-06	5.355662433e-06	-6
5.593137255e-06	5.338681542e-06	-6
5.602941176e-06	5.321700652e-06	-6
5.612745098e-06	5.304719762e-06	-6
5.62254902e-06	5.287738872e-06	-6
5.632352941e-06	5.270757981e-06	-6
5.642156863e-06	5.253777091e-06	-6
5.651960784e-06	5.236796201e-06	-6
5.661764706e-06	5.219815311e-06	-6
5.671568627e-06	5.20283442e-06	-6
5.681372549e-06	5.18585353e-06	-6
5.691176471e-06	5.16887264e-06	-6
5.700980392e-06	5.151891749e-06	-6
5.710784314e-06	5.134910859e-06	-6
5.720588235e-06	5.117929969e-06	-6
5.730392157e-06	5.100949079e-06	-6
5.740196078e-06	5.083968188e-06	-6
5.75e-06	5.066987298e-06	-6
5.75e-06	5.066987298e-06	0
5.735566243e-06	5.058653965e-06	0
5.721132487e-06	5.050320631e-06	0
5.70669873e-06	5.041987298e-06	0
5.692264973e-06	5.033653965e-06	0
5.677831216e-06	5.025320631e-06	0
5.66339746e-06	5.016987298e-06	0
5.66339746e-06	5.016987298e-06	6
5.66339746e-06	5.016987298e-06	6
5.66339746e-06	5.016987298e-06	6
5.66339746e-06	5.016987298e-06	6
5.66339746e-06	5.016987298e-06	6
5.66339746e-06	5.016987298e-06	6
5.66339746e-06	5.016987298e-06	6
5.66339746e-06	5.016987298e-06	6
5.66339746e-06	5.016987298e-06	6
5.66339746e-06	5.016987298e-06	6
5.66339746e-06	5.016987298e-06	6
5.653593538e-06	5.033968188e-06	6
5.643789616e-06	5.050949079e-06	6
5.633985695e-06	5.067929969e-06	6
5.624181773e-06	5.084910859e-06	6
5.614377852e-06	5.101891749e-06	6
5.60457393e-06	5.11887264e-06	6
5.594770009e-06	5.13585353e-06	6
5.584966087e-06	5.15283442e-06	6
5.575162166e-06	5.169815311e-06	6
5.565358244e-06	5.186796201e-06	6
5.555554322e-06	5.203777091e-06	6
5.545750401e-06	5.220757981e-06	6
5.535946479e-06	5.237738872e-06	6
5.526142558e-06	5.254719762e-06	6
5.516338636e-06	5.271700652e-06	6
5.506534715e-06	5.288681542e-06	6
5.496730793e-06	5.305662433e-06	6
5.486926871e-06	5.322643323e-06	6
5.47712295e-06	5.339624213e-06	6
5.467319028e-06	5.356605104e-06	6
5.457515107e-06	5.373585994e-06	6
5.447711185e-06	5.390566884e-06	6
5.437907264e-06	5.407547774e-06	6
5.428103342e-06	5.424528665e-06	6
5.41829942e-06	5.441509555e-06	6
5.408495499e-06	5.458490445e-06	6
5.398691577e-06	5.475471335e-06	6
5.388887656e-06	5.492452226e-06	6
5.379083734e-06	5.509433116e-06	6
5.369279813e-06	5.526414006e-06	6
5.359475891e-06	5.543394896e-06	6
5.349671969e-06	5.560375787e-06	6
5.339868048e-06	5.577356677e-06	6
5.330064126e-06	5.594337567e-06	6
5.320260205e-06	5.611318458e-06	6
5.310456283e-06	5.628299348e-06	6
5.300652362e-06	5.645280238e-06	6
5.29084844e-06	5.662261128e-06	6
5.281044518e-06	5.679242019e-06	6
5.271240597e-06	5.696222909e-06	6
5.261436675e-06	5.713203799e-06	6
5.251632754e-06	5.730184689e-06	6
5.241828832e-06	5.74716558e-06	6
5.232024911e-06	5.76414647e-06	6
5.222220989e-06	5.78112736e-06	6
5.212417067e-06	5.798108251e-06	6
5.202613146e-06	5.815089141e-06	6
5.192809224e-06	5.832070031e-06	6
5.183005303e-06	5.849050921e-06	6
5.173201381e-06	5.866031812e-06	6
5.16339746e-06	5.883012702e-06	6
5.16339746e-06	5.883012702e-06	-6
5.16339746e-06	5.883012702e-06	-6
5.16339746e-06	5.883012702e-06	-6
5.16339746e-06	5.883012702e-06	-6
5.16339746e-06	5.883012702e-06	-6
5.16339746e-06	5.883012702e-06	-6
5.16339746e-06	5.883012702e-06	-6
5.16339746e-06	5.883012702e-06	-6
5.16339746e-06	5.883012702e-06	-6
5.16339746e-06	5.883012702e-06	-6
5.16339746e-06	5.883012702e-06	-6
5.173201381e-06	5.866031812e-06	-6
5.183005303e-06	5.849050921e-06	-6
5.192809224e-06	5.832070031e-06	-6
5.202613146e-06	5.815089141e-06	-6
5.212417067e-06	5.798108251e-06	-6
5.222220989e-06	5.78112736e-06	-6
5.232024911e-06	5.76414647e-06	-6
5.241828832e-06	5.74716558e-06	-6
5.251632754e-06	5.730184689e-06	-6
5.261436675e-06	5.713203799e-06	-6
5.271240597e-06	5.696222909e-06	-6
5.281044518e-06	5.679242019e-06	-6
5.29084844e-06	5.662261128e-06	-6
5.300652362e-06	5.645280238e-06	-6
5.310456283e-06	5.628299348e-06	-6
5.320260205e-06	5.611318458e-06	-6
5.330064126e-06	5.594337567e-06	-6
5.339868048e-06	5.577356677e-06	-6
5.349671969e-06	5.560375787e-06	-6
5.359475891e-06	5.543394896e-06	-6
5.369279813e-06	5.526414006e-06	-6
5.379083734e-06	5.509433116e-06	-6
5.388887656e-06	5.492452226e-06	-6
5.398691577e-06	5.475471335e-06	-6
5.408495499e-06	5.458490445e-06	-6
5.41829942e-06	5.441509555e-06	-6
5.428103342e-06	5.424528665e-06	-6
5.437907264e-06	5.407547774e-06	-6
5.447711185e-06	5.390566884e-06	-6
5.457515107e-06	5.373585994e-06	-6
5.467319028e-06	5.356605104e-06	-6
5.47712295e-06	5.339624213e-06	-6
5.486926871e-06	5.322643323e-06	-6
5.496730793e-06	5.305662433e-06	-6
5.506534715e-06	5.288681542e-06	-6
5.516338636e-06	5.271700652e-06	-6
5.526142558e-06	5.254719762e-06	-6
5.535946479e-06	5.237738872e-06	-6
5.545750401e-06	5.220757981e-06	-6
5.555554322e-06	5.203777091e-06	-6
5.565358244e-06	5.186796201e-06	-6
5.575162166e-06	5.169815311e-06	-6
5.584966087e-06	5.15283442e-06	-6
5.594770009e-06	5.13585353e-06	-6
5.60457393e-06	5.11887264e-06	-6
5.614377852e-06	5.101891749e-06	-6
5.624181773e-06	5.084910859e-06	-6
5.633985695e-06	5.067929969e-06	-6
5.643789616e-06	5.050949079e-06	-6
5.653593538e-06	5.033968188e-06	-6
5.66339746e-06	5.016987298e-06	-6
5.66339746e-06	5.016987298e-06	0
5.646076952e-06	5.006987298e-06	0
5.628756443e-06	4.996987298e-06	0
5.611435935e-06	4.986987298e-06	0
5.594115427e-06	4.976987298e-06	0
5.576794919e-06	4.966987298e-06	0
5.576794919e-06	4.966987298e-06	6
5.576794919e-06	4.966987298e-06	6
5.576794919e-06	4.966987298e-06	6
5.576794919e-06	4.966987298e-06	6
5.576794919e-06	4.966987298e-06	6
5.576794919e-06	4.966987298e-06	6
5.576794919e-06	4.966987298e-06	6
5.576794919e-06	4.966987298e-06	6
5.576794919e-06	4.966987298e-06	6
5.576794919e-06	4.966987298e-06	6
5.576794919e-06	4.966987298e-06	6
5.566990998e-06	4.983968188e-06	6
5.557187076e-06	5.000949079e-06	6
5.547383155e-06	5.017929969e-06	6
5.537579233e-06	5.034910859e-06	6
5.527775311e-06	5.051891749e-06	6
5.51797139e-06	5.06887264e-06	6
5.508167468e-06	5.08585353e-06	6
5.498363547e-06	5.10283442e-06	6
5.488559625e-06	5.119815311e-06	6
5.478755704e-06	5.136796201e-06	6
5.468951782e-06	5.153777091e-06	6
5.45914786e-06	5.170757981e-06	6
5.449343939e-06	5.187738872e-06	6
5.439540017e-06	5.204719762e-06	6
5.429736096e-06	5.221700652e-06	6
5.419932174e-06	5.238681542e-06	6
5.410128253e-06	5.255662433e-06	6
5.400324331e-06	5.272643323e-06	6
5.390520409e-06	5.289624213e-06	6
5.380716488e-06	5.306605104e-06	6
5.370912566e-06	5.323585994e-06	6
5.361108645e-06	5.340566884e-06	6
5.351304723e-06	5.357547774e-06	6
5.341500802e-06	5.374528665e-06	6
5.33169688e-06	5.391509555e-06	6
5.321892958e-06	5.408490445e-06	6
5.312089037e-06	5.425471335e-06	6
5.302285115e-06	5.442452226e-06	6
5.292481194e-06	5.459433116e-06	6
5.282677272e-06	5.476414006e-06	6
5.272873351e-06	5.493394896e-06	6
5.263069429e-06	5.510375787e-06	6
5.253265507e-06	5.527356677e-06	6
5.243461586e-06	5.544337567e-06	6
5.233657664e-06	5.561318458e-06	6
5.223853743e-06	5.578299348e-06	6
5.214049821e-06	5.595280238e-06	6
5.2042459e-06	5.612261128e-06	6
5.194441978e-06	5.629242019e-06	6
5.184638056e-06	5.646222909e-06	6
5.174834135e-06	5.663203799e-06	6
5.165030213e-06	5.680184689e-06	6
5.155226292e-06	5.69716558e-06	6
5.14542237e-06	5.71414647e-06	6
5.135618449e-06	5.73112736e-06	6
5.125814527e-06	5.748108251e-06	6
5.116010606e-06	5.765089141e-06	6
5.106206684e-06	5.782070031e-06	6
5.096402762e-06	5.799050921e-06	6
5.086598841e-06	5.816031812e-06	6
5.076794919e-06	5.833012702e-06	6
5.076794919e-06	5.833012702e-06	-6
5.076794919e-06	5.833012702e-06	-6
5.076794919e-06	5.833012702e-06	-6
5.076794919e-06	5.833012702e-06	-6
5.076794919e-06	5.833012702e-06	-6
5.076794919e-06	5.833012702e-06	-6
5.076794919e-06	5.833012702e-06	-6
5.076794919e-06	5.833012702e-06	-6
5.076794919e-06	5.833012702e-06	-6
5.076794919e-06	5.833012702e-06	-6
5.076794919e-06	5.833012702e-06	-6
5.086598841e-06	5.816031812e-06	-6
5.096402762e-06	5.799050921e-06	-6
5.106206684e-06	5.782070031e-06	-6
5.116010606e-06	5.765089141e-06	-6
5.125814527e-06	5.748108251e-06	-6
5.135618449e-06	5.73112736e-06	-6
5.14542237e-06	5.71414647e-06	-6
5.155226292e-06	5.69716558e-06	-6
5.165030213e-06	5.680184689e-06	-6
5.174834135e-06	5.663203799e-06	-6
5.184638056e-06	5.646222909e-06	-6
5.194441978e-06	5.629242019e-06	-6
5.2042459e-06	5.612261128e-06	-6
5.214049821e-06	5.595280238e-06	-6
5.223853743e-06	5.578299348e-06	-6
5.233657664e-06	5.561318458e-06	-6
5.243461586e-06	5.544337567e-06	-6
5.253265507e-06	5.527356677e-06	-6
5.263069429e-06	5.510375787e-06	-6
5.272873351e-06	5.493394896e-06	-6
5.282677272e-06	5.476414006e-06	-6
5.292481194e-06	5.459433116e-06	-6
5.302285115e-06	5.442452226e-06	-6
5.312089037e-06	5.425471335e-06	-6
5.321892958e-06	5.408490445e-06	-6
5.33169688e-06	5.391509555e-06	-6
5.341500802e-06	5.374528665e-06	-6
5.351304723e-06	5.357547774e-06	-6
5.361108645e-06	5.340566884e-06	-6
5.370912566e-06	5.323585994e-06	-6
5.380716488e-06	5.306605104e-06	-6
5.390520409e-06	5.289624213e-06	-6
5.400324331e-06	5.272643323e-06	-6
5.410128253e-06	5.255662433e-06	-6
5.419932174e-06	5.238681542e-06	-6
5.429736096e-06	5.221700652e-06	-6
5.439540017e-06	5.204719762e-06	-6
5.449343939e-06	5.187738872e-06	-6
5.45914786e-06	5.170757981e-06	-6
5.468951782e-06	5.153777091e-06	-6
5.478755704e-06	5.136796201e-06	-6
5.488559625e-06	5.119815311e-06	-6
5.498363547e-06	5.10283442e-06	-6
5.508167468e-06	5.08585353e-06	-6
5.51797139e-06	5.06887264e-06	-6
5.527775311e-06	5.051891749e-06	-6
5.537579233e-06	5.034910859e-06	-6
5.547383155e-06	5.017929969e-06	-6
5.557187076e-06	5.000949079e-06	-6
5.566990998e-06	4.983968188e-06	-6
5.576794919e-06	4.966987298e-06	-6
5.576794919e-06	4.966987298e-06	0
5.562361163e-06	4.958653965e-06	0
5.547927406e-06	4.950320631e-06	0
5.533493649e-06	4.941987298e-06	0
5.519059892e-06	4.933653965e-06	0
5.504626136e-06	4.925320631e-06	0
5.490192379e-06	4.916987298e-06	0
5.490192379e-06	4.916987298e-06	6
5.490192379e-06	4.916987298e-06	6
5.490192379e-06	4.916987298e-06	6
5.490192379e-06	4.916987298e-06	6
5.490192379e-06	4.916987298e-06	6
5.490192379e-06	4.916987298e-06	6
5.490192379e-06	4.916987298e-06	6
5.490192379e-06	4.916987298e-06	6
5.490192379e-06	4.916987298e-06	6
5.490192379e-06	4.916987298e-06	6
5.490192379e-06	4.916987298e-06	6
5.480388457e-06	4.933968188e-06	6
5.470584536e-06	4.950949079e-06	6
5.460780614e-06	4.967929969e-06	6
5.450976693e-06	4.984910859e-06	6
5.441172771e-06	5.001891749e-06	6
5.431368849e-06	5.01887264e-06	6
5.421564928e-06	5.03585353e-06	6
5.411761006e-06	5.05283442e-06	6
5.401957085e-06	5.069815311e-06	6
5.392153163e-06	5.086796201e-06	6
5.382349242e-06	5.103777091e-06	6
5.37254532e-06	5.120757981e-06	6
5.362741398e-06	5.137738872e-06	6
5.352937477e-06	5.154719762e-06	6
5.343133555e-06	5.171700652e-06	6
5.333329634e-06	5.188681542e-06	6
5.323525712e-06	5.205662433e-06	6
5.313721791e-06	5.222643323e-06	6
5.303917869e-06	5.239624213e-06	6
5.294113947e-06	5.256605104e-06	6
5.284310026e-06	5.273585994e-06	6
5.274506104e-06	5.290566884e-06	6
5.264702183e-06	5.307547774e-06	6
5.254898261e-06	5.324528665e-06	6
5.24509434e-06	5.341509555e-06	6
5.235290418e-06	5.358490445e-06	6
5.225486497e-06	5.375471335e-06	6
5.215682575e-06	5.392452226e-06	6
5.205878653e-06	5.409433116e-06	6
5.196074732e-06	5.426414006e-06	6
5.18627081e-06	5.443394896e-06	6
5.176466889e-06	5.460375787e-06	6
5.166662967e-06	5.477356677e-06	6
5.156859046e-06	5.494337567e-06	6
5.147055124e-06	5.511318458e-06	6
5.137251202e-06	5.528299348e-06	6
5.127447281e-06	5.545280238e-06	6
5.117643359e-06	5.562261128e-06	6
5.107839438e-06	5.579242019e-06	6
5.098035516e-06	5.596222909e-06	6
5.088231595e-06	5.613203799e-06	6
5.078427673e-06	5.630184689e-06	6
5.068623751e-06	5.64716558e-06	6
5.05881983e-06	5.66414647e-06	6
5.049015908e-06	5.68112736e-06	6
5.039211987e-06	5.698108251e-06	6
5.029408065e-06	5.715089141e-06	6
5.019604144e-06	5.732070031e-06	6
5.009800222e-06	5.749050921e-06	6
4.9999963e-06	5.766031812e-06	6
4.990192379e-06	5.783012702e-06	6
4.990192379e-06	5.783012702e-06	-6
4.990192379e-06	5.783012702e-06	-6
4.990192379e-06	5.783012702e-06	-6
4.990192379e-06	5.783012702e-06	-6
4.990192379e-06	5.783012702e-06	-6
4.990192379e-06	5.783012702e-06	-6
4.990192379e-06	5.783012702e-06	-6
4.990192379e-06	5.783012702e-06	-6
4.990192379e-06	5.783012702e-06	-6
4.990192379e-06	5.783012702e-06	-6
4.990192379e-06	5.783012702e-06	-6
4.9999963e-06	5.766031812e-06	-6
5.009800222e-06	5.749050921e-06	-6
5.019604144e-06	5.732070031e-06	-6
5.029408065e-06	5.715089141e-06	-6
5.039211987e-06	5.698108251e-06	-6
5.049015908e-06	5.68112736e-06	-6
5.05881983e-06	5.66414647e-06	-6
5.068623751e-06	5.64716558e-06	-6
5.078427673e-06	5.630184689e-06	-6
5.088231595e-06	5.613203799e-06	-6
5.098035516e-06	5.596222909e-06	-6
5.107839438e-06	5.579242019e-06	-6
5.117643359e-06	5.562261128e-06	-6
5.127447281e-06	5.545280238e-06	-6
5.137251202e-06	5.528299348e-06	-6
5.147055124e-06	5.511318458e-06	-6
5.156859046e-06	5.494337567e-06	-6
5.166662967e-06	5.477356677e-06	-6
5.176466889e-06	5.460375787e-06	-6
5.18627081e-06	5.443394896e-06	-6
5.196074732e-06	5.426414006e-06	-6
5.205878653e-06	5.409433116e-06	-6
5.215682575e-06	5.392452226e-06	-6
5.225486497e-06	5.375471335e-06	-6
5.235290418e-06	5.358490445e-06	-6
5.24509434e-06	5.341509555e-06	-6
5.254898261e-06	5.324528665e-06	-6
5.264702183e-06	5.307547774e-06	-6
5.274506104e-06	5.290566884e-06	-6
5.284310026e-06	5.273585994e-06	-6
5.294113947e-06	5.256605104e-06	-6
5.303917869e-06	5.239624213e-06	-6
5.313721791e-06	5.222643323e-06	-6
5.323525712e-06	5.205662433e-06	-6
5.333329634e-06	5.188681542e-06	-6
5.343133555e-06	5.171700652e-06	-6
5.352937477e-06	5.154719762e-06	-6
5.362741398e-06	5.137738872e-06	-6
5.37254532e-06	5.120757981e-06	-6
5.382349242e-06	5.103777091e-06	-6
5.392153163e-06	5.086796201e-06	-6
5.401957085e-06	5.069815311e-06	-6
5.411761006e-06	5.05283442e-06	-6
5.421564928e-06	5.03585353e-06	-6
5.431368849e-06	5.01887264e-06	-6
5.441172771e-06	5.001891749e-06	-6
5.450976693e-06	4.984910859e-06	-6
5.460780614e-06	4.967929969e-06	-6
5.470584536e-06	4.950949079e-06	-6
5.480388457e-06	4.933968188e-06	-6
5.490192379e-06	4.916987298e-06	-6
5.490192379e-06	4.916987298e-06	0
5.472871871e-06	4.906987298e-06	0
5.455551363e-06	4.896987298e-06	0
5.438230855e-06	4.886987298e-06	0
5.420910347e-06	4.876987298e-06	0
5.403589838e-06	4.866987298e-06	0
5.403589838e-06	4.866987298e-06	6
5.403589838e-06	4.866987298e-06	6
5.403589838e-06	4.866987298e-06	6
5.403589838e-06	4.866987298e-06	6
5.403589838e-06	4.866987298e-06	6
5.403589838e-06	4.866987298e-06	6
5.403589838e-06	4.866987298e-06	6
5.403589838e-06	4.866987298e-06	6
5.403589838e-06	4.866987298e-06	6
5.403589838e-06	4.866987298e-06	6
5.403589838e-06	4.866987298e-06	6
5.393785917e-06	4.883968188e-06	6
5.383981995e-06	4.900949079e-06	6
5.374178074e-06	4.917929969e-06	6
5.364374152e-06	4.934910859e-06	6
5.354570231e-06	4.951891749e-06	6
5.344766309e-06	4.96887264e-06	6
5.334962388e-06	4.98585353e-06	6
5.325158466e-06	5.00283442e-06	6
5.315354544e-06	5.019815311e-06	6
5.305550623e-06	5.036796201e-06	6
5.295746701e-06	5.053777091e-06	6
5.28594278e-06	5.070757981e-06	6
5.276138858e-06	5.087738872e-06	6
5.266334937e-06	5.104719762e-06	6
5.256531015e-06	5.121700652e-06	6
5.246727093e-06	5.138681542e-06	6
5.236923172e-06	5.155662433e-06	6
5.22711925e-06	5.172643323e-06	6
5.217315329e-06	5.189624213e-06	6
5.207511407e-06	5.206605104e-06	6
5.197707486e-06	5.223585994e-06	6
5.187903564e-06	5.240566884e-06	6
5.178099642e-06	5.257547774e-06	6
5.168295721e-06	5.274528665e-06	6
5.158491799e-06	5.291509555e-06	6
5.148687878e-06	5.308490445e-06	6
5.138883956e-06	5.325471335e-06	6
5.129080035e-06	5.342452226e-06	6
5.119276113e-06	5.359433116e-06	6
5.109472191e-06	5.376414006e-06	6
5.09966827e-06	5.393394896e-06	6
5.089864348e-06	5.410375787e-06	6
5.080060427e-06	5.427356677e-06	6
5.070256505e-06	5.444337567e-06	6
5.060452584e-06	5.461318458e-06	6
5.050648662e-06	5.478299348e-06	6
5.04084474e-06	5.495280238e-06	6
5.031040819e-06	5.512261128e-06	6
5.021236897e-06	5.529242019e-06	6
5.011432976e-06	5.546222909e-06	6
5.001629054e-06	5.563203799e-06	6
4.991825133e-06	5.580184689e-06	6
4.982021211e-06	5.59716558e-06	6
4.972217289e-06	5.61414647e-06	6
4.962413368e-06	5.63112736e-06	6
4.952609446e-06	5.648108251e-06	6
4.942805525e-06	5.665089141e-06	6
4.933001603e-06	5.682070031e-06	6
4.923197682e-06	5.699050921e-06	6
4.91339376e-06	5.716031812e-06	6
4.903589838e-06	5.733012702e-06	6
4.903589838e-06	5.733012702e-06	-6
4.903589838e-06	5.733012702e-06	-6
4.903589838e-06	5.733012702e-06	-6
4.903589838e-06	5.733012702e-06	-6
4.903589838e-06	5.733012702e-06	-6
4.903589838e-06	5.733012702e-06	-6
4.903589838e-06	5.733012702e-06	-6
4.903589838e-06	5.733012702e-06	-6
4.903589838e-06	5.733012702e-06	-6
4.903589838e-06	5.733012702e-06	-6
4.903589838e-06	5.733012702e-06	-6
4.91339376e-06	5.716031812e-06	-6
4.923197682e-06	5.699050921e-06	-6
4.933001603e-06	5.682070031e-06	-6
4.942805525e-06	5.665089141e-06	-6
4.952609446e-06	5.648108251e-06	-6
4.962413368e-06	5.63112736e-06	-6
4.972217289e-06	5.61414647e-06	-6
4.982021211e-06	5.59716558e-06	-6
4.991825133e-06	5.580184689e-06	-6
5.001629054e-06	5.563203799e-06	-6
5.011432976e-06	5.546222909e-06	-6
5.021236897e-06	5.529242019e-06	-6
5.031040819e-06	5.512261128e-06	-6
5.04084474e-06	5.495280238e-06	-6
5.050648662e-06	5.478299348e-06	-6
5.060452584e-06	5.461318458e-06	-6
5.070256505e-06	5.444337567e-06	-6
5.080060427e-06	5.427356677e-06	-6
5.089864348e-06	5.410375787e-06	-6
5.09966827e-06	5.393394896e-06	-6
5.109472191e-06	5.376414006e-06	-6
5.119276113e-06	5.359433116e-06	-6
5.129080035e-06	5.342452226e-06	-6
5.138883956e-06	5.325471335e-06	-6
5.148687878e-06	5.308490445e-06	-6
5.158491799e-06	5.291509555e-06	-6
5.168295721e-06	5.274528665e-06	-6
5.178099642e-06	5.257547774e-06	-6
5.187903564e-06	5.240566884e-06	-6
5.197707486e-06	5.223585994e-06	-6
5.207511407e-06	5.206605104e-06	-6
5.217315329e-06	5.189624213e-06	-6
5.22711925e-06	5.172643323e-06	-6
5.236923172e-06	5.155662433e-06	-6
5.246727093e-06	5.138681542e-06	-6
5.256531015e-06	5.121700652e-06	-6
5.266334937e-06	5.104719762e-06	-6
5.276138858e-06	5.087738872e-06	-6
5.28594278e-06	5.070757981e-06	-6
5.295746701e-06	5.053777091e-06	-6
5.305550623e-06	5.036796201e-06	-6
5.315354544e-06	5.019815311e-06	-6
5.325158466e-06	5.00283442e-06	-6
5.334962388e-06	4.98585353e-06	-6
5.344766309e-06	4.96887264e-06	-6
5.354570231e-06	4.951891749e-06	-6
5.364374152e-06	4.934910859e-06	-6
5.374178074e-06	4.917929969e-06	-6
5.383981995e-06	4.900949079e-06	-6
5.393785917e-06	4.883968188e-06	-6
5.403589838e-06	4.866987298e-06	-6
5.403589838e-06	4.866987298e-06	0
5.389156082e-06	4.858653965e-06	0
5.374722325e-06	4.850320631e-06	0
5.360288568e-06	4.841987298e-06	0
5.345854812e-06	4.833653965e-06	0
5.331421055e-06	4.825320631e-06	0
5.316987298e-06	4.816987298e-06	0
5.316987298e-06	4.816987298e-06	6
5.316987298e-06	4.816987298e-06	6
5.316987298e-06	4.816987298e-06	6
5.316987298e-06	4.816987298e-06	6
5.316987298e-06	4.816987298e-06	6
5.316987298e-06	4.816987298e-06	6
5.316987298e-06	4.816987298e-06	6
5.316987298e-06	4.816987298e-06	6
5.316987298e-06	4.816987298e-06	6
5.316987298e-06	4.816987298e-06	6
5.316987298e-06	4.816987298e-06	6
5.307183377e-06	4.833968188e-06	6
5.297379455e-06	4.850949079e-06	6
5.287575533e-06	4.867929969e-06	6
5.277771612e-06	4.884910859e-06	6
5.26796769e-06	4.901891749e-06	6
5.258163769e-06	4.91887264e-06	6
5.248359847e-06	4.93585353e-06	6
5.238555926e-06	4.95283442e-06	6
5.228752004e-06	4.969815311e-06	6
5.218948082e-06	4.986796201e-06	6
5.209144161e-06	5.003777091e-06	6
5.199340239e-06	5.020757981e-06	6
5.189536318e-06	5.037738872e-06	6
5.179732396e-06	5.054719762e-06	6
5.169928475e-06	5.071700652e-06	6
5.160124553e-06	5.088681542e-06	6
5.150320631e-06	5.105662433e-06	6
5.14051671e-06	5.122643323e-06	6
5.130712788e-06	5.139624213e-06	6
5.120908867e-06	5.156605104e-06	6
5.111104945e-06	5.173585994e-06	6
5.101301024e-06	5.190566884e-06	6
5.091497102e-06	5.207547774e-06	6
5.08169318e-06	5.224528665e-06	6
5.071889259e-06	5.241509555e-06	6
5.062085337e-06	5.258490445e-06	6
5.052281416e-06	5.275471335e-06	6
5.042477494e-06	5.292452226e-06	6
5.032673573e-06	5.309433116e-06	6
5.022869651e-06	5.326414006e-06	6
5.013065729e-06	5.343394896e-06	6
5.003261808e-06	5.360375787e-06	6
4.993457886e-06	5.377356677e-06	6
4.983653965e-06	5.394337567e-06	6
4.973850043e-06	5.411318458e-06	6
4.964046122e-06	5.428299348e-06	6
4.9542422e-06	5.445280238e-06	6
4.944438278e-06	5.462261128e-06	6
4.934634357e-06	5.479242019e-06	6
4.924830435e-06	5.496222909e-06	6
4.915026514e-06	5.513203799e-06	6
4.905222592e-06	5.530184689e-06	6
4.895418671e-06	5.54716558e-06	6
4.885614749e-06	5.56414647e-06	6
4.875810828e-06	5.58112736e-06	6
4.866006906e-06	5.598108251e-06	6
4.856202984e-06	5.615089141e-06	6
4.846399063e-06	5.632070031e-06	6
4.836595141e-06	5.649050921e-06	6
4.82679122e-06	5.666031812e-06	6
4.816987298e-06	5.683012702e-06	6
4.816987298e-06	5.683012702e-06	-6
4.816987298e-06	5.683012702e-06	-6
4.816987298e-06	5.683012702e-06	-6
4.816987298e-06	5.683012702e-06	-6
4.816987298e-06	5.683012702e-06	-6
4.816987298e-06	5.683012702e-06	-6
4.816987298e-06	5.683012702e-06	-6
4.816987298e-06	5.683012702e-06	-6
4.816987298e-06	5.683012702e-06	-6
4.816987298e-06	5.683012702e-06	-6
4.816987298e-06	5.683012702e-06	-6
4.82679122e-06	5.666031812e-06	-6
4.836595141e-06	5.649050921e-06	-6
4.846399063e-06	5.632070031e-06	-6
4.856202984e-06	5.615089141e-06	-6
4.866006906e-06	5.598108251e-06	-6
4.875810828e-06	5.58112736e-06	-6
4.885614749e-06	5.56414647e-06	-6
4.895418671e-06	5.54716558e-06	-6
4.905222592e-06	5.530184689e-06	-6
4.915026514e-06	5.513203799e-06	-6
4.924830435e-06	5.496222909e-06	-6
4.934634357e-06	5.479242019e-06	-6
4.944438278e-06	5.462261128e-06	-6
4.9542422e-06	5.445280238e-06	-6
4.964046122e-06	5.428299348e-06	-6
4.973850043e-06	5.411318458e-06	-6
4.983653965e-06	5.394337567e-06	-6
4.993457886e-06	5.377356677e-06	-6
5.003261808e-06	5.360375787e-06	-6
5.013065729e-06	5.343394896e-06	-6
5.022869651e-06	5.326414006e-06	-6
5.032673573e-06	5.309433116e-06	-6
5.042477494e-06	5.292452226e-06	-6
5.052281416e-06	5.275471335e-06	-6
5.062085337e-06	5.258490445e-06	-6
5.071889259e-06	5.241509555e-06	-6
5.08169318e-06	5.224528665e-06	-6
5.091497102e-06	5.207547774e-06	-6
5.101301024e-06	5.190566884e-06	-6
5.111104945e-06	5.173585994e-06	-6
5.120908867e-06	5.156605104e-06	-6
5.130712788e-06	5.139624213e-06	-6
5.14051671e-06	5.122643323e-06	-6
5.150320631e-06	5.105662433e-06	-6
5.160124553e-06	5.088681542e-06	-6
5.169928475e-06	5.071700652e-06	-6
5.179732396e-06	5.054719762e-06	-6
5.189536318e-06	5.037738872e-06	-6
5.199340239e-06	5.020757981e-06	-6
5.209144161e-06	5.003777091e-06	-6
5.218948082e-06	4.986796201e-06	-6
5.228752004e-06	4.969815311e-06	-6
5.238555926e-06	4.95283442e-06	-6
5.248359847e-06	4.93585353e-06	-6
5.258163769e-06	4.91887264e-06	-6
5.26796769e-06	4.901891749e-06	-6
5.277771612e-06	4.884910859e-06	-6
5.287575533e-06	4.867929969e-06	-6
5.297379455e-06	4.850949079e-06	-6
5.307183377e-06	4.833968188e-06	-6
5.316987298e-06	4.816987298e-06	-6
