# X_m	Y_m	V
3.438371583e-06	7.955839736e-07	6
3.438371583e-06	7.955839736e-07	6
3.438371583e-06	7.955839736e-07	6
3.438371583e-06	7.955839736e-07	6
3.438371583e-06	7.955839736e-07	6
3.438371583e-06	7.955839736e-07	6
3.438371583e-06	7.955839736e-07	6
3.438371583e-06	7.955839736e-07	6
3.438371583e-06	7.955839736e-07	6
3.438371583e-06	7.955839736e-07	6
3.438371583e-06	7.955839736e-07	6
3.453692472e-06	8.084397258e-07	6
3.469013361e-06	8.21295478e-07	6
3.48433425e-06	8.341512302e-07	6
3.499655139e-06	8.470069824e-07	6
3.514976028e-06	8.598627346e-07	6
3.530296916e-06	8.727184868e-07	6
3.545617805e-06	8.85574239e-07	6
3.560938694e-06	8.984299911e-07	6
3.576259583e-06	9.112857433e-07	6
3.591580472e-06	9.241414955e-07	6
3.606901361e-06	9.369972477e-07	6
3.62222225e-06	9.498529999e-07	6
3.637543138e-06	9.627087521e-07	6
3.652864027e-06	9.755645043e-07	6
3.668184916e-06	9.884202565e-07	6
3.683505805e-06	1.001276009e-06	6
3.698826694e-06	1.014131761e-06	6
3.714147583e-06	1.026987513e-06	6
3.729468472e-06	1.039843265e-06	6
3.744789361e-06	1.052699017e-06	6
3.760110249e-06	1.06555477e-06	6
3.775431138e-06	1.078410522e-06	6
3.790752027e-06	1.091266274e-06	6
3.806072916e-06	1.104122026e-06	6
3.821393805e-06	1.116977778e-06	6
3.836714694e-06	1.129833531e-06	6
3.852035583e-06	1.142689283e-06	6
3.867356471e-06	1.155545035e-06	6
3.88267736e-06	1.168400787e-06	6
3.897998249e-06	1.181256539e-06	6
3.913319138e-06	1.194112292e-06	6
3.928640027e-06	1.206968044e-06	6
3.943960916e-06	1.219823796e-06	6
3.959281805e-06	1.232679548e-06	6
3.974602693e-06	1.2455353e-06	6
3.989923582e-06	1.258391053e-06	6
4.005244471e-06	1.271246805e-06	6
4.02056536e-06	1.284102557e-06	6
4.035886249e-06	1.296958309e-06	6
4.051207138e-06	1.309814061e-06	6
4.066528027e-06	1.322669814e-06	6
4.081848916e-06	1.335525566e-06	6
4.097169804e-06	1.348381318e-06	6
4.112490693e-06	1.36123707e-06	6
4.127811582e-06	1.374092822e-06	6
4.143132471e-06	1.386948575e-06	6
4.15845336e-06	1.399804327e-06	6
4.173774249e-06	1.412660079e-06	6
4.189095138e-06	1.425515831e-06	6
4.204416026e-06	1.438371583e-06	6
4.204416026e-06	1.438371583e-06	-6
4.204416026e-06	1.438371583e-06	-6
4.204416026e-06	1.438371583e-06	-6
4.204416026e-06	1.438371583e-06	-6
4.204416026e-06	1.438371583e-06	-6
4.204416026e-06	1.438371583e-06	-6
4.204416026e-06	1.438371583e-06	-6
4.204416026e-06	1.438371583e-06	-6
4.204416026e-06	1.438371583e-06	-6
4.204416026e-06	1.438371583e-06	-6
4.204416026e-06	1.438371583e-06	-6
4.189095138e-06	1.425515831e-06	-6
4.173774249e-06	1.412660079e-06	-6
4.15845336e-06	1.399804327e-06	-6
4.143132471e-06	1.386948575e-06	-6
4.127811582e-06	1.374092822e-06	-6
4.112490693e-06	1.36123707e-06	-6
4.097169804e-06	1.348381318e-06	-6
4.081848916e-06	1.335525566e-06	-6
4.066528027e-06	1.322669814e-06	-6
4.051207138e-06	1.309814061e-06	-6
4.035886249e-06	1.296958309e-06	-6
4.02056536e-06	1.284102557e-06	-6
4.005244471e-06	1.271246805e-06	-6
3.989923582e-06	1.258391053e-06	-6
3.974602693e-06	1.2455353e-06	-6
3.959281805e-06	1.232679548e-06	-6
3.943960916e-06	1.219823796e-06	-6
3.928640027e-06	1.206968044e-06	-6
3.913319138e-06	1.194112292e-06	-6
3.897998249e-06	1.181256539e-06	-6
3.88267736e-06	1.168400787e-06	-6
3.867356471e-06	1.155545035e-06	-6
3.852035583e-06	1.142689283e-06	-6
3.836714694e-06	1.129833531e-06	-6
3.821393805e-06	1.116977778e-06	-6
3.806072916e-06	1.104122026e-06	-6
3.790752027e-06	1.091266274e-06	-6
3.775431138e-06	1.078410522e-06	-6
3.760110249e-06	1.06555477e-06	-6
3.744789361e-06	1.052699017e-06	-6
3.729468472e-06	1.039843265e-06	-6
3.714147583e-06	1.026987513e-06	-6
3.698826694e-06	1.014131761e-06	-6
3.683505805e-06	1.001276009e-06	-6
3.668184916e-06	9.884202565e-07	-6
3.652864027e-06	9.755645043e-07	-6
3.637543138e-06	9.627087521e-07	-6
3.62222225e-06	9.498529999e-07	-6
3.606901361e-06	9.369972477e-07	-6
3.591580472e-06	9.241414955e-07	-6
3.576259583e-06	9.112857433e-07	-6
3.560938694e-06	8.984299911e-07	-6
3.545617805e-06	8.85574239e-07	-6
3.530296916e-06	8.727184868e-07	-6
3.514976028e-06	8.598627346e-07	-6
3.499655139e-06	8.470069824e-07	-6
3.48433425e-06	8.341512302e-07	-6
3.469013361e-06	8.21295478e-07	-6
3.453692472e-06	8.084397258e-07	-6
3.438371583e-06	7.955839736e-07	-6
3.438371583e-06	7.955839736e-07	0
3.425515831e-06	8.109048625e-07	0
3.412660079e-06	8.262257513e-07	0
3.399804327e-06	8.415466402e-07	0
3.386948575e-06	8.56867529e-07	0
3.374092822e-06	8.721884179e-07	0
3.374092822e-06	8.721884179e-07	6
3.374092822e-06	8.721884179e-07	6
3.374092822e-06	8.721884179e-07	6
3.374092822e-06	8.721884179e-07	6
3.374092822e-06	8.721884179e-07	6
3.374092822e-06	8.721884179e-07	6
3.374092822e-06	8.721884179e-07	6
3.374092822e-06	8.721884179e-07	6
3.374092822e-06	8.721884179e-07	6
3.374092822e-06	8.721884179e-07	6
3.374092822e-06	8.721884179e-07	6
3.389413711e-06	8.850441701e-07	6
3.4047346e-06	8.978999223e-07	6
3.420055489e-06	9.107556745e-07	6
3.435376378e-06	9.236114267e-07	6
3.450697267e-06	9.364671789e-07	6
3.466018155e-06	9.493229311e-07	6
3.481339044e-06	9.621786833e-07	6
3.496659933e-06	9.750344355e-07	6
3.511980822e-06	9.878901877e-07	6
3.527301711e-06	1.00074594e-06	6
3.5426226e-06	1.013601692e-06	6
3.557943489e-06	1.026457444e-06	6
3.573264378e-06	1.039313196e-06	6
3.588585266e-06	1.052168949e-06	6
3.603906155e-06	1.065024701e-06	6
3.619227044e-06	1.077880453e-06	6
3.634547933e-06	1.090736205e-06	6
3.649868822e-06	1.103591957e-06	6
3.665189711e-06	1.11644771e-06	6
3.6805106e-06	1.129303462e-06	6
3.695831488e-06	1.142159214e-06	6
3.711152377e-06	1.155014966e-06	6
3.726473266e-06	1.167870718e-06	6
3.741794155e-06	1.180726471e-06	6
3.757115044e-06	1.193582223e-06	6
3.772435933e-06	1.206437975e-06	6
3.787756822e-06	1.219293727e-06	6
3.80307771e-06	1.232149479e-06	6
3.818398599e-06	1.245005232e-06	6
3.833719488e-06	1.257860984e-06	6
3.849040377e-06	1.270716736e-06	6
3.864361266e-06	1.283572488e-06	6
3.879682155e-06	1.29642824e-06	6
3.895003044e-06	1.309283992e-06	6
3.910323932e-06	1.322139745e-06	6
3.925644821e-06	1.334995497e-06	6
3.94096571e-06	1.347851249e-06	6
3.956286599e-06	1.360707001e-06	6
3.971607488e-06	1.373562753e-06	6
3.986928377e-06	1.386418506e-06	6
4.002249266e-06	1.399274258e-06	6
4.017570155e-06	1.41213001e-06	6
4.032891043e-06	1.424985762e-06	6
4.048211932e-06	1.437841514e-06	6
4.063532821e-06	1.450697267e-06	6
4.07885371e-06	1.463553019e-06	6
4.094174599e-06	1.476408771e-06	6
4.109495488e-06	1.489264523e-06	6
4.124816377e-06	1.502120275e-06	6
4.140137265e-06	1.514976028e-06	6
4.140137265e-06	1.514976028e-06	-6
4.140137265e-06	1.514976028e-06	-6
4.140137265e-06	1.514976028e-06	-6
4.140137265e-06	1.514976028e-06	-6
4.140137265e-06	1.514976028e-06	-6
4.140137265e-06	1.514976028e-06	-6
4.140137265e-06	1.514976028e-06	-6
4.140137265e-06	1.514976028e-06	-6
4.140137265e-06	1.514976028e-06	-6
4.140137265e-06	1.514976028e-06	-6
4.140137265e-06	1.514976028e-06	-6
4.124816377e-06	1.502120275e-06	-6
4.109495488e-06	1.489264523e-06	-6
4.094174599e-06	1.476408771e-06	-6
4.07885371e-06	1.463553019e-06	-6
4.063532821e-06	1.450697267e-06	-6
4.048211932e-06	1.437841514e-06	-6
4.032891043e-06	1.424985762e-06	-6
4.017570155e-06	1.41213001e-06	-6
4.002249266e-06	1.399274258e-06	-6
3.986928377e-06	1.386418506e-06	-6
3.971607488e-06	1.373562753e-06	-6
3.956286599e-06	1.360707001e-06	-6
3.94096571e-06	1.347851249e-06	-6
3.925644821e-06	1.334995497e-06	-6
3.910323932e-06	1.322139745e-06	-6
3.895003044e-06	1.309283992e-06	-6
3.879682155e-06	1.29642824e-06	-6
3.864361266e-06	1.283572488e-06	-6
3.849040377e-06	1.270716736e-06	-6
3.833719488e-06	1.257860984e-06	-6
3.818398599e-06	1.245005232e-06	-6
3.80307771e-06	1.232149479e-06	-6
3.787756822e-06	1.219293727e-06	-6
3.772435933e-06	1.206437975e-06	-6
3.757115044e-06	1.193582223e-06	-6
3.741794155e-06	1.180726471e-06	-6
3.726473266e-06	1.167870718e-06	-6
3.711152377e-06	1.155014966e-06	-6
3.695831488e-06	1.142159214e-06	-6
3.6805106e-06	1.129303462e-06	-6
3.665189711e-06	1.11644771e-06	-6
3.649868822e-06	1.103591957e-06	-6
3.634547933e-06	1.090736205e-06	-6
3.619227044e-06	1.077880453e-06	-6
3.603906155e-06	1.065024701e-06	-6
3.588585266e-06	1.052168949e-06	-6
3.573264378e-06	1.039313196e-06	-6
3.557943489e-06	1.026457444e-06	-6
3.5426226e-06	1.013601692e-06	-6
3.527301711e-06	1.00074594e-06	-6
3.511980822e-06	9.878901877e-07	-6
3.496659933e-06	9.750344355e-07	-6
3.481339044e-06	9.621786833e-07	-6
3.466018155e-06	9.493229311e-07	-6
3.450697267e-06	9.364671789e-07	-6
3.435376378e-06	9.236114267e-07	-6
3.420055489e-06	9.107556745e-07	-6
3.4047346e-06	8.978999223e-07	-6
3.389413711e-06	8.850441701e-07	-6
3.374092822e-06	8.721884179e-07	-6
3.374092822e-06	8.721884179e-07	0
3.36123707e-06	8.875093068e-07	0
3.348381318e-06	9.028301956e-07	0
3.335525566e-06	9.181510845e-07	0
3.322669814e-06	9.334719734e-07	0
3.309814061e-06	9.487928622e-07	0
3.309814061e-06	9.487928622e-07	6
3.309814061e-06	9.487928622e-07	6
3.309814061e-06	9.487928622e-07	6
3.309814061e-06	9.487928622e-07	6
3.309814061e-06	9.487928622e-07	6
3.309814061e-06	9.487928622e-07	6
3.309814061e-06	9.487928622e-07	6
3.309814061e-06	9.487928622e-07	6
3.309814061e-06	9.487928622e-07	6
3.309814061e-06	9.487928622e-07	6
3.309814061e-06	9.487928622e-07	6
3.32513495e-06	9.616486144e-07	6
3.340455839e-06	9.745043666e-07	6
3.355776728e-06	9.873601188e-07	6
3.371097617e-06	1.000215871e-06	6
3.386418506e-06	1.013071623e-06	6
3.401739395e-06	1.025927375e-06	6
3.417060283e-06	1.038783128e-06	6
3.432381172e-06	1.05163888e-06	6
3.447702061e-06	1.064494632e-06	6
3.46302295e-06	1.077350384e-06	6
3.478343839e-06	1.090206136e-06	6
3.493664728e-06	1.103061889e-06	6
3.508985617e-06	1.115917641e-06	6
3.524306505e-06	1.128773393e-06	6
3.539627394e-06	1.141629145e-06	6
3.554948283e-06	1.154484897e-06	6
3.570269172e-06	1.16734065e-06	6
3.585590061e-06	1.180196402e-06	6
3.60091095e-06	1.193052154e-06	6
3.616231839e-06	1.205907906e-06	6
3.631552727e-06	1.218763658e-06	6
3.646873616e-06	1.23161941e-06	6
3.662194505e-06	1.244475163e-06	6
3.677515394e-06	1.257330915e-06	6
3.692836283e-06	1.270186667e-06	6
3.708157172e-06	1.283042419e-06	6
3.723478061e-06	1.295898171e-06	6
3.738798949e-06	1.308753924e-06	6
3.754119838e-06	1.321609676e-06	6
3.769440727e-06	1.334465428e-06	6
3.784761616e-06	1.34732118e-06	6
3.800082505e-06	1.360176932e-06	6
3.815403394e-06	1.373032685e-06	6
3.830724283e-06	1.385888437e-06	6
3.846045172e-06	1.398744189e-06	6
3.86136606e-06	1.411599941e-06	6
3.876686949e-06	1.424455693e-06	6
3.892007838e-06	1.437311446e-06	6
3.907328727e-06	1.450167198e-06	6
3.922649616e-06	1.46302295e-06	6
3.937970505e-06	1.475878702e-06	6
3.953291394e-06	1.488734454e-06	6
3.968612282e-06	1.501590207e-06	6
3.983933171e-06	1.514445959e-06	6
3.99925406e-06	1.527301711e-06	6
4.014574949e-06	1.540157463e-06	6
4.029895838e-06	1.553013215e-06	6
4.045216727e-06	1.565868968e-06	6
4.060537616e-06	1.57872472e-06	6
4.075858504e-06	1.591580472e-06	6
4.075858504e-06	1.591580472e-06	-6
4.075858504e-06	1.591580472e-06	-6
4.075858504e-06	1.591580472e-06	-6
4.075858504e-06	1.591580472e-06	-6
4.075858504e-06	1.591580472e-06	-6
4.075858504e-06	1.591580472e-06	-6
4.075858504e-06	1.591580472e-06	-6
4.075858504e-06	1.591580472e-06	-6
4.075858504e-06	1.591580472e-06	-6
4.075858504e-06	1.591580472e-06	-6
4.075858504e-06	1.591580472e-06	-6
4.060537616e-06	1.57872472e-06	-6
4.045216727e-06	1.565868968e-06	-6
4.029895838e-06	1.553013215e-06	-6
4.014574949e-06	1.540157463e-06	-6
3.99925406e-06	1.527301711e-06	-6
3.983933171e-06	1.514445959e-06	-6
3.968612282e-06	1.501590207e-06	-6
3.953291394e-06	1.488734454e-06	-6
3.937970505e-06	1.475878702e-06	-6
3.922649616e-06	1.46302295e-06	-6
3.907328727e-06	1.450167198e-06	-6
3.892007838e-06	1.437311446e-06	-6
3.876686949e-06	1.424455693e-06	-6
3.86136606e-06	1.411599941e-06	-6
3.846045172e-06	1.398744189e-06	-6
3.830724283e-06	1.385888437e-06	-6
3.815403394e-06	1.373032685e-06	-6
3.800082505e-06	1.360176932e-06	-6
3.784761616e-06	1.34732118e-06	-6
3.769440727e-06	1.334465428e-06	-6
3.754119838e-06	1.321609676e-06	-6
3.738798949e-06	1.308753924e-06	-6
3.723478061e-06	1.295898171e-06	-6
3.708157172e-06	1.283042419e-06	-6
3.692836283e-06	1.270186667e-06	-6
3.677515394e-06	1.257330915e-06	-6
3.662194505e-06	1.244475163e-06	-6
3.646873616e-06	1.23161941e-06	-6
3.631552727e-06	1.218763658e-06	-6
3.616231839e-06	1.205907906e-06	-6
3.60091095e-06	1.193052154e-06	-6
3.585590061e-06	1.180196402e-06	-6
3.570269172e-06	1.16734065e-06	-6
3.554948283e-06	1.154484897e-06	-6
3.539627394e-06	1.141629145e-06	-6
3.524306505e-06	1.128773393e-06	-6
3.508985617e-06	1.115917641e-06	-6
3.493664728e-06	1.103061889e-06	-6
3.478343839e-06	1.090206136e-06	-6
3.46302295e-06	1.077350384e-06	-6
3.447702061e-06	1.064494632e-06	-6
3.432381172e-06	1.05163888e-06	-6
3.417060283e-06	1.038783128e-06	-6
3.401739395e-06	1.025927375e-06	-6
3.386418506e-06	1.013071623e-06	-6
3.371097617e-06	1.000215871e-06	-6
3.355776728e-06	9.873601188e-07	-6
3.340455839e-06	9.745043666e-07	-6
3.32513495e-06	9.616486144e-07	-6
3.309814061e-06	9.487928622e-07	-6
3.309814061e-06	9.487928622e-07	0
3.299100935e-06	9.615602696e-07	0
3.288387808e-06	9.74327677e-07	0
3.277674681e-06	9.870950844e-07	0
3.266961554e-06	9.998624918e-07	0
3.256248427e-06	1.012629899e-06	0
3.2455353e-06	1.025397307e-06	0
3.2455353e-06	1.025397307e-06	6
3.2455353e-06	1.025397307e-06	6
3.2455353e-06	1.025397307e-06	6
3.2455353e-06	1.025397307e-06	6
3.2455353e-06	1.025397307e-06	6
3.2455353e-06	1.025397307e-06	6
3.2455353e-06	1.025397307e-06	6
3.2455353e-06	1.025397307e-06	6
3.2455353e-06	1.025397307e-06	6
3.2455353e-06	1.025397307e-06	6
3.2455353e-06	1.025397307e-06	6
3.260856189e-06	1.038253059e-06	6
3.276177078e-06	1.051108811e-06	6
3.291497967e-06	1.063964563e-06	6
3.306818856e-06	1.076820315e-06	6
3.322139745e-06	1.089676068e-06	6
3.337460634e-06	1.10253182e-06	6
3.352781522e-06	1.115387572e-06	6
3.368102411e-06	1.128243324e-06	6
3.3834233e-06	1.141099076e-06	6
3.398744189e-06	1.153954828e-06	6
3.414065078e-06	1.166810581e-06	6
3.429385967e-06	1.179666333e-06	6
3.444706856e-06	1.192522085e-06	6
3.460027744e-06	1.205377837e-06	6
3.475348633e-06	1.218233589e-06	6
3.490669522e-06	1.231089342e-06	6
3.505990411e-06	1.243945094e-06	6
3.5213113e-06	1.256800846e-06	6
3.536632189e-06	1.269656598e-06	6
3.551953078e-06	1.28251235e-06	6
3.567273966e-06	1.295368103e-06	6
3.582594855e-06	1.308223855e-06	6
3.597915744e-06	1.321079607e-06	6
3.613236633e-06	1.333935359e-06	6
3.628557522e-06	1.346791111e-06	6
3.643878411e-06	1.359646864e-06	6
3.6591993e-06	1.372502616e-06	6
3.674520189e-06	1.385358368e-06	6
3.689841077e-06	1.39821412e-06	6
3.705161966e-06	1.411069872e-06	6
3.720482855e-06	1.423925625e-06	6
3.735803744e-06	1.436781377e-06	6
3.751124633e-06	1.449637129e-06	6
3.766445522e-06	1.462492881e-06	6
3.781766411e-06	1.475348633e-06	6
3.797087299e-06	1.488204386e-06	6
3.812408188e-06	1.501060138e-06	6
3.827729077e-06	1.51391589e-06	6
3.843049966e-06	1.526771642e-06	6
3.858370855e-06	1.539627394e-06	6
3.873691744e-06	1.552483146e-06	6
3.889012633e-06	1.565338899e-06	6
3.904333521e-06	1.578194651e-06	6
3.91965441e-06	1.591050403e-06	6
3.934975299e-06	1.603906155e-06	6
3.950296188e-06	1.616761907e-06	6
3.965617077e-06	1.62961766e-06	6
3.980937966e-06	1.642473412e-06	6
3.996258855e-06	1.655329164e-06	6
4.011579743e-06	1.668184916e-06	6
4.011579743e-06	1.668184916e-06	-6
4.011579743e-06	1.668184916e-06	-6
4.011579743e-06	1.668184916e-06	-6
4.011579743e-06	1.668184916e-06	-6
4.011579743e-06	1.668184916e-06	-6
4.011579743e-06	1.668184916e-06	-6
4.011579743e-06	1.668184916e-06	-6
4.011579743e-06	1.668184916e-06	-6
4.011579743e-06	1.668184916e-06	-6
4.011579743e-06	1.668184916e-06	-6
4.011579743e-06	1.668184916e-06	-6
3.996258855e-06	1.655329164e-06	-6
3.980937966e-06	1.642473412e-06	-6
3.965617077e-06	1.62961766e-06	-6
3.950296188e-06	1.616761907e-06	-6
3.934975299e-06	1.603906155e-06	-6
3.91965441e-06	1.591050403e-06	-6
3.904333521e-06	1.578194651e-06	-6
3.889012633e-06	1.565338899e-06	-6
3.873691744e-06	1.552483146e-06	-6
3.858370855e-06	1.539627394e-06	-6
3.843049966e-06	1.526771642e-06	-6
3.827729077e-06	1.51391589e-06	-6
3.812408188e-06	1.501060138e-06	-6
3.797087299e-06	1.488204386e-06	-6
3.781766411e-06	1.475348633e-06	-6
3.766445522e-06	1.462492881e-06	-6
3.751124633e-06	1.449637129e-06	-6
3.735803744e-06	1.436781377e-06	-6
3.720482855e-06	1.423925625e-06	-6
3.705161966e-06	1.411069872e-06	-6
3.689841077e-06	1.39821412e-06	-6
3.674520189e-06	1.385358368e-06	-6
3.6591993e-06	1.372502616e-06	-6
3.643878411e-06	1.359646864e-06	-6
3.628557522e-06	1.346791111e-06	-6
3.613236633e-06	1.333935359e-06	-6
3.597915744e-06	1.321079607e-06	-6
3.582594855e-06	1.308223855e-06	-6
3.567273966e-06	1.295368103e-06	-6
3.551953078e-06	1.28251235e-06	-6
3.536632189e-06	1.269656598e-06	-6
3.5213113e-06	1.256800846e-06	-6
3.505990411e-06	1.243945094e-06	-6
3.490669522e-06	1.231089342e-06	-6
3.475348633e-06	1.218233589e-06	-6
3.460027744e-06	1.205377837e-06	-6
3.444706856e-06	1.192522085e-06	-6
3.429385967e-06	1.179666333e-06	-6
3.414065078e-06	1.166810581e-06	-6
3.398744189e-06	1.153954828e-06	-6
3.3834233e-06	1.141099076e-06	-6
3.368102411e-06	1.128243324e-06	-6
3.352781522e-06	1.115387572e-06	-6
3.337460634e-06	1.10253182e-06	-6
3.322139745e-06	1.089676068e-06	-6
3.306818856e-06	1.076820315e-06	-6
3.291497967e-06	1.063964563e-06	-6
3.276177078e-06	1.051108811e-06	-6
3.260856189e-06	1.038253059e-06	-6
3.2455353e-06	1.025397307e-06	-6
3.2455353e-06	1.025397307e-06	0
3.232679548e-06	1.040718195e-06	0
3.219823796e-06	1.056039084e-06	0
3.206968044e-06	1.071359973e-06	0
3.194112292e-06	1.086680862e-06	0
3.181256539e-06	1.102001751e-06	0
3.181256539e-06	1.102001751e-06	6
3.181256539e-06	1.102001751e-06	6
3.181256539e-06	1.102001751e-06	6
3.181256539e-06	1.102001751e-06	6
3.181256539e-06	1.102001751e-06	6
3.181256539e-06	1.102001751e-06	6
3.181256539e-06	1.102001751e-06	6
3.181256539e-06	1.102001751e-06	6
3.181256539e-06	1.102001751e-06	6
3.181256539e-06	1.102001751e-06	6
3.181256539e-06	1.102001751e-06	6
3.196577428e-06	1.114857503e-06	6
3.211898317e-06	1.127713255e-06	6
3.227219206e-06	1.140569007e-06	6
3.242540095e-06	1.15342476e-06	6
3.257860984e-06	1.166280512e-06	6
3.273181873e-06	1.179136264e-06	6
3.288502761e-06	1.191992016e-06	6
3.30382365e-06	1.204847768e-06	6
3.319144539e-06	1.217703521e-06	6
3.334465428e-06	1.230559273e-06	6
3.349786317e-06	1.243415025e-06	6
3.365107206e-06	1.256270777e-06	6
3.380428095e-06	1.269126529e-06	6
3.395748983e-06	1.281982282e-06	6
3.411069872e-06	1.294838034e-06	6
3.426390761e-06	1.307693786e-06	6
3.44171165e-06	1.320549538e-06	6
3.457032539e-06	1.33340529e-06	6
3.472353428e-06	1.346261043e-06	6
3.487674317e-06	1.359116795e-06	6
3.502995206e-06	1.371972547e-06	6
3.518316094e-06	1.384828299e-06	6
3.533636983e-06	1.397684051e-06	6
3.548957872e-06	1.410539803e-06	6
3.564278761e-06	1.423395556e-06	6
3.57959965e-06	1.436251308e-06	6
3.594920539e-06	1.44910706e-06	6
3.610241428e-06	1.461962812e-06	6
3.625562316e-06	1.474818564e-06	6
3.640883205e-06	1.487674317e-06	6
3.656204094e-06	1.500530069e-06	6
3.671524983e-06	1.513385821e-06	6
3.686845872e-06	1.526241573e-06	6
3.702166761e-06	1.539097325e-06	6
3.71748765e-06	1.551953078e-06	6
3.732808538e-06	1.56480883e-06	6
3.748129427e-06	1.577664582e-06	6
3.763450316e-06	1.590520334e-06	6
3.778771205e-06	1.603376086e-06	6
3.794092094e-06	1.616231839e-06	6
3.809412983e-06	1.629087591e-06	6
3.824733872e-06	1.641943343e-06	6
3.84005476e-06	1.654799095e-06	6
3.855375649e-06	1.667654847e-06	6
3.870696538e-06	1.6805106e-06	6
3.886017427e-06	1.693366352e-06	6
3.901338316e-06	1.706222104e-06	6
3.916659205e-06	1.719077856e-06	6
3.931980094e-06	1.731933608e-06	6
3.947300983e-06	1.744789361e-06	6
3.947300983e-06	1.744789361e-06	-6
3.947300983e-06	1.744789361e-06	-6
3.947300983e-06	1.744789361e-06	-6
3.947300983e-06	1.744789361e-06	-6
3.947300983e-06	1.744789361e-06	-6
3.947300983e-06	1.744789361e-06	-6
3.947300983e-06	1.744789361e-06	-6
3.947300983e-06	1.744789361e-06	-6
3.947300983e-06	1.744789361e-06	-6
3.947300983e-06	1.744789361e-06	-6
3.947300983e-06	1.744789361e-06	-6
3.931980094e-06	1.731933608e-06	-6
3.916659205e-06	1.719077856e-06	-6
3.901338316e-06	1.706222104e-06	-6
3.886017427e-06	1.693366352e-06	-6
3.870696538e-06	1.6805106e-06	-6
3.855375649e-06	1.667654847e-06	-6
3.84005476e-06	1.654799095e-06	-6
3.824733872e-06	1.641943343e-06	-6
3.809412983e-06	1.629087591e-06	-6
3.794092094e-06	1.616231839e-06	-6
3.778771205e-06	1.603376086e-06	-6
3.763450316e-06	1.590520334e-06	-6
3.748129427e-06	1.577664582e-06	-6
3.732808538e-06	1.56480883e-06	-6
3.71748765e-06	1.551953078e-06	-6
3.702166761e-06	1.539097325e-06	-6
3.686845872e-06	1.526241573e-06	-6
3.671524983e-06	1.513385821e-06	-6
3.656204094e-06	1.500530069e-06	-6
3.640883205e-06	1.487674317e-06	-6
3.625562316e-06	1.474818564e-06	-6
3.610241428e-06	1.461962812e-06	-6
3.594920539e-06	1.44910706e-06	-6
3.57959965e-06	1.436251308e-06	-6
3.564278761e-06	1.423395556e-06	-6
3.548957872e-06	1.410539803e-06	-6
3.533636983e-06	1.397684051e-06	-6
3.518316094e-06	1.384828299e-06	-6
3.502995206e-06	1.371972547e-06	-6
3.487674317e-06	1.359116795e-06	-6
3.472353428e-06	1.346261043e-06	-6
3.457032539e-06	1.33340529e-06	-6
3.44171165e-06	1.320549538e-06	-6
3.426390761e-06	1.307693786e-06	-6
3.411069872e-06	1.294838034e-06	-6
3.395748983e-06	1.281982282e-06	-6
3.380428095e-06	1.269126529e-06	-6
3.365107206e-06	1.256270777e-06	-6
3.349786317e-06	1.243415025e-06	-6
3.334465428e-06	1.230559273e-06	-6
3.319144539e-06	1.217703521e-06	-6
3.30382365e-06	1.204847768e-06	-6
3.288502761e-06	1.191992016e-06	-6
3.273181873e-06	1.179136264e-06	-6
3.257860984e-06	1.166280512e-06	-6
3.242540095e-06	1.15342476e-06	-6
3.227219206e-06	1.140569007e-06	-6
3.211898317e-06	1.127713255e-06	-6
3.196577428e-06	1.114857503e-06	-6
3.181256539e-06	1.102001751e-06	-6
3.181256539e-06	1.102001751e-06	0
3.168400787e-06	1.11732264e-06	0
3.155545035e-06	1.132643529e-06	0
3.142689283e-06	1.147964417e-06	0
3.129833531e-06	1.163285306e-06	0
3.116977778e-06	1.178606195e-06	0
3.116977778e-06	1.178606195e-06	6
3.116977778e-06	1.178606195e-06	6
3.116977778e-06	1.178606195e-06	6
3.116977778e-06	1.178606195e-06	6
3.116977778e-06	1.178606195e-06	6
3.116977778e-06	1.178606195e-06	6
3.116977778e-06	1.178606195e-06	6
3.116977778e-06	1.178606195e-06	6
3.116977778e-06	1.178606195e-06	6
3.116977778e-06	1.178606195e-06	6
3.116977778e-06	1.178606195e-06	6
3.132298667e-06	1.191461947e-06	6
3.147619556e-06	1.2043177e-06	6
3.162940445e-06	1.217173452e-06	6
3.178261334e-06	1.230029204e-06	6
3.193582223e-06	1.242884956e-06	6
3.208903112e-06	1.255740708e-06	6
3.224224e-06	1.268596461e-06	6
3.239544889e-06	1.281452213e-06	6
3.254865778e-06	1.294307965e-06	6
3.270186667e-06	1.307163717e-06	6
3.285507556e-06	1.320019469e-06	6
3.300828445e-06	1.332875221e-06	6
3.316149334e-06	1.345730974e-06	6
3.331470223e-06	1.358586726e-06	6
3.346791111e-06	1.371442478e-06	6
3.362112e-06	1.38429823e-06	6
3.377432889e-06	1.397153982e-06	6
3.392753778e-06	1.410009735e-06	6
3.408074667e-06	1.422865487e-06	6
3.423395556e-06	1.435721239e-06	6
3.438716445e-06	1.448576991e-06	6
3.454037333e-06	1.461432743e-06	6
3.469358222e-06	1.474288496e-06	6
3.484679111e-06	1.487144248e-06	6
3.5e-06	1.5e-06	6
3.515320889e-06	1.512855752e-06	6
3.530641778e-06	1.525711504e-06	6
3.545962667e-06	1.538567257e-06	6
3.561283555e-06	1.551423009e-06	6
3.576604444e-06	1.564278761e-06	6
3.591925333e-06	1.577134513e-06	6
3.607246222e-06	1.589990265e-06	6
3.622567111e-06	1.602846018e-06	6
3.637888e-06	1.61570177e-06	6
3.653208889e-06	1.628557522e-06	6
3.668529777e-06	1.641413274e-06	6
3.683850666e-06	1.654269026e-06	6
3.699171555e-06	1.667124779e-06	6
3.714492444e-06	1.679980531e-06	6
3.729813333e-06	1.692836283e-06	6
3.745134222e-06	1.705692035e-06	6
3.760455111e-06	1.718547787e-06	6
3.775776e-06	1.731403539e-06	6
3.791096888e-06	1.744259292e-06	6
3.806417777e-06	1.757115044e-06	6
3.821738666e-06	1.769970796e-06	6
3.837059555e-06	1.782826548e-06	6
3.852380444e-06	1.7956823e-06	6
3.867701333e-06	1.808538053e-06	6
3.883022222e-06	1.821393805e-06	6
3.883022222e-06	1.821393805e-06	-6
3.883022222e-06	1.821393805e-06	-6
3.883022222e-06	1.821393805e-06	-6
3.883022222e-06	1.821393805e-06	-6
3.883022222e-06	1.821393805e-06	-6
3.883022222e-06	1.821393805e-06	-6
3.883022222e-06	1.821393805e-06	-6
3.883022222e-06	1.821393805e-06	-6
3.883022222e-06	1.821393805e-06	-6
3.883022222e-06	1.821393805e-06	-6
3.883022222e-06	1.821393805e-06	-6
3.867701333e-06	1.808538053e-06	-6
3.852380444e-06	1.7956823e-06	-6
3.837059555e-06	1.782826548e-06	-6
3.821738666e-06	1.769970796e-06	-6
3.806417777e-06	1.757115044e-06	-6
3.791096888e-06	1.744259292e-06	-6
3.775776e-06	1.731403539e-06	-6
3.760455111e-06	1.718547787e-06	-6
3.745134222e-06	1.705692035e-06	-6
3.729813333e-06	1.692836283e-06	-6
3.714492444e-06	1.679980531e-06	-6
3.699171555e-06	1.667124779e-06	-6
3.683850666e-06	1.654269026e-06	-6
3.668529777e-06	1.641413274e-06	-6
3.653208889e-06	1.628557522e-06	-6
3.637888e-06	1.61570177e-06	-6
3.622567111e-06	1.602846018e-06	-6
3.607246222e-06	1.589990265e-06	-6
3.591925333e-06	1.577134513e-06	-6
3.576604444e-06	1.564278761e-06	-6
3.561283555e-06	1.551423009e-06	-6
3.545962667e-06	1.538567257e-06	-6
3.530641778e-06	1.525711504e-06	-6
3.515320889e-06	1.512855752e-06	-6
3.5e-06	1.5e-06	-6
3.484679111e-06	1.487144248e-06	-6
3.469358222e-06	1.474288496e-06	-6
3.454037333e-06	1.461432743e-06	-6
3.438716445e-06	1.448576991e-06	-6
3.423395556e-06	1.435721239e-06	-6
3.408074667e-06	1.422865487e-06	-6
3.392753778e-06	1.410009735e-06	-6
3.377432889e-06	1.397153982e-06	-6
3.362112e-06	1.38429823e-06	-6
3.346791111e-06	1.371442478e-06	-6
3.331470223e-06	1.358586726e-06	-6
3.316149334e-06	1.345730974e-06	-6
3.300828445e-06	1.332875221e-06	-6
3.285507556e-06	1.320019469e-06	-6
3.270186667e-06	1.307163717e-06	-6
3.254865778e-06	1.294307965e-06	-6
3.239544889e-06	1.281452213e-06	-6
3.224224e-06	1.268596461e-06	-6
3.208903112e-06	1.255740708e-06	-6
3.193582223e-06	1.242884956e-06	-6
3.178261334e-06	1.230029204e-06	-6
3.162940445e-06	1.217173452e-06	-6
3.147619556e-06	1.2043177e-06	-6
3.132298667e-06	1.191461947e-06	-6
3.116977778e-06	1.178606195e-06	-6
3.116977778e-06	1.178606195e-06	0
3.106264652e-06	1.191373603e-06	0
3.095551525e-06	1.20414101e-06	0
3.084838398e-06	1.216908417e-06	0
3.074125271e-06	1.229675825e-06	0
3.063412144e-06	1.242443232e-06	0
3.052699017e-06	1.255210639e-06	0
3.052699017e-06	1.255210639e-06	6
3.052699017e-06	1.255210639e-06	6
3.052699017e-06	1.255210639e-06	6
3.052699017e-06	1.255210639e-06	6
3.052699017e-06	1.255210639e-06	6
3.052699017e-06	1.255210639e-06	6
3.052699017e-06	1.255210639e-06	6
3.052699017e-06	1.255210639e-06	6
3.052699017e-06	1.255210639e-06	6
3.052699017e-06	1.255210639e-06	6
3.052699017e-06	1.255210639e-06	6
3.068019906e-06	1.268066392e-06	6
3.083340795e-06	1.280922144e-06	6
3.098661684e-06	1.293777896e-06	6
3.113982573e-06	1.306633648e-06	6
3.129303462e-06	1.3194894e-06	6
3.144624351e-06	1.332345153e-06	6
3.15994524e-06	1.345200905e-06	6
3.175266128e-06	1.358056657e-06	6
3.190587017e-06	1.370912409e-06	6
3.205907906e-06	1.383768161e-06	6
3.221228795e-06	1.396623914e-06	6
3.236549684e-06	1.409479666e-06	6
3.251870573e-06	1.422335418e-06	6
3.267191462e-06	1.43519117e-06	6
3.28251235e-06	1.448046922e-06	6
3.297833239e-06	1.460902675e-06	6
3.313154128e-06	1.473758427e-06	6
3.328475017e-06	1.486614179e-06	6
3.343795906e-06	1.499469931e-06	6
3.359116795e-06	1.512325683e-06	6
3.374437684e-06	1.525181436e-06	6
3.389758572e-06	1.538037188e-06	6
3.405079461e-06	1.55089294e-06	6
3.42040035e-06	1.563748692e-06	6
3.435721239e-06	1.576604444e-06	6
3.451042128e-06	1.589460197e-06	6
3.466363017e-06	1.602315949e-06	6
3.481683906e-06	1.615171701e-06	6
3.497004794e-06	1.628027453e-06	6
3.512325683e-06	1.640883205e-06	6
3.527646572e-06	1.653738957e-06	6
3.542967461e-06	1.66659471e-06	6
3.55828835e-06	1.679450462e-06	6
3.573609239e-06	1.692306214e-06	6
3.588930128e-06	1.705161966e-06	6
3.604251017e-06	1.718017718e-06	6
3.619571905e-06	1.730873471e-06	6
3.634892794e-06	1.743729223e-06	6
3.650213683e-06	1.756584975e-06	6
3.665534572e-06	1.769440727e-06	6
3.680855461e-06	1.782296479e-06	6
3.69617635e-06	1.795152232e-06	6
3.711497239e-06	1.808007984e-06	6
3.726818127e-06	1.820863736e-06	6
3.742139016e-06	1.833719488e-06	6
3.757459905e-06	1.84657524e-06	6
3.772780794e-06	1.859430993e-06	6
3.788101683e-06	1.872286745e-06	6
3.803422572e-06	1.885142497e-06	6
3.818743461e-06	1.897998249e-06	6
3.818743461e-06	1.897998249e-06	-6
3.818743461e-06	1.897998249e-06	-6
3.818743461e-06	1.897998249e-06	-6
3.818743461e-06	1.897998249e-06	-6
3.818743461e-06	1.897998249e-06	-6
3.818743461e-06	1.897998249e-06	-6
3.818743461e-06	1.897998249e-06	-6
3.818743461e-06	1.897998249e-06	-6
3.818743461e-06	1.897998249e-06	-6
3.818743461e-06	1.897998249e-06	-6
3.818743461e-06	1.897998249e-06	-6
3.803422572e-06	1.885142497e-06	-6
3.788101683e-06	1.872286745e-06	-6
3.772780794e-06	1.859430993e-06	-6
3.757459905e-06	1.84657524e-06	-6
3.742139016e-06	1.833719488e-06	-6
3.726818127e-06	1.820863736e-06	-6
3.711497239e-06	1.808007984e-06	-6
3.69617635e-06	1.795152232e-06	-6
3.680855461e-06	1.782296479e-06	-6
3.665534572e-06	1.769440727e-06	-6
3.650213683e-06	1.756584975e-06	-6
3.634892794e-06	1.743729223e-06	-6
3.619571905e-06	1.730873471e-06	-6
3.604251017e-06	1.718017718e-06	-6
3.588930128e-06	1.705161966e-06	-6
3.573609239e-06	1.692306214e-06	-6
3.55828835e-06	1.679450462e-06	-6
3.542967461e-06	1.66659471e-06	-6
3.527646572e-06	1.653738957e-06	-6
3.512325683e-06	1.640883205e-06	-6
3.497004794e-06	1.628027453e-06	-6
3.481683906e-06	1.615171701e-06	-6
3.466363017e-06	1.602315949e-06	-6
3.451042128e-06	1.589460197e-06	-6
3.435721239e-06	1.576604444e-06	-6
3.42040035e-06	1.563748692e-06	-6
3.405079461e-06	1.55089294e-06	-6
3.389758572e-06	1.538037188e-06	-6
3.374437684e-06	1.525181436e-06	-6
3.359116795e-06	1.512325683e-06	-6
3.343795906e-06	1.499469931e-06	-6
3.328475017e-06	1.486614179e-06	-6
3.313154128e-06	1.473758427e-06	-6
3.297833239e-06	1.460902675e-06	-6
3.28251235e-06	1.448046922e-06	-6
3.267191462e-06	1.43519117e-06	-6
3.251870573e-06	1.422335418e-06	-6
3.236549684e-06	1.409479666e-06	-6
3.221228795e-06	1.396623914e-06	-6
3.205907906e-06	1.383768161e-06	-6
3.190587017e-06	1.370912409e-06	-6
3.175266128e-06	1.358056657e-06	-6
3.15994524e-06	1.345200905e-06	-6
3.144624351e-06	1.332345153e-06	-6
3.129303462e-06	1.3194894e-06	-6
3.113982573e-06	1.306633648e-06	-6
3.098661684e-06	1.293777896e-06	-6
3.083340795e-06	1.280922144e-06	-6
3.068019906e-06	1.268066392e-06	-6
3.052699017e-06	1.255210639e-06	-6
3.052699017e-06	1.255210639e-06	0
3.039843265e-06	1.270531528e-06	0
3.026987513e-06	1.285852417e-06	0
3.014131761e-06	1.301173306e-06	0
3.001276009e-06	1.316494195e-06	0
2.988420257e-06	1.331815084e-06	0
2.988420257e-06	1.331815084e-06	6
2.988420257e-06	1.331815084e-06	6
2.988420257e-06	1.331815084e-06	6
2.988420257e-06	1.331815084e-06	6
2.988420257e-06	1.331815084e-06	6
2.988420257e-06	1.331815084e-06	6
2.988420257e-06	1.331815084e-06	6
2.988420257e-06	1.331815084e-06	6
2.988420257e-06	1.331815084e-06	6
2.988420257e-06	1.331815084e-06	6
2.988420257e-06	1.331815084e-06	6
3.003741145e-06	1.344670836e-06	6
3.019062034e-06	1.357526588e-06	6
3.034382923e-06	1.37038234e-06	6
3.049703812e-06	1.383238093e-06	6
3.065024701e-06	1.396093845e-06	6
3.08034559e-06	1.408949597e-06	6
3.095666479e-06	1.421805349e-06	6
3.110987367e-06	1.434661101e-06	6
3.126308256e-06	1.447516854e-06	6
3.141629145e-06	1.460372606e-06	6
3.156950034e-06	1.473228358e-06	6
3.172270923e-06	1.48608411e-06	6
3.187591812e-06	1.498939862e-06	6
3.202912701e-06	1.511795614e-06	6
3.218233589e-06	1.524651367e-06	6
3.233554478e-06	1.537507119e-06	6
3.248875367e-06	1.550362871e-06	6
3.264196256e-06	1.563218623e-06	6
3.279517145e-06	1.576074375e-06	6
3.294838034e-06	1.588930128e-06	6
3.310158923e-06	1.60178588e-06	6
3.325479811e-06	1.614641632e-06	6
3.3408007e-06	1.627497384e-06	6
3.356121589e-06	1.640353136e-06	6
3.371442478e-06	1.653208889e-06	6
3.386763367e-06	1.666064641e-06	6
3.402084256e-06	1.678920393e-06	6
3.417405145e-06	1.691776145e-06	6
3.432726034e-06	1.704631897e-06	6
3.448046922e-06	1.71748765e-06	6
3.463367811e-06	1.730343402e-06	6
3.4786887e-06	1.743199154e-06	6
3.494009589e-06	1.756054906e-06	6
3.509330478e-06	1.768910658e-06	6
3.524651367e-06	1.781766411e-06	6
3.539972256e-06	1.794622163e-06	6
3.555293144e-06	1.807477915e-06	6
3.570614033e-06	1.820333667e-06	6
3.585934922e-06	1.833189419e-06	6
3.601255811e-06	1.846045172e-06	6
3.6165767e-06	1.858900924e-06	6
3.631897589e-06	1.871756676e-06	6
3.647218478e-06	1.884612428e-06	6
3.662539366e-06	1.89746818e-06	6
3.677860255e-06	1.910323932e-06	6
3.693181144e-06	1.923179685e-06	6
3.708502033e-06	1.936035437e-06	6
3.723822922e-06	1.948891189e-06	6
3.739143811e-06	1.961746941e-06	6
3.7544647e-06	1.974602693e-06	6
3.7544647e-06	1.974602693e-06	-6
3.7544647e-06	1.974602693e-06	-6
3.7544647e-06	1.974602693e-06	-6
3.7544647e-06	1.974602693e-06	-6
3.7544647e-06	1.974602693e-06	-6
3.7544647e-06	1.974602693e-06	-6
3.7544647e-06	1.974602693e-06	-6
3.7544647e-06	1.974602693e-06	-6
3.7544647e-06	1.974602693e-06	-6
3.7544647e-06	1.974602693e-06	-6
3.7544647e-06	1.974602693e-06	-6
3.739143811e-06	1.961746941e-06	-6
3.723822922e-06	1.948891189e-06	-6
3.708502033e-06	1.936035437e-06	-6
3.693181144e-06	1.923179685e-06	-6
3.677860255e-06	1.910323932e-06	-6
3.662539366e-06	1.89746818e-06	-6
3.647218478e-06	1.884612428e-06	-6
3.631897589e-06	1.871756676e-06	-6
3.6165767e-06	1.858900924e-06	-6
3.601255811e-06	1.846045172e-06	-6
3.585934922e-06	1.833189419e-06	-6
3.570614033e-06	1.820333667e-06	-6
3.555293144e-06	1.807477915e-06	-6
3.539972256e-06	1.794622163e-06	-6
3.524651367e-06	1.781766411e-06	-6
3.509330478e-06	1.768910658e-06	-6
3.494009589e-06	1.756054906e-06	-6
3.4786887e-06	1.743199154e-06	-6
3.463367811e-06	1.730343402e-06	-6
3.448046922e-06	1.71748765e-06	-6
3.432726034e-06	1.704631897e-06	-6
3.417405145e-06	1.691776145e-06	-6
3.402084256e-06	1.678920393e-06	-6
3.386763367e-06	1.666064641e-06	-6
3.371442478e-06	1.653208889e-06	-6
3.356121589e-06	1.640353136e-06	-6
3.3408007e-06	1.627497384e-06	-6
3.325479811e-06	1.614641632e-06	-6
3.310158923e-06	1.60178588e-06	-6
3.294838034e-06	1.588930128e-06	-6
3.279517145e-06	1.576074375e-06	-6
3.264196256e-06	1.563218623e-06	-6
3.248875367e-06	1.550362871e-06	-6
3.233554478e-06	1.537507119e-06	-6
3.218233589e-06	1.524651367e-06	-6
3.202912701e-06	1.511795614e-06	-6
3.187591812e-06	1.498939862e-06	-6
3.172270923e-06	1.48608411e-06	-6
3.156950034e-06	1.473228358e-06	-6
3.141629145e-06	1.460372606e-06	-6
3.126308256e-06	1.447516854e-06	-6
3.110987367e-06	1.434661101e-06	-6
3.095666479e-06	1.421805349e-06	-6
3.08034559e-06	1.408949597e-06	-6
3.065024701e-06	1.396093845e-06	-6
3.049703812e-06	1.383238093e-06	-6
3.034382923e-06	1.37038234e-06	-6
3.019062034e-06	1.357526588e-06	-6
3.003741145e-06	1.344670836e-06	-6
2.988420257e-06	1.331815084e-06	-6
2.988420257e-06	1.331815084e-06	0
2.97770713e-06	1.344582491e-06	0
2.966994003e-06	1.357349899e-06	0
2.956280876e-06	1.370117306e-06	0
2.945567749e-06	1.382884713e-06	0
2.934854622e-06	1.395652121e-06	0
2.924141496e-06	1.408419528e-06	0
2.924141496e-06	1.408419528e-06	6
2.924141496e-06	1.408419528e-06	6
2.924141496e-06	1.408419528e-06	6
2.924141496e-06	1.408419528e-06	6
2.924141496e-06	1.408419528e-06	6
2.924141496e-06	1.408419528e-06	6
2.924141496e-06	1.408419528e-06	6
2.924141496e-06	1.408419528e-06	6
2.924141496e-06	1.408419528e-06	6
2.924141496e-06	1.408419528e-06	6
2.924141496e-06	1.408419528e-06	6
2.939462384e-06	1.42127528e-06	6
2.954783273e-06	1.434131032e-06	6
2.970104162e-06	1.446986785e-06	6
2.985425051e-06	1.459842537e-06	6
3.00074594e-06	1.472698289e-06	6
3.016066829e-06	1.485554041e-06	6
3.031387718e-06	1.498409793e-06	6
3.046708606e-06	1.511265546e-06	6
3.062029495e-06	1.524121298e-06	6
3.077350384e-06	1.53697705e-06	6
3.092671273e-06	1.549832802e-06	6
3.107992162e-06	1.562688554e-06	6
3.123313051e-06	1.575544307e-06	6
3.13863394e-06	1.588400059e-06	6
3.153954828e-06	1.601255811e-06	6
3.169275717e-06	1.614111563e-06	6
3.184596606e-06	1.626967315e-06	6
3.199917495e-06	1.639823068e-06	6
3.215238384e-06	1.65267882e-06	6
3.230559273e-06	1.665534572e-06	6
3.245880162e-06	1.678390324e-06	6
3.261201051e-06	1.691246076e-06	6
3.276521939e-06	1.704101829e-06	6
3.291842828e-06	1.716957581e-06	6
3.307163717e-06	1.729813333e-06	6
3.322484606e-06	1.742669085e-06	6
3.337805495e-06	1.755524837e-06	6
3.353126384e-06	1.76838059e-06	6
3.368447273e-06	1.781236342e-06	6
3.383768161e-06	1.794092094e-06	6
3.39908905e-06	1.806947846e-06	6
3.414409939e-06	1.819803598e-06	6
3.429730828e-06	1.83265935e-06	6
3.445051717e-06	1.845515103e-06	6
3.460372606e-06	1.858370855e-06	6
3.475693495e-06	1.871226607e-06	6
3.491014383e-06	1.884082359e-06	6
3.506335272e-06	1.896938111e-06	6
3.521656161e-06	1.909793864e-06	6
3.53697705e-06	1.922649616e-06	6
3.552297939e-06	1.935505368e-06	6
3.567618828e-06	1.94836112e-06	6
3.582939717e-06	1.961216872e-06	6
3.598260605e-06	1.974072625e-06	6
3.613581494e-06	1.986928377e-06	6
3.628902383e-06	1.999784129e-06	6
3.644223272e-06	2.012639881e-06	6
3.659544161e-06	2.025495633e-06	6
3.67486505e-06	2.038351386e-06	6
3.690185939e-06	2.051207138e-06	6
3.690185939e-06	2.051207138e-06	-6
3.690185939e-06	2.051207138e-06	-6
3.690185939e-06	2.051207138e-06	-6
3.690185939e-06	2.051207138e-06	-6
3.690185939e-06	2.051207138e-06	-6
3.690185939e-06	2.051207138e-06	-6
3.690185939e-06	2.051207138e-06	-6
3.690185939e-06	2.051207138e-06	-6
3.690185939e-06	2.051207138e-06	-6
3.690185939e-06	2.051207138e-06	-6
3.690185939e-06	2.051207138e-06	-6
3.67486505e-06	2.038351386e-06	-6
3.659544161e-06	2.025495633e-06	-6
3.644223272e-06	2.012639881e-06	-6
3.628902383e-06	1.999784129e-06	-6
3.613581494e-06	1.986928377e-06	-6
3.598260605e-06	1.974072625e-06	-6
3.582939717e-06	1.961216872e-06	-6
3.567618828e-06	1.94836112e-06	-6
3.552297939e-06	1.935505368e-06	-6
3.53697705e-06	1.922649616e-06	-6
3.521656161e-06	1.909793864e-06	-6
3.506335272e-06	1.896938111e-06	-6
3.491014383e-06	1.884082359e-06	-6
3.475693495e-06	1.871226607e-06	-6
3.460372606e-06	1.858370855e-06	-6
3.445051717e-06	1.845515103e-06	-6
3.429730828e-06	1.83265935e-06	-6
3.414409939e-06	1.819803598e-06	-6
3.39908905e-06	1.806947846e-06	-6
3.383768161e-06	1.794092094e-06	-6
3.368447273e-06	1.781236342e-06	-6
3.353126384e-06	1.76838059e-06	-6
3.337805495e-06	1.755524837e-06	-6
3.322484606e-06	1.742669085e-06	-6
3.307163717e-06	1.729813333e-06	-6
3.291842828e-06	1.716957581e-06	-6
3.276521939e-06	1.704101829e-06	-6
3.261201051e-06	1.691246076e-06	-6
3.245880162e-06	1.678390324e-06	-6
3.230559273e-06	1.665534572e-06	-6
3.215238384e-06	1.65267882e-06	-6
3.199917495e-06	1.639823068e-06	-6
3.184596606e-06	1.626967315e-06	-6
3.169275717e-06	1.614111563e-06	-6
3.153954828e-06	1.601255811e-06	-6
3.13863394e-06	1.588400059e-06	-6
3.123313051e-06	1.575544307e-06	-6
3.107992162e-06	1.562688554e-06	-6
3.092671273e-06	1.549832802e-06	-6
3.077350384e-06	1.53697705e-06	-6
3.062029495e-06	1.524121298e-06	-6
3.046708606e-06	1.511265546e-06	-6
3.031387718e-06	1.498409793e-06	-6
3.016066829e-06	1.485554041e-06	-6
3.00074594e-06	1.472698289e-06	-6
2.985425051e-06	1.459842537e-06	-6
2.970104162e-06	1.446986785e-06	-6
2.954783273e-06	1.434131032e-06	-6
2.939462384e-06	1.42127528e-06	-6
2.924141496e-06	1.408419528e-06	-6
2.924141496e-06	1.408419528e-06	0
2.911285743e-06	1.423740417e-06	0
2.898429991e-06	1.439061306e-06	0
2.885574239e-06	1.454382195e-06	0
2.872718487e-06	1.469703084e-06	0
2.859862735e-06	1.485023972e-06	0
2.859862735e-06	1.485023972e-06	6
2.859862735e-06	1.485023972e-06	6
2.859862735e-06	1.485023972e-06	6
2.859862735e-06	1.485023972e-06	6
2.859862735e-06	1.485023972e-06	6
2.859862735e-06	1.485023972e-06	6
2.859862735e-06	1.485023972e-06	6
2.859862735e-06	1.485023972e-06	6
2.859862735e-06	1.485023972e-06	6
2.859862735e-06	1.485023972e-06	6
2.859862735e-06	1.485023972e-06	6
2.875183623e-06	1.497879725e-06	6
2.890504512e-06	1.510735477e-06	6
2.905825401e-06	1.523591229e-06	6
2.92114629e-06	1.536446981e-06	6
2.936467179e-06	1.549302733e-06	6
2.951788068e-06	1.562158486e-06	6
2.967108957e-06	1.575014238e-06	6
2.982429845e-06	1.58786999e-06	6
2.997750734e-06	1.600725742e-06	6
3.013071623e-06	1.613581494e-06	6
3.028392512e-06	1.626437247e-06	6
3.043713401e-06	1.639292999e-06	6
3.05903429e-06	1.652148751e-06	6
3.074355179e-06	1.665004503e-06	6
3.089676068e-06	1.677860255e-06	6
3.104996956e-06	1.690716008e-06	6
3.120317845e-06	1.70357176e-06	6
3.135638734e-06	1.716427512e-06	6
3.150959623e-06	1.729283264e-06	6
3.166280512e-06	1.742139016e-06	6
3.181601401e-06	1.754994768e-06	6
3.19692229e-06	1.767850521e-06	6
3.212243178e-06	1.780706273e-06	6
3.227564067e-06	1.793562025e-06	6
3.242884956e-06	1.806417777e-06	6
3.258205845e-06	1.819273529e-06	6
3.273526734e-06	1.832129282e-06	6
3.288847623e-06	1.844985034e-06	6
3.304168512e-06	1.857840786e-06	6
3.3194894e-06	1.870696538e-06	6
3.334810289e-06	1.88355229e-06	6
3.350131178e-06	1.896408043e-06	6
3.365452067e-06	1.909263795e-06	6
3.380772956e-06	1.922119547e-06	6
3.396093845e-06	1.934975299e-06	6
3.411414734e-06	1.947831051e-06	6
3.426735622e-06	1.960686804e-06	6
3.442056511e-06	1.973542556e-06	6
3.4573774e-06	1.986398308e-06	6
3.472698289e-06	1.99925406e-06	6
3.488019178e-06	2.012109812e-06	6
3.503340067e-06	2.024965565e-06	6
3.518660956e-06	2.037821317e-06	6
3.533981845e-06	2.050677069e-06	6
3.549302733e-06	2.063532821e-06	6
3.564623622e-06	2.076388573e-06	6
3.579944511e-06	2.089244326e-06	6
3.5952654e-06	2.102100078e-06	6
3.610586289e-06	2.11495583e-06	6
3.625907178e-06	2.127811582e-06	6
3.625907178e-06	2.127811582e-06	-6
3.625907178e-06	2.127811582e-06	-6
3.625907178e-06	2.127811582e-06	-6
3.625907178e-06	2.127811582e-06	-6
3.625907178e-06	2.127811582e-06	-6
3.625907178e-06	2.127811582e-06	-6
3.625907178e-06	2.127811582e-06	-6
3.625907178e-06	2.127811582e-06	-6
3.625907178e-06	2.127811582e-06	-6
3.625907178e-06	2.127811582e-06	-6
3.625907178e-06	2.127811582e-06	-6
3.610586289e-06	2.11495583e-06	-6
3.5952654e-06	2.102100078e-06	-6
3.579944511e-06	2.089244326e-06	-6
3.564623622e-06	2.076388573e-06	-6
3.549302733e-06	2.063532821e-06	-6
3.533981845e-06	2.050677069e-06	-6
3.518660956e-06	2.037821317e-06	-6
3.503340067e-06	2.024965565e-06	-6
3.488019178e-06	2.012109812e-06	-6
3.472698289e-06	1.99925406e-06	-6
3.4573774e-06	1.986398308e-06	-6
3.442056511e-06	1.973542556e-06	-6
3.426735622e-06	1.960686804e-06	-6
3.411414734e-06	1.947831051e-06	-6
3.396093845e-06	1.934975299e-06	-6
3.380772956e-06	1.922119547e-06	-6
3.365452067e-06	1.909263795e-06	-6
3.350131178e-06	1.896408043e-06	-6
3.334810289e-06	1.88355229e-06	-6
3.3194894e-06	1.870696538e-06	-6
3.304168512e-06	1.857840786e-06	-6
3.288847623e-06	1.844985034e-06	-6
3.273526734e-06	1.832129282e-06	-6
3.258205845e-06	1.819273529e-06	-6
3.242884956e-06	1.806417777e-06	-6
3.227564067e-06	1.793562025e-06	-6
3.212243178e-06	1.780706273e-06	-6
3.19692229e-06	1.767850521e-06	-6
3.181601401e-06	1.754994768e-06	-6
3.166280512e-06	1.742139016e-06	-6
3.150959623e-06	1.729283264e-06	-6
3.135638734e-06	1.716427512e-06	-6
3.120317845e-06	1.70357176e-06	-6
3.104996956e-06	1.690716008e-06	-6
3.089676068e-06	1.677860255e-06	-6
3.074355179e-06	1.665004503e-06	-6
3.05903429e-06	1.652148751e-06	-6
3.043713401e-06	1.639292999e-06	-6
3.028392512e-06	1.626437247e-06	-6
3.013071623e-06	1.613581494e-06	-6
2.997750734e-06	1.600725742e-06	-6
2.982429845e-06	1.58786999e-06	-6
2.967108957e-06	1.575014238e-06	-6
2.951788068e-06	1.562158486e-06	-6
2.936467179e-06	1.549302733e-06	-6
2.92114629e-06	1.536446981e-06	-6
2.905825401e-06	1.523591229e-06	-6
2.890504512e-06	1.510735477e-06	-6
2.875183623e-06	1.497879725e-06	-6
2.859862735e-06	1.485023972e-06	-6
2.859862735e-06	1.485023972e-06	0
2.847006982e-06	1.500344861e-06	0
2.83415123e-06	1.51566575e-06	0
2.821295478e-06	1.530986639e-06	0
2.808439726e-06	1.546307528e-06	0
2.795583974e-06	1.561628417e-06	0
2.795583974e-06	1.561628417e-06	6
2.795583974e-06	1.561628417e-06	6
2.795583974e-06	1.561628417e-06	6
2.795583974e-06	1.561628417e-06	6
2.795583974e-06	1.561628417e-06	6
2.795583974e-06	1.561628417e-06	6
2.795583974e-06	1.561628417e-06	6
2.795583974e-06	1.561628417e-06	6
2.795583974e-06	1.561628417e-06	6
2.795583974e-06	1.561628417e-06	6
2.795583974e-06	1.561628417e-06	6
2.810904862e-06	1.574484169e-06	6
2.826225751e-06	1.587339921e-06	6
2.84154664e-06	1.600195673e-06	6
2.856867529e-06	1.613051425e-06	6
2.872188418e-06	1.625907178e-06	6
2.887509307e-06	1.63876293e-06	6
2.902830196e-06	1.651618682e-06	6
2.918151084e-06	1.664474434e-06	6
2.933471973e-06	1.677330186e-06	6
2.948792862e-06	1.690185939e-06	6
2.964113751e-06	1.703041691e-06	6
2.97943464e-06	1.715897443e-06	6
2.994755529e-06	1.728753195e-06	6
3.010076418e-06	1.741608947e-06	6
3.025397307e-06	1.7544647e-06	6
3.040718195e-06	1.767320452e-06	6
3.056039084e-06	1.780176204e-06	6
3.071359973e-06	1.793031956e-06	6
3.086680862e-06	1.805887708e-06	6
3.102001751e-06	1.818743461e-06	6
3.11732264e-06	1.831599213e-06	6
3.132643529e-06	1.844454965e-06	6
3.147964417e-06	1.857310717e-06	6
3.163285306e-06	1.870166469e-06	6
3.178606195e-06	1.883022222e-06	6
3.193927084e-06	1.895877974e-06	6
3.209247973e-06	1.908733726e-06	6
3.224568862e-06	1.921589478e-06	6
3.239889751e-06	1.93444523e-06	6
3.255210639e-06	1.947300983e-06	6
3.270531528e-06	1.960156735e-06	6
3.285852417e-06	1.973012487e-06	6
3.301173306e-06	1.985868239e-06	6
3.316494195e-06	1.998723991e-06	6
3.331815084e-06	2.011579743e-06	6
3.347135973e-06	2.024435496e-06	6
3.362456862e-06	2.037291248e-06	6
3.37777775e-06	2.050147e-06	6
3.393098639e-06	2.063002752e-06	6
3.408419528e-06	2.075858504e-06	6
3.423740417e-06	2.088714257e-06	6
3.439061306e-06	2.101570009e-06	6
3.454382195e-06	2.114425761e-06	6
3.469703084e-06	2.127281513e-06	6
3.485023972e-06	2.140137265e-06	6
3.500344861e-06	2.152993018e-06	6
3.51566575e-06	2.16584877e-06	6
3.530986639e-06	2.178704522e-06	6
3.546307528e-06	2.191560274e-06	6
3.561628417e-06	2.204416026e-06	6
3.561628417e-06	2.204416026e-06	-6
3.561628417e-06	2.204416026e-06	-6
3.561628417e-06	2.204416026e-06	-6
3.561628417e-06	2.204416026e-06	-6
3.561628417e-06	2.204416026e-06	-6
3.561628417e-06	2.204416026e-06	-6
3.561628417e-06	2.204416026e-06	-6
3.561628417e-06	2.204416026e-06	-6
3.561628417e-06	2.204416026e-06	-6
3.561628417e-06	2.204416026e-06	-6
3.561628417e-06	2.204416026e-06	-6
3.546307528e-06	2.191560274e-06	-6
3.530986639e-06	2.178704522e-06	-6
3.51566575e-06	2.16584877e-06	-6
3.500344861e-06	2.152993018e-06	-6
3.485023972e-06	2.140137265e-06	-6
3.469703084e-06	2.127281513e-06	-6
3.454382195e-06	2.114425761e-06	-6
3.439061306e-06	2.101570009e-06	-6
3.423740417e-06	2.088714257e-06	-6
3.408419528e-06	2.075858504e-06	-6
3.393098639e-06	2.063002752e-06	-6
3.37777775e-06	2.050147e-06	-6
3.362456862e-06	2.037291248e-06	-6
3.347135973e-06	2.024435496e-06	-6
3.331815084e-06	2.011579743e-06	-6
3.316494195e-06	1.998723991e-06	-6
3.301173306e-06	1.985868239e-06	-6
3.285852417e-06	1.973012487e-06	-6
3.270531528e-06	1.960156735e-06	-6
3.255210639e-06	1.947300983e-06	-6
3.239889751e-06	1.93444523e-06	-6
3.224568862e-06	1.921589478e-06	-6
3.209247973e-06	1.908733726e-06	-6
3.193927084e-06	1.895877974e-06	-6
3.178606195e-06	1.883022222e-06	-6
3.163285306e-06	1.870166469e-06	-6
3.147964417e-06	1.857310717e-06	-6
3.132643529e-06	1.844454965e-06	-6
3.11732264e-06	1.831599213e-06	-6
3.102001751e-06	1.818743461e-06	-6
3.086680862e-06	1.805887708e-06	-6
3.071359973e-06	1.793031956e-06	-6
3.056039084e-06	1.780176204e-06	-6
3.040718195e-06	1.767320452e-06	-6
3.025397307e-06	1.7544647e-06	-6
3.010076418e-06	1.741608947e-06	-6
2.994755529e-06	1.728753195e-06	-6
2.97943464e-06	1.715897443e-06	-6
2.964113751e-06	1.703041691e-06	-6
2.948792862e-06	1.690185939e-06	-6
2.933471973e-06	1.677330186e-06	-6
2.918151084e-06	1.664474434e-06	-6
2.902830196e-06	1.651618682e-06	-6
2.887509307e-06	1.63876293e-06	-6
2.872188418e-06	1.625907178e-06	-6
2.856867529e-06	1.613051425e-06	-6
2.84154664e-06	1.600195673e-06	-6
2.826225751e-06	1.587339921e-06	-6
2.810904862e-06	1.574484169e-06	-6
2.795583974e-06	1.561628417e-06	-6
