# X_m	Y_m	V
2.204416026e-06	5.561628417e-06	6
2.204416026e-06	5.561628417e-06	6
2.204416026e-06	5.561628417e-06	6
2.204416026e-06	5.561628417e-06	6
2.204416026e-06	5.561628417e-06	6
2.204416026e-06	5.561628417e-06	6
2.204416026e-06	5.561628417e-06	6
2.204416026e-06	5.561628417e-06	6
2.204416026e-06	5.561628417e-06	6
2.204416026e-06	5.561628417e-06	6
2.204416026e-06	5.561628417e-06	6
2.189095138e-06	5.574484169e-06	6
2.173774249e-06	5.587339921e-06	6
2.15845336e-06	5.600195673e-06	6
2.143132471e-06	5.613051425e-06	6
2.127811582e-06	5.625907178e-06	6
2.112490693e-06	5.63876293e-06	6
2.097169804e-06	5.651618682e-06	6
2.081848916e-06	5.664474434e-06	6
2.066528027e-06	5.677330186e-06	6
2.051207138e-06	5.690185939e-06	6
2.035886249e-06	5.703041691e-06	6
2.02056536e-06	5.715897443e-06	6
2.005244471e-06	5.728753195e-06	6
1.989923582e-06	5.741608947e-06	6
1.974602693e-06	5.7544647e-06	6
1.959281805e-06	5.767320452e-06	6
1.943960916e-06	5.780176204e-06	6
1.928640027e-06	5.793031956e-06	6
1.913319138e-06	5.805887708e-06	6
1.897998249e-06	5.818743461e-06	6
1.88267736e-06	5.831599213e-06	6
1.867356471e-06	5.844454965e-06	6
1.852035583e-06	5.857310717e-06	6
1.836714694e-06	5.870166469e-06	6
1.821393805e-06	5.883022222e-06	6
1.806072916e-06	5.895877974e-06	6
1.790752027e-06	5.908733726e-06	6
1.775431138e-06	5.921589478e-06	6
1.760110249e-06	5.93444523e-06	6
1.744789361e-06	5.947300983e-06	6
1.729468472e-06	5.960156735e-06	6
1.714147583e-06	5.973012487e-06	6
1.698826694e-06	5.985868239e-06	6
1.683505805e-06	5.998723991e-06	6
1.668184916e-06	6.011579743e-06	6
1.652864027e-06	6.024435496e-06	6
1.637543138e-06	6.037291248e-06	6
1.62222225e-06	6.050147e-06	6
1.606901361e-06	6.063002752e-06	6
1.591580472e-06	6.075858504e-06	6
1.576259583e-06	6.088714257e-06	6
1.560938694e-06	6.101570009e-06	6
1.545617805e-06	6.114425761e-06	6
1.530296916e-06	6.127281513e-06	6
1.514976028e-06	6.140137265e-06	6
1.499655139e-06	6.152993018e-06	6
1.48433425e-06	6.16584877e-06	6
1.469013361e-06	6.178704522e-06	6
1.453692472e-06	6.191560274e-06	6
1.438371583e-06	6.204416026e-06	6
1.438371583e-06	6.204416026e-06	-6
1.438371583e-06	6.204416026e-06	-6
1.438371583e-06	6.204416026e-06	-6
1.438371583e-06	6.204416026e-06	-6
1.438371583e-06	6.204416026e-06	-6
1.438371583e-06	6.204416026e-06	-6
1.438371583e-06	6.204416026e-06	-6
1.438371583e-06	6.204416026e-06	-6
1.438371583e-06	6.204416026e-06	-6
1.438371583e-06	6.204416026e-06	-6
1.438371583e-06	6.204416026e-06	-6
1.453692472e-06	6.191560274e-06	-6
1.469013361e-06	6.178704522e-06	-6
1.48433425e-06	6.16584877e-06	-6
1.499655139e-06	6.152993018e-06	-6
1.514976028e-06	6.140137265e-06	-6
1.530296916e-06	6.127281513e-06	-6
1.545617805e-06	6.114425761e-06	-6
1.560938694e-06	6.101570009e-06	-6
1.576259583e-06	6.088714257e-06	-6
1.591580472e-06	6.075858504e-06	-6
1.606901361e-06	6.063002752e-06	-6
1.62222225e-06	6.050147e-06	-6
1.637543138e-06	6.037291248e-06	-6
1.652864027e-06	6.024435496e-06	-6
1.668184916e-06	6.011579743e-06	-6
1.683505805e-06	5.998723991e-06	-6
1.698826694e-06	5.985868239e-06	-6
1.714147583e-06	5.973012487e-06	-6
1.729468472e-06	5.960156735e-06	-6
1.744789361e-06	5.947300983e-06	-6
1.760110249e-06	5.93444523e-06	-6
1.775431138e-06	5.921589478e-06	-6
1.790752027e-06	5.908733726e-06	-6
1.806072916e-06	5.895877974e-06	-6
1.821393805e-06	5.883022222e-06	-6
1.836714694e-06	5.870166469e-06	-6
1.852035583e-06	5.857310717e-06	-6
1.867356471e-06	5.844454965e-06	-6
1.88267736e-06	5.831599213e-06	-6
1.897998249e-06	5.818743461e-06	-6
1.913319138e-06	5.805887708e-06	-6
1.928640027e-06	5.793031956e-06	-6
1.943960916e-06	5.780176204e-06	-6
1.959281805e-06	5.767320452e-06	-6
1.974602693e-06	5.7544647e-06	-6
1.989923582e-06	5.741608947e-06	-6
2.005244471e-06	5.728753195e-06	-6
2.02056536e-06	5.715897443e-06	-6
2.035886249e-06	5.703041691e-06	-6
2.051207138e-06	5.690185939e-06	-6
2.066528027e-06	5.677330186e-06	-6
2.081848916e-06	5.664474434e-06	-6
2.097169804e-06	5.651618682e-06	-6
2.112490693e-06	5.63876293e-06	-6
2.127811582e-06	5.625907178e-06	-6
2.143132471e-06	5.613051425e-06	-6
2.15845336e-06	5.600195673e-06	-6
2.173774249e-06	5.587339921e-06	-6
2.189095138e-06	5.574484169e-06	-6
2.204416026e-06	5.561628417e-06	-6
2.204416026e-06	5.561628417e-06	0
2.1937029e-06	5.548861009e-06	0
2.182989773e-06	5.536093602e-06	0
2.172276646e-06	5.523326195e-06	0
2.161563519e-06	5.510558787e-06	0
2.150850392e-06	5.49779138e-06	0
2.140137265e-06	5.485023972e-06	0
2.140137265e-06	5.485023972e-06	6
2.140137265e-06	5.485023972e-06	6
2.140137265e-06	5.485023972e-06	6
2.140137265e-06	5.485023972e-06	6
2.140137265e-06	5.485023972e-06	6
2.140137265e-06	5.485023972e-06	6
2.140137265e-06	5.485023972e-06	6
2.140137265e-06	5.485023972e-06	6
2.140137265e-06	5.485023972e-06	6
2.140137265e-06	5.485023972e-06	6
2.140137265e-06	5.485023972e-06	6
2.124816377e-06	5.497879725e-06	6
2.109495488e-06	5.510735477e-06	6
2.094174599e-06	5.523591229e-06	6
2.07885371e-06	5.536446981e-06	6
2.063532821e-06	5.549302733e-06	6
2.048211932e-06	5.562158486e-06	6
2.032891043e-06	5.575014238e-06	6
2.017570155e-06	5.58786999e-06	6
2.002249266e-06	5.600725742e-06	6
1.986928377e-06	5.613581494e-06	6
1.971607488e-06	5.626437247e-06	6
1.956286599e-06	5.639292999e-06	6
1.94096571e-06	5.652148751e-06	6
1.925644821e-06	5.665004503e-06	6
1.910323932e-06	5.677860255e-06	6
1.895003044e-06	5.690716008e-06	6
1.879682155e-06	5.70357176e-06	6
1.864361266e-06	5.716427512e-06	6
1.849040377e-06	5.729283264e-06	6
1.833719488e-06	5.742139016e-06	6
1.818398599e-06	5.754994768e-06	6
1.80307771e-06	5.767850521e-06	6
1.787756822e-06	5.780706273e-06	6
1.772435933e-06	5.793562025e-06	6
1.757115044e-06	5.806417777e-06	6
1.741794155e-06	5.819273529e-06	6
1.726473266e-06	5.832129282e-06	6
1.711152377e-06	5.844985034e-06	6
1.695831488e-06	5.857840786e-06	6
1.6805106e-06	5.870696538e-06	6
1.665189711e-06	5.88355229e-06	6
1.649868822e-06	5.896408043e-06	6
1.634547933e-06	5.909263795e-06	6
1.619227044e-06	5.922119547e-06	6
1.603906155e-06	5.934975299e-06	6
1.588585266e-06	5.947831051e-06	6
1.573264378e-06	5.960686804e-06	6
1.557943489e-06	5.973542556e-06	6
1.5426226e-06	5.986398308e-06	6
1.527301711e-06	5.99925406e-06	6
1.511980822e-06	6.012109812e-06	6
1.496659933e-06	6.024965565e-06	6
1.481339044e-06	6.037821317e-06	6
1.466018155e-06	6.050677069e-06	6
1.450697267e-06	6.063532821e-06	6
1.435376378e-06	6.076388573e-06	6
1.420055489e-06	6.089244326e-06	6
1.4047346e-06	6.102100078e-06	6
1.389413711e-06	6.11495583e-06	6
1.374092822e-06	6.127811582e-06	6
1.374092822e-06	6.127811582e-06	-6
1.374092822e-06	6.127811582e-06	-6
1.374092822e-06	6.127811582e-06	-6
1.374092822e-06	6.127811582e-06	-6
1.374092822e-06	6.127811582e-06	-6
1.374092822e-06	6.127811582e-06	-6
1.374092822e-06	6.127811582e-06	-6
1.374092822e-06	6.127811582e-06	-6
1.374092822e-06	6.127811582e-06	-6
1.374092822e-06	6.127811582e-06	-6
1.374092822e-06	6.127811582e-06	-6
1.389413711e-06	6.11495583e-06	-6
1.4047346e-06	6.102100078e-06	-6
1.420055489e-06	6.089244326e-06	-6
1.435376378e-06	6.076388573e-06	-6
1.450697267e-06	6.063532821e-06	-6
1.466018155e-06	6.050677069e-06	-6
1.481339044e-06	6.037821317e-06	-6
1.496659933e-06	6.024965565e-06	-6
1.511980822e-06	6.012109812e-06	-6
1.527301711e-06	5.99925406e-06	-6
1.5426226e-06	5.986398308e-06	-6
1.557943489e-06	5.973542556e-06	-6
1.573264378e-06	5.960686804e-06	-6
1.588585266e-06	5.947831051e-06	-6
1.603906155e-06	5.934975299e-06	-6
1.619227044e-06	5.922119547e-06	-6
1.634547933e-06	5.909263795e-06	-6
1.649868822e-06	5.896408043e-06	-6
1.665189711e-06	5.88355229e-06	-6
1.6805106e-06	5.870696538e-06	-6
1.695831488e-06	5.857840786e-06	-6
1.711152377e-06	5.844985034e-06	-6
1.726473266e-06	5.832129282e-06	-6
1.741794155e-06	5.819273529e-06	-6
1.757115044e-06	5.806417777e-06	-6
1.772435933e-06	5.793562025e-06	-6
1.787756822e-06	5.780706273e-06	-6
1.80307771e-06	5.767850521e-06	-6
1.818398599e-06	5.754994768e-06	-6
1.833719488e-06	5.742139016e-06	-6
1.849040377e-06	5.729283264e-06	-6
1.864361266e-06	5.716427512e-06	-6
1.879682155e-06	5.70357176e-06	-6
1.895003044e-06	5.690716008e-06	-6
1.910323932e-06	5.677860255e-06	-6
1.925644821e-06	5.665004503e-06	-6
1.94096571e-06	5.652148751e-06	-6
1.956286599e-06	5.639292999e-06	-6
1.971607488e-06	5.626437247e-06	-6
1.986928377e-06	5.613581494e-06	-6
2.002249266e-06	5.600725742e-06	-6
2.017570155e-06	5.58786999e-06	-6
2.032891043e-06	5.575014238e-06	-6
2.048211932e-06	5.562158486e-06	-6
2.063532821e-06	5.549302733e-06	-6
2.07885371e-06	5.536446981e-06	-6
2.094174599e-06	5.523591229e-06	-6
2.109495488e-06	5.510735477e-06	-6
2.124816377e-06	5.497879725e-06	-6
2.140137265e-06	5.485023972e-06	-6
2.140137265e-06	5.485023972e-06	0
2.129424139e-06	5.472256565e-06	0
2.118711012e-06	5.459489158e-06	0
2.107997885e-06	5.44672175e-06	0
2.097284758e-06	5.433954343e-06	0
2.086571631e-06	5.421186935e-06	0
2.075858504e-06	5.408419528e-06	0
2.075858504e-06	5.408419528e-06	6
2.075858504e-06	5.408419528e-06	6
2.075858504e-06	5.408419528e-06	6
2.075858504e-06	5.408419528e-06	6
2.075858504e-06	5.408419528e-06	6
2.075858504e-06	5.408419528e-06	6
2.075858504e-06	5.408419528e-06	6
2.075858504e-06	5.408419528e-06	6
2.075858504e-06	5.408419528e-06	6
2.075858504e-06	5.408419528e-06	6
2.075858504e-06	5.408419528e-06	6
2.060838025e-06	5.421023207e-06	6
2.045817546e-06	5.433626885e-06	6
2.030797067e-06	5.446230564e-06	6
2.015776587e-06	5.458834243e-06	6
2.000756108e-06	5.471437921e-06	6
1.985735629e-06	5.4840416e-06	6
1.97071515e-06	5.496645278e-06	6
1.95569467e-06	5.509248957e-06	6
1.940674191e-06	5.521852636e-06	6
1.925653712e-06	5.534456314e-06	6
1.910633232e-06	5.547059993e-06	6
1.895612753e-06	5.559663672e-06	6
1.880592274e-06	5.57226735e-06	6
1.865571795e-06	5.584871029e-06	6
1.850551315e-06	5.597474707e-06	6
1.835530836e-06	5.610078386e-06	6
1.820510357e-06	5.622682065e-06	6
1.805489877e-06	5.635285743e-06	6
1.790469398e-06	5.647889422e-06	6
1.775448919e-06	5.660493101e-06	6
1.76042844e-06	5.673096779e-06	6
1.74540796e-06	5.685700458e-06	6
1.730387481e-06	5.698304136e-06	6
1.715367002e-06	5.710907815e-06	6
1.700346523e-06	5.723511494e-06	6
1.685326043e-06	5.736115172e-06	6
1.670305564e-06	5.748718851e-06	6
1.655285085e-06	5.761322529e-06	6
1.640264605e-06	5.773926208e-06	6
1.625244126e-06	5.786529887e-06	6
1.610223647e-06	5.799133565e-06	6
1.595203168e-06	5.811737244e-06	6
1.580182688e-06	5.824340923e-06	6
1.565162209e-06	5.836944601e-06	6
1.55014173e-06	5.84954828e-06	6
1.53512125e-06	5.862151958e-06	6
1.520100771e-06	5.874755637e-06	6
1.505080292e-06	5.887359316e-06	6
1.490059813e-06	5.899962994e-06	6
1.475039333e-06	5.912566673e-06	6
1.460018854e-06	5.925170352e-06	6
1.444998375e-06	5.93777403e-06	6
1.429977896e-06	5.950377709e-06	6
1.414957416e-06	5.962981387e-06	6
1.399936937e-06	5.975585066e-06	6
1.384916458e-06	5.988188745e-06	6
1.369895978e-06	6.000792423e-06	6
1.354875499e-06	6.013396102e-06	6
1.33985502e-06	6.025999781e-06	6
1.324834541e-06	6.038603459e-06	6
1.309814061e-06	6.051207138e-06	6
1.309814061e-06	6.051207138e-06	-6
1.309814061e-06	6.051207138e-06	-6
1.309814061e-06	6.051207138e-06	-6
1.309814061e-06	6.051207138e-06	-6
1.309814061e-06	6.051207138e-06	-6
1.309814061e-06	6.051207138e-06	-6
1.309814061e-06	6.051207138e-06	-6
1.309814061e-06	6.051207138e-06	-6
1.309814061e-06	6.051207138e-06	-6
1.309814061e-06	6.051207138e-06	-6
1.309814061e-06	6.051207138e-06	-6
1.324834541e-06	6.038603459e-06	-6
1.33985502e-06	6.025999781e-06	-6
1.354875499e-06	6.013396102e-06	-6
1.369895978e-06	6.000792423e-06	-6
1.384916458e-06	5.988188745e-06	-6
1.399936937e-06	5.975585066e-06	-6
1.414957416e-06	5.962981387e-06	-6
1.429977896e-06	5.950377709e-06	-6
1.444998375e-06	5.93777403e-06	-6
1.460018854e-06	5.925170352e-06	-6
1.475039333e-06	5.912566673e-06	-6
1.490059813e-06	5.899962994e-06	-6
1.505080292e-06	5.887359316e-06	-6
1.520100771e-06	5.874755637e-06	-6
1.53512125e-06	5.862151958e-06	-6
1.55014173e-06	5.84954828e-06	-6
1.565162209e-06	5.836944601e-06	-6
1.580182688e-06	5.824340923e-06	-6
1.595203168e-06	5.811737244e-06	-6
1.610223647e-06	5.799133565e-06	-6
1.625244126e-06	5.786529887e-06	-6
1.640264605e-06	5.773926208e-06	-6
1.655285085e-06	5.761322529e-06	-6
1.670305564e-06	5.748718851e-06	-6
1.685326043e-06	5.736115172e-06	-6
1.700346523e-06	5.723511494e-06	-6
1.715367002e-06	5.710907815e-06	-6
1.730387481e-06	5.698304136e-06	-6
1.74540796e-06	5.685700458e-06	-6
1.76042844e-06	5.673096779e-06	-6
1.775448919e-06	5.660493101e-06	-6
1.790469398e-06	5.647889422e-06	-6
1.805489877e-06	5.635285743e-06	-6
1.820510357e-06	5.622682065e-06	-6
1.835530836e-06	5.610078386e-06	-6
1.850551315e-06	5.597474707e-06	-6
1.865571795e-06	5.584871029e-06	-6
1.880592274e-06	5.57226735e-06	-6
1.895612753e-06	5.559663672e-06	-6
1.910633232e-06	5.547059993e-06	-6
1.925653712e-06	5.534456314e-06	-6
1.940674191e-06	5.521852636e-06	-6
1.95569467e-06	5.509248957e-06	-6
1.97071515e-06	5.496645278e-06	-6
1.985735629e-06	5.4840416e-06	-6
2.000756108e-06	5.471437921e-06	-6
2.015776587e-06	5.458834243e-06	-6
2.030797067e-06	5.446230564e-06	-6
2.045817546e-06	5.433626885e-06	-6
2.060838025e-06	5.421023207e-06	-6
2.075858504e-06	5.408419528e-06	-6
2.075858504e-06	5.408419528e-06	0
2.065145378e-06	5.395652121e-06	0
2.054432251e-06	5.382884713e-06	0
2.043719124e-06	5.370117306e-06	0
2.033005997e-06	5.357349899e-06	0
2.02229287e-06	5.344582491e-06	0
2.011579743e-06	5.331815084e-06	0
2.011579743e-06	5.331815084e-06	6
2.011579743e-06	5.331815084e-06	6
2.011579743e-06	5.331815084e-06	6
2.011579743e-06	5.331815084e-06	6
2.011579743e-06	5.331815084e-06	6
2.011579743e-06	5.331815084e-06	6
2.011579743e-06	5.331815084e-06	6
2.011579743e-06	5.331815084e-06	6
2.011579743e-06	5.331815084e-06	6
2.011579743e-06	5.331815084e-06	6
2.011579743e-06	5.331815084e-06	6
1.996258855e-06	5.344670836e-06	6
1.980937966e-06	5.357526588e-06	6
1.965617077e-06	5.37038234e-06	6
1.950296188e-06	5.383238093e-06	6
1.934975299e-06	5.396093845e-06	6
1.91965441e-06	5.408949597e-06	6
1.904333521e-06	5.421805349e-06	6
1.889012633e-06	5.434661101e-06	6
1.873691744e-06	5.447516854e-06	6
1.858370855e-06	5.460372606e-06	6
1.843049966e-06	5.473228358e-06	6
1.827729077e-06	5.48608411e-06	6
1.812408188e-06	5.498939862e-06	6
1.797087299e-06	5.511795614e-06	6
1.781766411e-06	5.524651367e-06	6
1.766445522e-06	5.537507119e-06	6
1.751124633e-06	5.550362871e-06	6
1.735803744e-06	5.563218623e-06	6
1.720482855e-06	5.576074375e-06	6
1.705161966e-06	5.588930128e-06	6
1.689841077e-06	5.60178588e-06	6
1.674520189e-06	5.614641632e-06	6
1.6591993e-06	5.627497384e-06	6
1.643878411e-06	5.640353136e-06	6
1.628557522e-06	5.653208889e-06	6
1.613236633e-06	5.666064641e-06	6
1.597915744e-06	5.678920393e-06	6
1.582594855e-06	5.691776145e-06	6
1.567273966e-06	5.704631897e-06	6
1.551953078e-06	5.71748765e-06	6
1.536632189e-06	5.730343402e-06	6
1.5213113e-06	5.743199154e-06	6
1.505990411e-06	5.756054906e-06	6
1.490669522e-06	5.768910658e-06	6
1.475348633e-06	5.781766411e-06	6
1.460027744e-06	5.794622163e-06	6
1.444706856e-06	5.807477915e-06	6
1.429385967e-06	5.820333667e-06	6
1.414065078e-06	5.833189419e-06	6
1.398744189e-06	5.846045172e-06	6
1.3834233e-06	5.858900924e-06	6
1.368102411e-06	5.871756676e-06	6
1.352781522e-06	5.884612428e-06	6
1.337460634e-06	5.89746818e-06	6
1.322139745e-06	5.910323932e-06	6
1.306818856e-06	5.923179685e-06	6
1.291497967e-06	5.936035437e-06	6
1.276177078e-06	5.948891189e-06	6
1.260856189e-06	5.961746941e-06	6
1.2455353e-06	5.974602693e-06	6
1.2455353e-06	5.974602693e-06	-6
1.2455353e-06	5.974602693e-06	-6
1.2455353e-06	5.974602693e-06	-6
1.2455353e-06	5.974602693e-06	-6
1.2455353e-06	5.974602693e-06	-6
1.2455353e-06	5.974602693e-06	-6
1.2455353e-06	5.974602693e-06	-6
1.2455353e-06	5.974602693e-06	-6
1.2455353e-06	5.974602693e-06	-6
1.2455353e-06	5.974602693e-06	-6
1.2455353e-06	5.974602693e-06	-6
1.260856189e-06	5.961746941e-06	-6
1.276177078e-06	5.948891189e-06	-6
1.291497967e-06	5.936035437e-06	-6
1.306818856e-06	5.923179685e-06	-6
1.322139745e-06	5.910323932e-06	-6
1.337460634e-06	5.89746818e-06	-6
1.352781522e-06	5.884612428e-06	-6
1.368102411e-06	5.871756676e-06	-6
1.3834233e-06	5.858900924e-06	-6
1.398744189e-06	5.846045172e-06	-6
1.414065078e-06	5.833189419e-06	-6
1.429385967e-06	5.820333667e-06	-6
1.444706856e-06	5.807477915e-06	-6
1.460027744e-06	5.794622163e-06	-6
1.475348633e-06	5.781766411e-06	-6
1.490669522e-06	5.768910658e-06	-6
1.505990411e-06	5.756054906e-06	-6
1.5213113e-06	5.743199154e-06	-6
1.536632189e-06	5.730343402e-06	-6
1.551953078e-06	5.71748765e-06	-6
1.567273966e-06	5.704631897e-06	-6
1.582594855e-06	5.691776145e-06	-6
1.597915744e-06	5.678920393e-06	-6
1.613236633e-06	5.666064641e-06	-6
1.628557522e-06	5.653208889e-06	-6
1.643878411e-06	5.640353136e-06	-6
1.6591993e-06	5.627497384e-06	-6
1.674520189e-06	5.614641632e-06	-6
1.689841077e-06	5.60178588e-06	-6
1.705161966e-06	5.588930128e-06	-6
1.720482855e-06	5.576074375e-06	-6
1.735803744e-06	5.563218623e-06	-6
1.751124633e-06	5.550362871e-06	-6
1.766445522e-06	5.537507119e-06	-6
1.781766411e-06	5.524651367e-06	-6
1.797087299e-06	5.511795614e-06	-6
1.812408188e-06	5.498939862e-06	-6
1.827729077e-06	5.48608411e-06	-6
1.843049966e-06	5.473228358e-06	-6
1.858370855e-06	5.460372606e-06	-6
1.873691744e-06	5.447516854e-06	-6
1.889012633e-06	5.434661101e-06	-6
1.904333521e-06	5.421805349e-06	-6
1.91965441e-06	5.408949597e-06	-6
1.934975299e-06	5.396093845e-06	-6
1.950296188e-06	5.383238093e-06	-6
1.965617077e-06	5.37038234e-06	-6
1.980937966e-06	5.357526588e-06	-6
1.996258855e-06	5.344670836e-06	-6
2.011579743e-06	5.331815084e-06	-6
2.011579743e-06	5.331815084e-06	0
1.998723991e-06	5.316494195e-06	0
1.985868239e-06	5.301173306e-06	0
1.973012487e-06	5.285852417e-06	0
1.960156735e-06	5.270531528e-06	0
1.947300983e-06	5.255210639e-06	0
1.947300983e-06	5.255210639e-06	6
1.947300983e-06	5.255210639e-06	6
1.947300983e-06	5.255210639e-06	6
1.947300983e-06	5.255210639e-06	6
1.947300983e-06	5.255210639e-06	6
1.947300983e-06	5.255210639e-06	6
1.947300983e-06	5.255210639e-06	6
1.947300983e-06	5.255210639e-06	6
1.947300983e-06	5.255210639e-06	6
1.947300983e-06	5.255210639e-06	6
1.947300983e-06	5.255210639e-06	6
1.931980094e-06	5.268066392e-06	6
1.916659205e-06	5.280922144e-06	6
1.901338316e-06	5.293777896e-06	6
1.886017427e-06	5.306633648e-06	6
1.870696538e-06	5.3194894e-06	6
1.855375649e-06	5.332345153e-06	6
1.84005476e-06	5.345200905e-06	6
1.824733872e-06	5.358056657e-06	6
1.809412983e-06	5.370912409e-06	6
1.794092094e-06	5.383768161e-06	6
1.778771205e-06	5.396623914e-06	6
1.763450316e-06	5.409479666e-06	6
1.748129427e-06	5.422335418e-06	6
1.732808538e-06	5.43519117e-06	6
1.71748765e-06	5.448046922e-06	6
1.702166761e-06	5.460902675e-06	6
1.686845872e-06	5.473758427e-06	6
1.671524983e-06	5.486614179e-06	6
1.656204094e-06	5.499469931e-06	6
1.640883205e-06	5.512325683e-06	6
1.625562316e-06	5.525181436e-06	6
1.610241428e-06	5.538037188e-06	6
1.594920539e-06	5.55089294e-06	6
1.57959965e-06	5.563748692e-06	6
1.564278761e-06	5.576604444e-06	6
1.548957872e-06	5.589460197e-06	6
1.533636983e-06	5.602315949e-06	6
1.518316094e-06	5.615171701e-06	6
1.502995206e-06	5.628027453e-06	6
1.487674317e-06	5.640883205e-06	6
1.472353428e-06	5.653738957e-06	6
1.457032539e-06	5.66659471e-06	6
1.44171165e-06	5.679450462e-06	6
1.426390761e-06	5.692306214e-06	6
1.411069872e-06	5.705161966e-06	6
1.395748983e-06	5.718017718e-06	6
1.380428095e-06	5.730873471e-06	6
1.365107206e-06	5.743729223e-06	6
1.349786317e-06	5.756584975e-06	6
1.334465428e-06	5.769440727e-06	6
1.319144539e-06	5.782296479e-06	6
1.30382365e-06	5.795152232e-06	6
1.288502761e-06	5.808007984e-06	6
1.273181873e-06	5.820863736e-06	6
1.257860984e-06	5.833719488e-06	6
1.242540095e-06	5.84657524e-06	6
1.227219206e-06	5.859430993e-06	6
1.211898317e-06	5.872286745e-06	6
1.196577428e-06	5.885142497e-06	6
1.181256539e-06	5.897998249e-06	6
1.181256539e-06	5.897998249e-06	-6
1.181256539e-06	5.897998249e-06	-6
1.181256539e-06	5.897998249e-06	-6
1.181256539e-06	5.897998249e-06	-6
1.181256539e-06	5.897998249e-06	-6
1.181256539e-06	5.897998249e-06	-6
1.181256539e-06	5.897998249e-06	-6
1.181256539e-06	5.897998249e-06	-6
1.181256539e-06	5.897998249e-06	-6
1.181256539e-06	5.897998249e-06	-6
1.181256539e-06	5.897998249e-06	-6
1.196577428e-06	5.885142497e-06	-6
1.211898317e-06	5.872286745e-06	-6
1.227219206e-06	5.859430993e-06	-6
1.242540095e-06	5.84657524e-06	-6
1.257860984e-06	5.833719488e-06	-6
1.273181873e-06	5.820863736e-06	-6
1.288502761e-06	5.808007984e-06	-6
1.30382365e-06	5.795152232e-06	-6
1.319144539e-06	5.782296479e-06	-6
1.334465428e-06	5.769440727e-06	-6
1.349786317e-06	5.756584975e-06	-6
1.365107206e-06	5.743729223e-06	-6
1.380428095e-06	5.730873471e-06	-6
1.395748983e-06	5.718017718e-06	-6
1.411069872e-06	5.705161966e-06	-6
1.426390761e-06	5.692306214e-06	-6
1.44171165e-06	5.679450462e-06	-6
1.457032539e-06	5.66659471e-06	-6
1.472353428e-06	5.653738957e-06	-6
1.487674317e-06	5.640883205e-06	-6
1.502995206e-06	5.628027453e-06	-6
1.518316094e-06	5.615171701e-06	-6
1.533636983e-06	5.602315949e-06	-6
1.548957872e-06	5.589460197e-06	-6
1.564278761e-06	5.576604444e-06	-6
1.57959965e-06	5.563748692e-06	-6
1.594920539e-06	5.55089294e-06	-6
1.610241428e-06	5.538037188e-06	-6
1.625562316e-06	5.525181436e-06	-6
1.640883205e-06	5.512325683e-06	-6
1.656204094e-06	5.499469931e-06	-6
1.671524983e-06	5.486614179e-06	-6
1.686845872e-06	5.473758427e-06	-6
1.702166761e-06	5.460902675e-06	-6
1.71748765e-06	5.448046922e-06	-6
1.732808538e-06	5.43519117e-06	-6
1.748129427e-06	5.422335418e-06	-6
1.763450316e-06	5.409479666e-06	-6
1.778771205e-06	5.396623914e-06	-6
1.794092094e-06	5.383768161e-06	-6
1.809412983e-06	5.370912409e-06	-6
1.824733872e-06	5.358056657e-06	-6
1.84005476e-06	5.345200905e-06	-6
1.855375649e-06	5.332345153e-06	-6
1.870696538e-06	5.3194894e-06	-6
1.886017427e-06	5.306633648e-06	-6
1.901338316e-06	5.293777896e-06	-6
1.916659205e-06	5.280922144e-06	-6
1.931980094e-06	5.268066392e-06	-6
1.947300983e-06	5.255210639e-06	-6
1.947300983e-06	5.255210639e-06	0
1.936587856e-06	5.242443232e-06	0
1.925874729e-06	5.229675825e-06	0
1.915161602e-06	5.216908417e-06	0
1.904448475e-06	5.20414101e-06	0
1.893735348e-06	5.191373603e-06	0
1.883022222e-06	5.178606195e-06	0
1.883022222e-06	5.178606195e-06	6
1.883022222e-06	5.178606195e-06	6
1.883022222e-06	5.178606195e-06	6
1.883022222e-06	5.178606195e-06	6
1.883022222e-06	5.178606195e-06	6
1.883022222e-06	5.178606195e-06	6
1.883022222e-06	5.178606195e-06	6
1.883022222e-06	5.178606195e-06	6
1.883022222e-06	5.178606195e-06	6
1.883022222e-06	5.178606195e-06	6
1.883022222e-06	5.178606195e-06	6
1.867701333e-06	5.191461947e-06	6
1.852380444e-06	5.2043177e-06	6
1.837059555e-06	5.217173452e-06	6
1.821738666e-06	5.230029204e-06	6
1.806417777e-06	5.242884956e-06	6
1.791096888e-06	5.255740708e-06	6
1.775776e-06	5.268596461e-06	6
1.760455111e-06	5.281452213e-06	6
1.745134222e-06	5.294307965e-06	6
1.729813333e-06	5.307163717e-06	6
1.714492444e-06	5.320019469e-06	6
1.699171555e-06	5.332875221e-06	6
1.683850666e-06	5.345730974e-06	6
1.668529777e-06	5.358586726e-06	6
1.653208889e-06	5.371442478e-06	6
1.637888e-06	5.38429823e-06	6
1.622567111e-06	5.397153982e-06	6
1.607246222e-06	5.410009735e-06	6
1.591925333e-06	5.422865487e-06	6
1.576604444e-06	5.435721239e-06	6
1.561283555e-06	5.448576991e-06	6
1.545962667e-06	5.461432743e-06	6
1.530641778e-06	5.474288496e-06	6
1.515320889e-06	5.487144248e-06	6
1.5e-06	5.5e-06	6
1.484679111e-06	5.512855752e-06	6
1.469358222e-06	5.525711504e-06	6
1.454037333e-06	5.538567257e-06	6
1.438716445e-06	5.551423009e-06	6
1.423395556e-06	5.564278761e-06	6
1.408074667e-06	5.577134513e-06	6
1.392753778e-06	5.589990265e-06	6
1.377432889e-06	5.602846018e-06	6
1.362112e-06	5.61570177e-06	6
1.346791111e-06	5.628557522e-06	6
1.331470223e-06	5.641413274e-06	6
1.316149334e-06	5.654269026e-06	6
1.300828445e-06	5.667124779e-06	6
1.285507556e-06	5.679980531e-06	6
1.270186667e-06	5.692836283e-06	6
1.254865778e-06	5.705692035e-06	6
1.239544889e-06	5.718547787e-06	6
1.224224e-06	5.731403539e-06	6
1.208903112e-06	5.744259292e-06	6
1.193582223e-06	5.757115044e-06	6
1.178261334e-06	5.769970796e-06	6
1.162940445e-06	5.782826548e-06	6
1.147619556e-06	5.7956823e-06	6
1.132298667e-06	5.808538053e-06	6
1.116977778e-06	5.821393805e-06	6
1.116977778e-06	5.821393805e-06	-6
1.116977778e-06	5.821393805e-06	-6
1.116977778e-06	5.821393805e-06	-6
1.116977778e-06	5.821393805e-06	-6
1.116977778e-06	5.821393805e-06	-6
1.116977778e-06	5.821393805e-06	-6
1.116977778e-06	5.821393805e-06	-6
1.116977778e-06	5.821393805e-06	-6
1.116977778e-06	5.821393805e-06	-6
1.116977778e-06	5.821393805e-06	-6
1.116977778e-06	5.821393805e-06	-6
1.132298667e-06	5.808538053e-06	-6
1.147619556e-06	5.7956823e-06	-6
1.162940445e-06	5.782826548e-06	-6
1.178261334e-06	5.769970796e-06	-6
1.193582223e-06	5.757115044e-06	-6
1.208903112e-06	5.744259292e-06	-6
1.224224e-06	5.731403539e-06	-6
1.239544889e-06	5.718547787e-06	-6
1.254865778e-06	5.705692035e-06	-6
1.270186667e-06	5.692836283e-06	-6
1.285507556e-06	5.679980531e-06	-6
1.300828445e-06	5.667124779e-06	-6
1.316149334e-06	5.654269026e-06	-6
1.331470223e-06	5.641413274e-06	-6
1.346791111e-06	5.628557522e-06	-6
1.362112e-06	5.61570177e-06	-6
1.377432889e-06	5.602846018e-06	-6
1.392753778e-06	5.589990265e-06	-6
1.408074667e-06	5.577134513e-06	-6
1.423395556e-06	5.564278761e-06	-6
1.438716445e-06	5.551423009e-06	-6
1.454037333e-06	5.538567257e-06	-6
1.469358222e-06	5.525711504e-06	-6
1.484679111e-06	5.512855752e-06	-6
1.5e-06	5.5e-06	-6
1.515320889e-06	5.487144248e-06	-6
1.530641778e-06	5.474288496e-06	-6
1.545962667e-06	5.461432743e-06	-6
1.561283555e-06	5.448576991e-06	-6
1.576604444e-06	5.435721239e-06	-6
1.591925333e-06	5.422865487e-06	-6
1.607246222e-06	5.410009735e-06	-6
1.622567111e-06	5.397153982e-06	-6
1.637888e-06	5.38429823e-06	-6
1.653208889e-06	5.371442478e-06	-6
1.668529777e-06	5.358586726e-06	-6
1.683850666e-06	5.345730974e-06	-6
1.699171555e-06	5.332875221e-06	-6
1.714492444e-06	5.320019469e-06	-6
1.729813333e-06	5.307163717e-06	-6
1.745134222e-06	5.294307965e-06	-6
1.760455111e-06	5.281452213e-06	-6
1.775776e-06	5.268596461e-06	-6
1.791096888e-06	5.255740708e-06	-6
1.806417777e-06	5.242884956e-06	-6
1.821738666e-06	5.230029204e-06	-6
1.837059555e-06	5.217173452e-06	-6
1.852380444e-06	5.2043177e-06	-6
1.867701333e-06	5.191461947e-06	-6
1.883022222e-06	5.178606195e-06	-6
1.883022222e-06	5.178606195e-06	0
1.872309095e-06	5.165838788e-06	0
1.861595968e-06	5.15307138e-06	0
1.850882841e-06	5.140303973e-06	0
1.840169714e-06	5.127536566e-06	0
1.829456587e-06	5.114769158e-06	0
1.818743461e-06	5.102001751e-06	0
1.818743461e-06	5.102001751e-06	6
1.818743461e-06	5.102001751e-06	6
1.818743461e-06	5.102001751e-06	6
1.818743461e-06	5.102001751e-06	6
1.818743461e-06	5.102001751e-06	6
1.818743461e-06	5.102001751e-06	6
1.818743461e-06	5.102001751e-06	6
1.818743461e-06	5.102001751e-06	6
1.818743461e-06	5.102001751e-06	6
1.818743461e-06	5.102001751e-06	6
1.818743461e-06	5.102001751e-06	6
1.803422572e-06	5.114857503e-06	6
1.788101683e-06	5.127713255e-06	6
1.772780794e-06	5.140569007e-06	6
1.757459905e-06	5.15342476e-06	6
1.742139016e-06	5.166280512e-06	6
1.726818127e-06	5.179136264e-06	6
1.711497239e-06	5.191992016e-06	6
1.69617635e-06	5.204847768e-06	6
1.680855461e-06	5.217703521e-06	6
1.665534572e-06	5.230559273e-06	6
1.650213683e-06	5.243415025e-06	6
1.634892794e-06	5.256270777e-06	6
1.619571905e-06	5.269126529e-06	6
1.604251017e-06	5.281982282e-06	6
1.588930128e-06	5.294838034e-06	6
1.573609239e-06	5.307693786e-06	6
1.55828835e-06	5.320549538e-06	6
1.542967461e-06	5.33340529e-06	6
1.527646572e-06	5.346261043e-06	6
1.512325683e-06	5.359116795e-06	6
1.497004794e-06	5.371972547e-06	6
1.481683906e-06	5.384828299e-06	6
1.466363017e-06	5.397684051e-06	6
1.451042128e-06	5.410539803e-06	6
1.435721239e-06	5.423395556e-06	6
1.42040035e-06	5.436251308e-06	6
1.405079461e-06	5.44910706e-06	6
1.389758572e-06	5.461962812e-06	6
1.374437684e-06	5.474818564e-06	6
1.359116795e-06	5.487674317e-06	6
1.343795906e-06	5.500530069e-06	6
1.328475017e-06	5.513385821e-06	6
1.313154128e-06	5.526241573e-06	6
1.297833239e-06	5.539097325e-06	6
1.28251235e-06	5.551953078e-06	6
1.267191462e-06	5.56480883e-06	6
1.251870573e-06	5.577664582e-06	6
1.236549684e-06	5.590520334e-06	6
1.221228795e-06	5.603376086e-06	6
1.205907906e-06	5.616231839e-06	6
1.190587017e-06	5.629087591e-06	6
1.175266128e-06	5.641943343e-06	6
1.15994524e-06	5.654799095e-06	6
1.144624351e-06	5.667654847e-06	6
1.129303462e-06	5.6805106e-06	6
1.113982573e-06	5.693366352e-06	6
1.098661684e-06	5.706222104e-06	6
1.083340795e-06	5.719077856e-06	6
1.068019906e-06	5.731933608e-06	6
1.052699017e-06	5.744789361e-06	6
1.052699017e-06	5.744789361e-06	-6
1.052699017e-06	5.744789361e-06	-6
1.052699017e-06	5.744789361e-06	-6
1.052699017e-06	5.744789361e-06	-6
1.052699017e-06	5.744789361e-06	-6
1.052699017e-06	5.744789361e-06	-6
1.052699017e-06	5.744789361e-06	-6
1.052699017e-06	5.744789361e-06	-6
1.052699017e-06	5.744789361e-06	-6
1.052699017e-06	5.744789361e-06	-6
1.052699017e-06	5.744789361e-06	-6
1.068019906e-06	5.731933608e-06	-6
1.083340795e-06	5.719077856e-06	-6
1.098661684e-06	5.706222104e-06	-6
1.113982573e-06	5.693366352e-06	-6
1.129303462e-06	5.6805106e-06	-6
1.144624351e-06	5.667654847e-06	-6
1.15994524e-06	5.654799095e-06	-6
1.175266128e-06	5.641943343e-06	-6
1.190587017e-06	5.629087591e-06	-6
1.205907906e-06	5.616231839e-06	-6
1.221228795e-06	5.603376086e-06	-6
1.236549684e-06	5.590520334e-06	-6
1.251870573e-06	5.577664582e-06	-6
1.267191462e-06	5.56480883e-06	-6
1.28251235e-06	5.551953078e-06	-6
1.297833239e-06	5.539097325e-06	-6
1.313154128e-06	5.526241573e-06	-6
1.328475017e-06	5.513385821e-06	-6
1.343795906e-06	5.500530069e-06	-6
1.359116795e-06	5.487674317e-06	-6
1.374437684e-06	5.474818564e-06	-6
1.389758572e-06	5.461962812e-06	-6
1.405079461e-06	5.44910706e-06	-6
1.42040035e-06	5.436251308e-06	-6
1.435721239e-06	5.423395556e-06	-6
1.451042128e-06	5.410539803e-06	-6
1.466363017e-06	5.397684051e-06	-6
1.481683906e-06	5.384828299e-06	-6
1.497004794e-06	5.371972547e-06	-6
1.512325683e-06	5.359116795e-06	-6
1.527646572e-06	5.346261043e-06	-6
1.542967461e-06	5.33340529e-06	-6
1.55828835e-06	5.320549538e-06	-6
1.573609239e-06	5.307693786e-06	-6
1.588930128e-06	5.294838034e-06	-6
1.604251017e-06	5.281982282e-06	-6
1.619571905e-06	5.269126529e-06	-6
1.634892794e-06	5.256270777e-06	-6
1.650213683e-06	5.243415025e-06	-6
1.665534572e-06	5.230559273e-06	-6
1.680855461e-06	5.217703521e-06	-6
1.69617635e-06	5.204847768e-06	-6
1.711497239e-06	5.191992016e-06	-6
1.726818127e-06	5.179136264e-06	-6
1.742139016e-06	5.166280512e-06	-6
1.757459905e-06	5.15342476e-06	-6
1.772780794e-06	5.140569007e-06	-6
1.788101683e-06	5.127713255e-06	-6
1.803422572e-06	5.114857503e-06	-6
1.818743461e-06	5.102001751e-06	-6
1.818743461e-06	5.102001751e-06	0
1.805887708e-06	5.086680862e-06	0
1.793031956e-06	5.071359973e-06	0
1.780176204e-06	5.056039084e-06	0
1.767320452e-06	5.040718195e-06	0
1.7544647e-06	5.025397307e-06	0
1.7544647e-06	5.025397307e-06	6
1.7544647e-06	5.025397307e-06	6
1.7544647e-06	5.025397307e-06	6
1.7544647e-06	5.025397307e-06	6
1.7544647e-06	5.025397307e-06	6
1.7544647e-06	5.025397307e-06	6
1.7544647e-06	5.025397307e-06	6
1.7544647e-06	5.025397307e-06	6
1.7544647e-06	5.025397307e-06	6
1.7544647e-06	5.025397307e-06	6
1.7544647e-06	5.025397307e-06	6
1.73944422e-06	5.038000985e-06	6
1.724423741e-06	5.050604664e-06	6
1.709403262e-06	5.063208342e-06	6
1.694382783e-06	5.075812021e-06	6
1.679362303e-06	5.0884157e-06	6
1.664341824e-06	5.101019378e-06	6
1.649321345e-06	5.113623057e-06	6
1.634300865e-06	5.126226736e-06	6
1.619280386e-06	5.138830414e-06	6
1.604259907e-06	5.151434093e-06	6
1.589239428e-06	5.164037771e-06	6
1.574218948e-06	5.17664145e-06	6
1.559198469e-06	5.189245129e-06	6
1.54417799e-06	5.201848807e-06	6
1.52915751e-06	5.214452486e-06	6
1.514137031e-06	5.227056164e-06	6
1.499116552e-06	5.239659843e-06	6
1.484096073e-06	5.252263522e-06	6
1.469075593e-06	5.2648672e-06	6
1.454055114e-06	5.277470879e-06	6
1.439034635e-06	5.290074558e-06	6
1.424014156e-06	5.302678236e-06	6
1.408993676e-06	5.315281915e-06	6
1.393973197e-06	5.327885593e-06	6
1.378952718e-06	5.340489272e-06	6
1.363932238e-06	5.353092951e-06	6
1.348911759e-06	5.365696629e-06	6
1.33389128e-06	5.378300308e-06	6
1.318870801e-06	5.390903987e-06	6
1.303850321e-06	5.403507665e-06	6
1.288829842e-06	5.416111344e-06	6
1.273809363e-06	5.428715022e-06	6
1.258788883e-06	5.441318701e-06	6
1.243768404e-06	5.45392238e-06	6
1.228747925e-06	5.466526058e-06	6
1.213727446e-06	5.479129737e-06	6
1.198706966e-06	5.491733416e-06	6
1.183686487e-06	5.504337094e-06	6
1.168666008e-06	5.516940773e-06	6
1.153645529e-06	5.529544451e-06	6
1.138625049e-06	5.54214813e-06	6
1.12360457e-06	5.554751809e-06	6
1.108584091e-06	5.567355487e-06	6
1.093563611e-06	5.579959166e-06	6
1.078543132e-06	5.592562844e-06	6
1.063522653e-06	5.605166523e-06	6
1.048502174e-06	5.617770202e-06	6
1.033481694e-06	5.63037388e-06	6
1.018461215e-06	5.642977559e-06	6
1.003440736e-06	5.655581238e-06	6
9.884202565e-07	5.668184916e-06	6
9.884202565e-07	5.668184916e-06	-6
9.884202565e-07	5.668184916e-06	-6
9.884202565e-07	5.668184916e-06	-6
9.884202565e-07	5.668184916e-06	-6
9.884202565e-07	5.668184916e-06	-6
9.884202565e-07	5.668184916e-06	-6
9.884202565e-07	5.668184916e-06	-6
9.884202565e-07	5.668184916e-06	-6
9.884202565e-07	5.668184916e-06	-6
9.884202565e-07	5.668184916e-06	-6
9.884202565e-07	5.668184916e-06	-6
1.003440736e-06	5.655581238e-06	-6
1.018461215e-06	5.642977559e-06	-6
1.033481694e-06	5.63037388e-06	-6
1.048502174e-06	5.617770202e-06	-6
1.063522653e-06	5.605166523e-06	-6
1.078543132e-06	5.592562844e-06	-6
1.093563611e-06	5.579959166e-06	-6
1.108584091e-06	5.567355487e-06	-6
1.12360457e-06	5.554751809e-06	-6
1.138625049e-06	5.54214813e-06	-6
1.153645529e-06	5.529544451e-06	-6
1.168666008e-06	5.516940773e-06	-6
1.183686487e-06	5.504337094e-06	-6
1.198706966e-06	5.491733416e-06	-6
1.213727446e-06	5.479129737e-06	-6
1.228747925e-06	5.466526058e-06	-6
1.243768404e-06	5.45392238e-06	-6
1.258788883e-06	5.441318701e-06	-6
1.273809363e-06	5.428715022e-06	-6
1.288829842e-06	5.416111344e-06	-6
1.303850321e-06	5.403507665e-06	-6
1.318870801e-06	5.390903987e-06	-6
1.33389128e-06	5.378300308e-06	-6
1.348911759e-06	5.365696629e-06	-6
1.363932238e-06	5.353092951e-06	-6
1.378952718e-06	5.340489272e-06	-6
1.393973197e-06	5.327885593e-06	-6
1.408993676e-06	5.315281915e-06	-6
1.424014156e-06	5.302678236e-06	-6
1.439034635e-06	5.290074558e-06	-6
1.454055114e-06	5.277470879e-06	-6
1.469075593e-06	5.2648672e-06	-6
1.484096073e-06	5.252263522e-06	-6
1.499116552e-06	5.239659843e-06	-6
1.514137031e-06	5.227056164e-06	-6
1.52915751e-06	5.214452486e-06	-6
1.54417799e-06	5.201848807e-06	-6
1.559198469e-06	5.189245129e-06	-6
1.574218948e-06	5.17664145e-06	-6
1.589239428e-06	5.164037771e-06	-6
1.604259907e-06	5.151434093e-06	-6
1.619280386e-06	5.138830414e-06	-6
1.634300865e-06	5.126226736e-06	-6
1.649321345e-06	5.113623057e-06	-6
1.664341824e-06	5.101019378e-06	-6
1.679362303e-06	5.0884157e-06	-6
1.694382783e-06	5.075812021e-06	-6
1.709403262e-06	5.063208342e-06	-6
1.724423741e-06	5.050604664e-06	-6
1.73944422e-06	5.038000985e-06	-6
1.7544647e-06	5.025397307e-06	-6
1.7544647e-06	5.025397307e-06	0
1.743751573e-06	5.012629899e-06	0
1.733038446e-06	4.999862492e-06	0
1.722325319e-06	4.987095084e-06	0
1.711612192e-06	4.974327677e-06	0
1.700899065e-06	4.96156027e-06	0
1.690185939e-06	4.948792862e-06	0
1.690185939e-06	4.948792862e-06	6
1.690185939e-06	4.948792862e-06	6
1.690185939e-06	4.948792862e-06	6
1.690185939e-06	4.948792862e-06	6
1.690185939e-06	4.948792862e-06	6
1.690185939e-06	4.948792862e-06	6
1.690185939e-06	4.948792862e-06	6
1.690185939e-06	4.948792862e-06	6
1.690185939e-06	4.948792862e-06	6
1.690185939e-06	4.948792862e-06	6
1.690185939e-06	4.948792862e-06	6
1.675165459e-06	4.961396541e-06	6
1.66014498e-06	4.974000219e-06	6
1.645124501e-06	4.986603898e-06	6
1.630104022e-06	4.999207577e-06	6
1.615083542e-06	5.011811255e-06	6
1.600063063e-06	5.024414934e-06	6
1.585042584e-06	5.037018613e-06	6
1.570022104e-06	5.049622291e-06	6
1.555001625e-06	5.06222597e-06	6
1.539981146e-06	5.074829648e-06	6
1.524960667e-06	5.087433327e-06	6
1.509940187e-06	5.100037006e-06	6
1.494919708e-06	5.112640684e-06	6
1.479899229e-06	5.125244363e-06	6
1.46487875e-06	5.137848042e-06	6
1.44985827e-06	5.15045172e-06	6
1.434837791e-06	5.163055399e-06	6
1.419817312e-06	5.175659077e-06	6
1.404796832e-06	5.188262756e-06	6
1.389776353e-06	5.200866435e-06	6
1.374755874e-06	5.213470113e-06	6
1.359735395e-06	5.226073792e-06	6
1.344714915e-06	5.238677471e-06	6
1.329694436e-06	5.251281149e-06	6
1.314673957e-06	5.263884828e-06	6
1.299653477e-06	5.276488506e-06	6
1.284632998e-06	5.289092185e-06	6
1.269612519e-06	5.301695864e-06	6
1.25459204e-06	5.314299542e-06	6
1.23957156e-06	5.326903221e-06	6
1.224551081e-06	5.339506899e-06	6
1.209530602e-06	5.352110578e-06	6
1.194510123e-06	5.364714257e-06	6
1.179489643e-06	5.377317935e-06	6
1.164469164e-06	5.389921614e-06	6
1.149448685e-06	5.402525293e-06	6
1.134428205e-06	5.415128971e-06	6
1.119407726e-06	5.42773265e-06	6
1.104387247e-06	5.440336328e-06	6
1.089366768e-06	5.452940007e-06	6
1.074346288e-06	5.465543686e-06	6
1.059325809e-06	5.478147364e-06	6
1.04430533e-06	5.490751043e-06	6
1.02928485e-06	5.503354722e-06	6
1.014264371e-06	5.5159584e-06	6
9.992438919e-07	5.528562079e-06	6
9.842234126e-07	5.541165757e-06	6
9.692029334e-07	5.553769436e-06	6
9.541824541e-07	5.566373115e-06	6
9.391619748e-07	5.578976793e-06	6
9.241414955e-07	5.591580472e-06	6
9.241414955e-07	5.591580472e-06	-6
9.241414955e-07	5.591580472e-06	-6
9.241414955e-07	5.591580472e-06	-6
9.241414955e-07	5.591580472e-06	-6
9.241414955e-07	5.591580472e-06	-6
9.241414955e-07	5.591580472e-06	-6
9.241414955e-07	5.591580472e-06	-6
9.241414955e-07	5.591580472e-06	-6
9.241414955e-07	5.591580472e-06	-6
9.241414955e-07	5.591580472e-06	-6
9.241414955e-07	5.591580472e-06	-6
9.391619748e-07	5.578976793e-06	-6
9.541824541e-07	5.566373115e-06	-6
9.692029334e-07	5.553769436e-06	-6
9.842234126e-07	5.541165757e-06	-6
9.992438919e-07	5.528562079e-06	-6
1.014264371e-06	5.5159584e-06	-6
1.02928485e-06	5.503354722e-06	-6
1.04430533e-06	5.490751043e-06	-6
1.059325809e-06	5.478147364e-06	-6
1.074346288e-06	5.465543686e-06	-6
1.089366768e-06	5.452940007e-06	-6
1.104387247e-06	5.440336328e-06	-6
1.119407726e-06	5.42773265e-06	-6
1.134428205e-06	5.415128971e-06	-6
1.149448685e-06	5.402525293e-06	-6
1.164469164e-06	5.389921614e-06	-6
1.179489643e-06	5.377317935e-06	-6
1.194510123e-06	5.364714257e-06	-6
1.209530602e-06	5.352110578e-06	-6
1.224551081e-06	5.339506899e-06	-6
1.23957156e-06	5.326903221e-06	-6
1.25459204e-06	5.314299542e-06	-6
1.269612519e-06	5.301695864e-06	-6
1.284632998e-06	5.289092185e-06	-6
1.299653477e-06	5.276488506e-06	-6
1.314673957e-06	5.263884828e-06	-6
1.329694436e-06	5.251281149e-06	-6
1.344714915e-06	5.238677471e-06	-6
1.359735395e-06	5.226073792e-06	-6
1.374755874e-06	5.213470113e-06	-6
1.389776353e-06	5.200866435e-06	-6
1.404796832e-06	5.188262756e-06	-6
1.419817312e-06	5.175659077e-06	-6
1.434837791e-06	5.163055399e-06	-6
1.44985827e-06	5.15045172e-06	-6
1.46487875e-06	5.137848042e-06	-6
1.479899229e-06	5.125244363e-06	-6
1.494919708e-06	5.112640684e-06	-6
1.509940187e-06	5.100037006e-06	-6
1.524960667e-06	5.087433327e-06	-6
1.539981146e-06	5.074829648e-06	-6
1.555001625e-06	5.06222597e-06	-6
1.570022104e-06	5.049622291e-06	-6
1.585042584e-06	5.037018613e-06	-6
1.600063063e-06	5.024414934e-06	-6
1.615083542e-06	5.011811255e-06	-6
1.630104022e-06	4.999207577e-06	-6
1.645124501e-06	4.986603898e-06	-6
1.66014498e-06	4.974000219e-06	-6
1.675165459e-06	4.961396541e-06	-6
1.690185939e-06	4.948792862e-06	-6
1.690185939e-06	4.948792862e-06	0
1.679472812e-06	4.936025455e-06	0
1.668759685e-06	4.923258047e-06	0
1.658046558e-06	4.91049064e-06	0
1.647333431e-06	4.897723233e-06	0
1.636620305e-06	4.884955825e-06	0
1.625907178e-06	4.872188418e-06	0
1.625907178e-06	4.872188418e-06	6
1.625907178e-06	4.872188418e-06	6
1.625907178e-06	4.872188418e-06	6
1.625907178e-06	4.872188418e-06	6
1.625907178e-06	4.872188418e-06	6
1.625907178e-06	4.872188418e-06	6
1.625907178e-06	4.872188418e-06	6
1.625907178e-06	4.872188418e-06	6
1.625907178e-06	4.872188418e-06	6
1.625907178e-06	4.872188418e-06	6
1.625907178e-06	4.872188418e-06	6
1.610886698e-06	4.884792097e-06	6
1.595866219e-06	4.897395775e-06	6
1.58084574e-06	4.909999454e-06	6
1.565825261e-06	4.922603132e-06	6
1.550804781e-06	4.935206811e-06	6
1.535784302e-06	4.94781049e-06	6
1.520763823e-06	4.960414168e-06	6
1.505743343e-06	4.973017847e-06	6
1.490722864e-06	4.985621526e-06	6
1.475702385e-06	4.998225204e-06	6
1.460681906e-06	5.010828883e-06	6
1.445661426e-06	5.023432561e-06	6
1.430640947e-06	5.03603624e-06	6
1.415620468e-06	5.048639919e-06	6
1.400599989e-06	5.061243597e-06	6
1.385579509e-06	5.073847276e-06	6
1.37055903e-06	5.086450954e-06	6
1.355538551e-06	5.099054633e-06	6
1.340518071e-06	5.111658312e-06	6
1.325497592e-06	5.12426199e-06	6
1.310477113e-06	5.136865669e-06	6
1.295456634e-06	5.149469348e-06	6
1.280436154e-06	5.162073026e-06	6
1.265415675e-06	5.174676705e-06	6
1.250395196e-06	5.187280383e-06	6
1.235374716e-06	5.199884062e-06	6
1.220354237e-06	5.212487741e-06	6
1.205333758e-06	5.225091419e-06	6
1.190313279e-06	5.237695098e-06	6
1.175292799e-06	5.250298777e-06	6
1.16027232e-06	5.262902455e-06	6
1.145251841e-06	5.275506134e-06	6
1.130231362e-06	5.288109812e-06	6
1.115210882e-06	5.300713491e-06	6
1.100190403e-06	5.31331717e-06	6
1.085169924e-06	5.325920848e-06	6
1.070149444e-06	5.338524527e-06	6
1.055128965e-06	5.351128206e-06	6
1.040108486e-06	5.363731884e-06	6
1.025088007e-06	5.376335563e-06	6
1.010067527e-06	5.388939241e-06	6
9.950470481e-07	5.40154292e-06	6
9.800265688e-07	5.414146599e-06	6
9.650060895e-07	5.426750277e-06	6
9.499856102e-07	5.439353956e-06	6
9.34965131e-07	5.451957634e-06	6
9.199446517e-07	5.464561313e-06	6
9.049241724e-07	5.477164992e-06	6
8.899036931e-07	5.48976867e-06	6
8.748832138e-07	5.502372349e-06	6
8.598627346e-07	5.514976028e-06	6
8.598627346e-07	5.514976028e-06	-6
8.598627346e-07	5.514976028e-06	-6
8.598627346e-07	5.514976028e-06	-6
8.598627346e-07	5.514976028e-06	-6
8.598627346e-07	5.514976028e-06	-6
8.598627346e-07	5.514976028e-06	-6
8.598627346e-07	5.514976028e-06	-6
8.598627346e-07	5.514976028e-06	-6
8.598627346e-07	5.514976028e-06	-6
8.598627346e-07	5.514976028e-06	-6
8.598627346e-07	5.514976028e-06	-6
8.748832138e-07	5.502372349e-06	-6
8.899036931e-07	5.48976867e-06	-6
9.049241724e-07	5.477164992e-06	-6
9.199446517e-07	5.464561313e-06	-6
9.34965131e-07	5.451957634e-06	-6
9.499856102e-07	5.439353956e-06	-6
9.650060895e-07	5.426750277e-06	-6
9.800265688e-07	5.414146599e-06	-6
9.950470481e-07	5.40154292e-06	-6
1.010067527e-06	5.388939241e-06	-6
1.025088007e-06	5.376335563e-06	-6
1.040108486e-06	5.363731884e-06	-6
1.055128965e-06	5.351128206e-06	-6
1.070149444e-06	5.338524527e-06	-6
1.085169924e-06	5.325920848e-06	-6
1.100190403e-06	5.31331717e-06	-6
1.115210882e-06	5.300713491e-06	-6
1.130231362e-06	5.288109812e-06	-6
1.145251841e-06	5.275506134e-06	-6
1.16027232e-06	5.262902455e-06	-6
1.175292799e-06	5.250298777e-06	-6
1.190313279e-06	5.237695098e-06	-6
1.205333758e-06	5.225091419e-06	-6
1.220354237e-06	5.212487741e-06	-6
1.235374716e-06	5.199884062e-06	-6
1.250395196e-06	5.187280383e-06	-6
1.265415675e-06	5.174676705e-06	-6
1.280436154e-06	5.162073026e-06	-6
1.295456634e-06	5.149469348e-06	-6
1.310477113e-06	5.136865669e-06	-6
1.325497592e-06	5.12426199e-06	-6
1.340518071e-06	5.111658312e-06	-6
1.355538551e-06	5.099054633e-06	-6
1.37055903e-06	5.086450954e-06	-6
1.385579509e-06	5.073847276e-06	-6
1.400599989e-06	5.061243597e-06	-6
1.415620468e-06	5.048639919e-06	-6
1.430640947e-06	5.03603624e-06	-6
1.445661426e-06	5.023432561e-06	-6
1.460681906e-06	5.010828883e-06	-6
1.475702385e-06	4.998225204e-06	-6
1.490722864e-06	4.985621526e-06	-6
1.505743343e-06	4.973017847e-06	-6
1.520763823e-06	4.960414168e-06	-6
1.535784302e-06	4.94781049e-06	-6
1.550804781e-06	4.935206811e-06	-6
1.565825261e-06	4.922603132e-06	-6
1.58084574e-06	4.909999454e-06	-6
1.595866219e-06	4.897395775e-06	-6
1.610886698e-06	4.884792097e-06	-6
1.625907178e-06	4.872188418e-06	-6
1.625907178e-06	4.872188418e-06	0
1.615194051e-06	4.859421011e-06	0
1.604480924e-06	4.846653603e-06	0
1.593767797e-06	4.833886196e-06	0
1.58305467e-06	4.821118788e-06	0
1.572341544e-06	4.808351381e-06	0
1.561628417e-06	4.795583974e-06	0
1.561628417e-06	4.795583974e-06	6
1.561628417e-06	4.795583974e-06	6
1.561628417e-06	4.795583974e-06	6
1.561628417e-06	4.795583974e-06	6
1.561628417e-06	4.795583974e-06	6
1.561628417e-06	4.795583974e-06	6
1.561628417e-06	4.795583974e-06	6
1.561628417e-06	4.795583974e-06	6
1.561628417e-06	4.795583974e-06	6
1.561628417e-06	4.795583974e-06	6
1.561628417e-06	4.795583974e-06	6
1.546307528e-06	4.808439726e-06	6
1.530986639e-06	4.821295478e-06	6
1.51566575e-06	4.83415123e-06	6
1.500344861e-06	4.847006982e-06	6
1.485023972e-06	4.859862735e-06	6
1.469703084e-06	4.872718487e-06	6
1.454382195e-06	4.885574239e-06	6
1.439061306e-06	4.898429991e-06	6
1.423740417e-06	4.911285743e-06	6
1.408419528e-06	4.924141496e-06	6
1.393098639e-06	4.936997248e-06	6
1.37777775e-06	4.949853e-06	6
1.362456862e-06	4.962708752e-06	6
1.347135973e-06	4.975564504e-06	6
1.331815084e-06	4.988420257e-06	6
1.316494195e-06	5.001276009e-06	6
1.301173306e-06	5.014131761e-06	6
1.285852417e-06	5.026987513e-06	6
1.270531528e-06	5.039843265e-06	6
1.255210639e-06	5.052699017e-06	6
1.239889751e-06	5.06555477e-06	6
1.224568862e-06	5.078410522e-06	6
1.209247973e-06	5.091266274e-06	6
1.193927084e-06	5.104122026e-06	6
1.178606195e-06	5.116977778e-06	6
1.163285306e-06	5.129833531e-06	6
1.147964417e-06	5.142689283e-06	6
1.132643529e-06	5.155545035e-06	6
1.11732264e-06	5.168400787e-06	6
1.102001751e-06	5.181256539e-06	6
1.086680862e-06	5.194112292e-06	6
1.071359973e-06	5.206968044e-06	6
1.056039084e-06	5.219823796e-06	6
1.040718195e-06	5.232679548e-06	6
1.025397307e-06	5.2455353e-06	6
1.010076418e-06	5.258391053e-06	6
9.947555288e-07	5.271246805e-06	6
9.794346399e-07	5.284102557e-06	6
9.641137511e-07	5.296958309e-06	6
9.487928622e-07	5.309814061e-06	6
9.334719734e-07	5.322669814e-06	6
9.181510845e-07	5.335525566e-06	6
9.028301956e-07	5.348381318e-06	6
8.875093068e-07	5.36123707e-06	6
8.721884179e-07	5.374092822e-06	6
8.56867529e-07	5.386948575e-06	6
8.415466402e-07	5.399804327e-06	6
8.262257513e-07	5.412660079e-06	6
8.109048625e-07	5.425515831e-06	6
7.955839736e-07	5.438371583e-06	6
7.955839736e-07	5.438371583e-06	-6
7.955839736e-07	5.438371583e-06	-6
7.955839736e-07	5.438371583e-06	-6
7.955839736e-07	5.438371583e-06	-6
7.955839736e-07	5.438371583e-06	-6
7.955839736e-07	5.438371583e-06	-6
7.955839736e-07	5.438371583e-06	-6
7.955839736e-07	5.438371583e-06	-6
7.955839736e-07	5.438371583e-06	-6
7.955839736e-07	5.438371583e-06	-6
7.955839736e-07	5.438371583e-06	-6
8.109048625e-07	5.425515831e-06	-6
8.262257513e-07	5.412660079e-06	-6
8.415466402e-07	5.399804327e-06	-6
8.56867529e-07	5.386948575e-06	-6
8.721884179e-07	5.374092822e-06	-6
8.875093068e-07	5.36123707e-06	-6
9.028301956e-07	5.348381318e-06	-6
9.181510845e-07	5.335525566e-06	-6
9.334719734e-07	5.322669814e-06	-6
9.487928622e-07	5.309814061e-06	-6
9.641137511e-07	5.296958309e-06	-6
9.794346399e-07	5.284102557e-06	-6
9.947555288e-07	5.271246805e-06	-6
1.010076418e-06	5.258391053e-06	-6
1.025397307e-06	5.2455353e-06	-6
1.040718195e-06	5.232679548e-06	-6
1.056039084e-06	5.219823796e-06	-6
1.071359973e-06	5.206968044e-06	-6
1.086680862e-06	5.194112292e-06	-6
1.102001751e-06	5.181256539e-06	-6
1.11732264e-06	5.168400787e-06	-6
1.132643529e-06	5.155545035e-06	-6
1.147964417e-06	5.142689283e-06	-6
1.163285306e-06	5.129833531e-06	-6
1.178606195e-06	5.116977778e-06	-6
1.193927084e-06	5.104122026e-06	-6
1.209247973e-06	5.091266274e-06	-6
1.224568862e-06	5.078410522e-06	-6
1.239889751e-06	5.06555477e-06	-6
1.255210639e-06	5.052699017e-06	-6
1.270531528e-06	5.039843265e-06	-6
1.285852417e-06	5.026987513e-06	-6
1.301173306e-06	5.014131761e-06	-6
1.316494195e-06	5.001276009e-06	-6
1.331815084e-06	4.988420257e-06	-6
1.347135973e-06	4.975564504e-06	-6
1.362456862e-06	4.962708752e-06	-6
1.37777775e-06	4.949853e-06	-6
1.393098639e-06	4.936997248e-06	-6
1.408419528e-06	4.924141496e-06	-6
1.423740417e-06	4.911285743e-06	-6
1.439061306e-06	4.898429991e-06	-6
1.454382195e-06	4.885574239e-06	-6
1.469703084e-06	4.872718487e-06	-6
1.485023972e-06	4.859862735e-06	-6
1.500344861e-06	4.847006982e-06	-6
1.51566575e-06	4.83415123e-06	-6
1.530986639e-06	4.821295478e-06	-6
1.546307528e-06	4.808439726e-06	-6
1.561628417e-06	4.795583974e-06	-6
