# X_m	Y_m	V
1.280384758e-06	1.680384758e-06	6
1.280384758e-06	1.680384758e-06	6
1.280384758e-06	1.680384758e-06	6
1.280384758e-06	1.680384758e-06	6
1.280384758e-06	1.680384758e-06	6
1.280384758e-06	1.680384758e-06	6
1.280384758e-06	1.680384758e-06	6
1.280384758e-06	1.680384758e-06	6
1.280384758e-06	1.680384758e-06	6
1.280384758e-06	1.680384758e-06	6
1.280384758e-06	1.680384758e-06	6
1.297705266e-06	1.690384758e-06	6
1.315025774e-06	1.700384758e-06	6
1.332346282e-06	1.710384758e-06	6
1.34966679e-06	1.720384758e-06	6
1.366987298e-06	1.730384758e-06	6
1.384307806e-06	1.740384758e-06	6
1.401628314e-06	1.750384758e-06	6
1.418948822e-06	1.760384758e-06	6
1.43626933e-06	1.770384758e-06	6
1.453589838e-06	1.780384758e-06	6
1.470910347e-06	1.790384758e-06	6
1.488230855e-06	1.800384758e-06	6
1.505551363e-06	1.810384758e-06	6
1.522871871e-06	1.820384758e-06	6
1.540192379e-06	1.830384758e-06	6
1.557512887e-06	1.840384758e-06	6
1.574833395e-06	1.850384758e-06	6
1.592153903e-06	1.860384758e-06	6
1.609474411e-06	1.870384758e-06	6
1.626794919e-06	1.880384758e-06	6
1.644115427e-06	1.890384758e-06	6
1.661435935e-06	1.900384758e-06	6
1.678756443e-06	1.910384758e-06	6
1.696076952e-06	1.920384758e-06	6
1.71339746e-06	1.930384758e-06	6
1.730717968e-06	1.940384758e-06	6
1.748038476e-06	1.950384758e-06	6
1.765358984e-06	1.960384758e-06	6
1.782679492e-06	1.970384758e-06	6
1.8e-06	1.980384758e-06	6
1.817320508e-06	1.990384758e-06	6
1.834641016e-06	2.000384758e-06	6
1.851961524e-06	2.010384758e-06	6
1.869282032e-06	2.020384758e-06	6
1.88660254e-06	2.030384758e-06	6
1.903923048e-06	2.040384758e-06	6
1.921243557e-06	2.050384758e-06	6
1.938564065e-06	2.060384758e-06	6
1.955884573e-06	2.070384758e-06	6
1.973205081e-06	2.080384758e-06	6
1.990525589e-06	2.090384758e-06	6
2.007846097e-06	2.100384758e-06	6
2.025166605e-06	2.110384758e-06	6
2.042487113e-06	2.120384758e-06	6
2.059807621e-06	2.130384758e-06	6
2.077128129e-06	2.140384758e-06	6
2.094448637e-06	2.150384758e-06	6
2.111769145e-06	2.160384758e-06	6
2.129089653e-06	2.170384758e-06	6
2.146410162e-06	2.180384758e-06	6
2.16373067e-06	2.190384758e-06	6
2.181051178e-06	2.200384758e-06	6
2.198371686e-06	2.210384758e-06	6
2.215692194e-06	2.220384758e-06	6
2.233012702e-06	2.230384758e-06	6
2.25033321e-06	2.240384758e-06	6
2.267653718e-06	2.250384758e-06	6
2.284974226e-06	2.260384758e-06	6
2.302294734e-06	2.270384758e-06	6
2.319615242e-06	2.280384758e-06	6
2.319615242e-06	2.280384758e-06	-6
2.319615242e-06	2.280384758e-06	-6
2.319615242e-06	2.280384758e-06	-6
2.319615242e-06	2.280384758e-06	-6
2.319615242e-06	2.280384758e-06	-6
2.319615242e-06	2.280384758e-06	-6
2.319615242e-06	2.280384758e-06	-6
2.319615242e-06	2.280384758e-06	-6
2.319615242e-06	2.280384758e-06	-6
2.319615242e-06	2.280384758e-06	-6
2.319615242e-06	2.280384758e-06	-6
2.302294734e-06	2.270384758e-06	-6
2.284974226e-06	2.260384758e-06	-6
2.267653718e-06	2.250384758e-06	-6
2.25033321e-06	2.240384758e-06	-6
2.233012702e-06	2.230384758e-06	-6
2.215692194e-06	2.220384758e-06	-6
2.198371686e-06	2.210384758e-06	-6
2.181051178e-06	2.200384758e-06	-6
2.16373067e-06	2.190384758e-06	-6
2.146410162e-06	2.180384758e-06	-6
2.129089653e-06	2.170384758e-06	-6
2.111769145e-06	2.160384758e-06	-6
2.094448637e-06	2.150384758e-06	-6
2.077128129e-06	2.140384758e-06	-6
2.059807621e-06	2.130384758e-06	-6
2.042487113e-06	2.120384758e-06	-6
2.025166605e-06	2.110384758e-06	-6
2.007846097e-06	2.100384758e-06	-6
1.990525589e-06	2.090384758e-06	-6
1.973205081e-06	2.080384758e-06	-6
1.955884573e-06	2.070384758e-06	-6
1.938564065e-06	2.060384758e-06	-6
1.921243557e-06	2.050384758e-06	-6
1.903923048e-06	2.040384758e-06	-6
1.88660254e-06	2.030384758e-06	-6
1.869282032e-06	2.020384758e-06	-6
1.851961524e-06	2.010384758e-06	-6
1.834641016e-06	2.000384758e-06	-6
1.817320508e-06	1.990384758e-06	-6
1.8e-06	1.980384758e-06	-6
1.782679492e-06	1.970384758e-06	-6
1.765358984e-06	1.960384758e-06	-6
1.748038476e-06	1.950384758e-06	-6
1.730717968e-06	1.940384758e-06	-6
1.71339746e-06	1.930384758e-06	-6
1.696076952e-06	1.920384758e-06	-6
1.678756443e-06	1.910384758e-06	-6
1.661435935e-06	1.900384758e-06	-6
1.644115427e-06	1.890384758e-06	-6
1.626794919e-06	1.880384758e-06	-6
1.609474411e-06	1.870384758e-06	-6
1.592153903e-06	1.860384758e-06	-6
1.574833395e-06	1.850384758e-06	-6
1.557512887e-06	1.840384758e-06	-6
1.540192379e-06	1.830384758e-06	-6
1.522871871e-06	1.820384758e-06	-6
1.505551363e-06	1.810384758e-06	-6
1.488230855e-06	1.800384758e-06	-6
1.470910347e-06	1.790384758e-06	-6
1.453589838e-06	1.780384758e-06	-6
1.43626933e-06	1.770384758e-06	-6
1.418948822e-06	1.760384758e-06	-6
1.401628314e-06	1.750384758e-06	-6
1.384307806e-06	1.740384758e-06	-6
1.366987298e-06	1.730384758e-06	-6
1.34966679e-06	1.720384758e-06	-6
1.332346282e-06	1.710384758e-06	-6
1.315025774e-06	1.700384758e-06	-6
1.297705266e-06	1.690384758e-06	-6
1.280384758e-06	1.680384758e-06	-6
1.280384758e-06	1.680384758e-06	0
1.270384758e-06	1.697705266e-06	0
1.260384758e-06	1.715025774e-06	0
1.250384758e-06	1.732346282e-06	0
1.240384758e-06	1.74966679e-06	0
1.230384758e-06	1.766987298e-06	0
1.230384758e-06	1.766987298e-06	6
1.230384758e-06	1.766987298e-06	6
1.230384758e-06	1.766987298e-06	6
1.230384758e-06	1.766987298e-06	6
1.230384758e-06	1.766987298e-06	6
1.230384758e-06	1.766987298e-06	6
1.230384758e-06	1.766987298e-06	6
1.230384758e-06	1.766987298e-06	6
1.230384758e-06	1.766987298e-06	6
1.230384758e-06	1.766987298e-06	6
1.230384758e-06	1.766987298e-06	6
1.247705266e-06	1.776987298e-06	6
1.265025774e-06	1.786987298e-06	6
1.282346282e-06	1.796987298e-06	6
1.29966679e-06	1.806987298e-06	6
1.316987298e-06	1.816987298e-06	6
1.334307806e-06	1.826987298e-06	6
1.351628314e-06	1.836987298e-06	6
1.368948822e-06	1.846987298e-06	6
1.38626933e-06	1.856987298e-06	6
1.403589838e-06	1.866987298e-06	6
1.420910347e-06	1.876987298e-06	6
1.438230855e-06	1.886987298e-06	6
1.455551363e-06	1.896987298e-06	6
1.472871871e-06	1.906987298e-06	6
1.490192379e-06	1.916987298e-06	6
1.507512887e-06	1.926987298e-06	6
1.524833395e-06	1.936987298e-06	6
1.542153903e-06	1.946987298e-06	6
1.559474411e-06	1.956987298e-06	6
1.576794919e-06	1.966987298e-06	6
1.594115427e-06	1.976987298e-06	6
1.611435935e-06	1.986987298e-06	6
1.628756443e-06	1.996987298e-06	6
1.646076952e-06	2.006987298e-06	6
1.66339746e-06	2.016987298e-06	6
1.680717968e-06	2.026987298e-06	6
1.698038476e-06	2.036987298e-06	6
1.715358984e-06	2.046987298e-06	6
1.732679492e-06	2.056987298e-06	6
1.75e-06	2.066987298e-06	6
1.767320508e-06	2.076987298e-06	6
1.784641016e-06	2.086987298e-06	6
1.801961524e-06	2.096987298e-06	6
1.819282032e-06	2.106987298e-06	6
1.83660254e-06	2.116987298e-06	6
1.853923048e-06	2.126987298e-06	6
1.871243557e-06	2.136987298e-06	6
1.888564065e-06	2.146987298e-06	6
1.905884573e-06	2.156987298e-06	6
1.923205081e-06	2.166987298e-06	6
1.940525589e-06	2.176987298e-06	6
1.957846097e-06	2.186987298e-06	6
1.975166605e-06	2.196987298e-06	6
1.992487113e-06	2.206987298e-06	6
2.009807621e-06	2.216987298e-06	6
2.027128129e-06	2.226987298e-06	6
2.044448637e-06	2.236987298e-06	6
2.061769145e-06	2.246987298e-06	6
2.079089653e-06	2.256987298e-06	6
2.096410162e-06	2.266987298e-06	6
2.11373067e-06	2.276987298e-06	6
2.131051178e-06	2.286987298e-06	6
2.148371686e-06	2.296987298e-06	6
2.165692194e-06	2.306987298e-06	6
2.183012702e-06	2.316987298e-06	6
2.20033321e-06	2.326987298e-06	6
2.217653718e-06	2.336987298e-06	6
2.234974226e-06	2.346987298e-06	6
2.252294734e-06	2.356987298e-06	6
2.269615242e-06	2.366987298e-06	6
2.269615242e-06	2.366987298e-06	-6
2.269615242e-06	2.366987298e-06	-6
2.269615242e-06	2.366987298e-06	-6
2.269615242e-06	2.366987298e-06	-6
2.269615242e-06	2.366987298e-06	-6
2.269615242e-06	2.366987298e-06	-6
2.269615242e-06	2.366987298e-06	-6
2.269615242e-06	2.366987298e-06	-6
2.269615242e-06	2.366987298e-06	-6
2.269615242e-06	2.366987298e-06	-6
2.269615242e-06	2.366987298e-06	-6
2.252294734e-06	2.356987298e-06	-6
2.234974226e-06	2.346987298e-06	-6
2.217653718e-06	2.336987298e-06	-6
2.20033321e-06	2.326987298e-06	-6
2.183012702e-06	2.316987298e-06	-6
2.165692194e-06	2.306987298e-06	-6
2.148371686e-06	2.296987298e-06	-6
2.131051178e-06	2.286987298e-06	-6
2.11373067e-06	2.276987298e-06	-6
2.096410162e-06	2.266987298e-06	-6
2.079089653e-06	2.256987298e-06	-6
2.061769145e-06	2.246987298e-06	-6
2.044448637e-06	2.236987298e-06	-6
2.027128129e-06	2.226987298e-06	-6
2.009807621e-06	2.216987298e-06	-6
1.992487113e-06	2.206987298e-06	-6
1.975166605e-06	2.196987298e-06	-6
1.957846097e-06	2.186987298e-06	-6
1.940525589e-06	2.176987298e-06	-6
1.923205081e-06	2.166987298e-06	-6
1.905884573e-06	2.156987298e-06	-6
1.888564065e-06	2.146987298e-06	-6
1.871243557e-06	2.136987298e-06	-6
1.853923048e-06	2.126987298e-06	-6
1.83660254e-06	2.116987298e-06	-6
1.819282032e-06	2.106987298e-06	-6
1.801961524e-06	2.096987298e-06	-6
1.784641016e-06	2.086987298e-06	-6
1.767320508e-06	2.076987298e-06	-6
1.75e-06	2.066987298e-06	-6
1.732679492e-06	2.056987298e-06	-6
1.715358984e-06	2.046987298e-06	-6
1.698038476e-06	2.036987298e-06	-6
1.680717968e-06	2.026987298e-06	-6
1.66339746e-06	2.016987298e-06	-6
1.646076952e-06	2.006987298e-06	-6
1.628756443e-06	1.996987298e-06	-6
1.611435935e-06	1.986987298e-06	-6
1.594115427e-06	1.976987298e-06	-6
1.576794919e-06	1.966987298e-06	-6
1.559474411e-06	1.956987298e-06	-6
1.542153903e-06	1.946987298e-06	-6
1.524833395e-06	1.936987298e-06	-6
1.507512887e-06	1.926987298e-06	-6
1.490192379e-06	1.916987298e-06	-6
1.472871871e-06	1.906987298e-06	-6
1.455551363e-06	1.896987298e-06	-6
1.438230855e-06	1.886987298e-06	-6
1.420910347e-06	1.876987298e-06	-6
1.403589838e-06	1.866987298e-06	-6
1.38626933e-06	1.856987298e-06	-6
1.368948822e-06	1.846987298e-06	-6
1.351628314e-06	1.836987298e-06	-6
1.334307806e-06	1.826987298e-06	-6
1.316987298e-06	1.816987298e-06	-6
1.29966679e-06	1.806987298e-06	-6
1.282346282e-06	1.796987298e-06	-6
1.265025774e-06	1.786987298e-06	-6
1.247705266e-06	1.776987298e-06	-6
1.230384758e-06	1.766987298e-06	-6
1.230384758e-06	1.766987298e-06	0
1.220384758e-06	1.784307806e-06	0
1.210384758e-06	1.801628314e-06	0
1.200384758e-06	1.818948822e-06	0
1.190384758e-06	1.83626933e-06	0
1.180384758e-06	1.853589838e-06	0
1.180384758e-06	1.853589838e-06	6
1.180384758e-06	1.853589838e-06	6
1.180384758e-06	1.853589838e-06	6
1.180384758e-06	1.853589838e-06	6
1.180384758e-06	1.853589838e-06	6
1.180384758e-06	1.853589838e-06	6
1.180384758e-06	1.853589838e-06	6
1.180384758e-06	1.853589838e-06	6
1.180384758e-06	1.853589838e-06	6
1.180384758e-06	1.853589838e-06	6
1.180384758e-06	1.853589838e-06	6
1.197421323e-06	1.863425904e-06	6
1.214457888e-06	1.87326197e-06	6
1.231494454e-06	1.883098035e-06	6
1.248531019e-06	1.892934101e-06	6
1.265567584e-06	1.902770166e-06	6
1.28260415e-06	1.912606232e-06	6
1.299640715e-06	1.922442298e-06	6
1.31667728e-06	1.932278363e-06	6
1.333713846e-06	1.942114429e-06	6
1.350750411e-06	1.951950494e-06	6
1.367786976e-06	1.96178656e-06	6
1.384823542e-06	1.971622625e-06	6
1.401860107e-06	1.981458691e-06	6
1.418896672e-06	1.991294757e-06	6
1.435933238e-06	2.001130822e-06	6
1.452969803e-06	2.010966888e-06	6
1.470006368e-06	2.020802953e-06	6
1.487042933e-06	2.030639019e-06	6
1.504079499e-06	2.040475084e-06	6
1.521116064e-06	2.05031115e-06	6
1.538152629e-06	2.060147216e-06	6
1.555189195e-06	2.069983281e-06	6
1.57222576e-06	2.079819347e-06	6
1.589262325e-06	2.089655412e-06	6
1.606298891e-06	2.099491478e-06	6
1.623335456e-06	2.109327543e-06	6
1.640372021e-06	2.119163609e-06	6
1.657408587e-06	2.128999675e-06	6
1.674445152e-06	2.13883574e-06	6
1.691481717e-06	2.148671806e-06	6
1.708518283e-06	2.158507871e-06	6
1.725554848e-06	2.168343937e-06	6
1.742591413e-06	2.178180002e-06	6
1.759627979e-06	2.188016068e-06	6
1.776664544e-06	2.197852134e-06	6
1.793701109e-06	2.207688199e-06	6
1.810737675e-06	2.217524265e-06	6
1.82777424e-06	2.22736033e-06	6
1.844810805e-06	2.237196396e-06	6
1.861847371e-06	2.247032461e-06	6
1.878883936e-06	2.256868527e-06	6
1.895920501e-06	2.266704593e-06	6
1.912957067e-06	2.276540658e-06	6
1.929993632e-06	2.286376724e-06	6
1.947030197e-06	2.296212789e-06	6
1.964066762e-06	2.306048855e-06	6
1.981103328e-06	2.31588492e-06	6
1.998139893e-06	2.325720986e-06	6
2.015176458e-06	2.335557052e-06	6
2.032213024e-06	2.345393117e-06	6
2.049249589e-06	2.355229183e-06	6
2.066286154e-06	2.365065248e-06	6
2.08332272e-06	2.374901314e-06	6
2.100359285e-06	2.384737379e-06	6
2.11739585e-06	2.394573445e-06	6
2.134432416e-06	2.404409511e-06	6
2.151468981e-06	2.414245576e-06	6
2.168505546e-06	2.424081642e-06	6
2.185542112e-06	2.433917707e-06	6
2.202578677e-06	2.443753773e-06	6
2.219615242e-06	2.453589838e-06	6
2.219615242e-06	2.453589838e-06	-6
2.219615242e-06	2.453589838e-06	-6
2.219615242e-06	2.453589838e-06	-6
2.219615242e-06	2.453589838e-06	-6
2.219615242e-06	2.453589838e-06	-6
2.219615242e-06	2.453589838e-06	-6
2.219615242e-06	2.453589838e-06	-6
2.219615242e-06	2.453589838e-06	-6
2.219615242e-06	2.453589838e-06	-6
2.219615242e-06	2.453589838e-06	-6
2.219615242e-06	2.453589838e-06	-6
2.202578677e-06	2.443753773e-06	-6
2.185542112e-06	2.433917707e-06	-6
2.168505546e-06	2.424081642e-06	-6
2.151468981e-06	2.414245576e-06	-6
2.134432416e-06	2.404409511e-06	-6
2.11739585e-06	2.394573445e-06	-6
2.100359285e-06	2.384737379e-06	-6
2.08332272e-06	2.374901314e-06	-6
2.066286154e-06	2.365065248e-06	-6
2.049249589e-06	2.355229183e-06	-6
2.032213024e-06	2.345393117e-06	-6
2.015176458e-06	2.335557052e-06	-6
1.998139893e-06	2.325720986e-06	-6
1.981103328e-06	2.31588492e-06	-6
1.964066762e-06	2.306048855e-06	-6
1.947030197e-06	2.296212789e-06	-6
1.929993632e-06	2.286376724e-06	-6
1.912957067e-06	2.276540658e-06	-6
1.895920501e-06	2.266704593e-06	-6
1.878883936e-06	2.256868527e-06	-6
1.861847371e-06	2.247032461e-06	-6
1.844810805e-06	2.237196396e-06	-6
1.82777424e-06	2.22736033e-06	-6
1.810737675e-06	2.217524265e-06	-6
1.793701109e-06	2.207688199e-06	-6
1.776664544e-06	2.197852134e-06	-6
1.759627979e-06	2.188016068e-06	-6
1.742591413e-06	2.178180002e-06	-6
1.725554848e-06	2.168343937e-06	-6
1.708518283e-06	2.158507871e-06	-6
1.691481717e-06	2.148671806e-06	-6
1.674445152e-06	2.13883574e-06	-6
1.657408587e-06	2.128999675e-06	-6
1.640372021e-06	2.119163609e-06	-6
1.623335456e-06	2.109327543e-06	-6
1.606298891e-06	2.099491478e-06	-6
1.589262325e-06	2.089655412e-06	-6
1.57222576e-06	2.079819347e-06	-6
1.555189195e-06	2.069983281e-06	-6
1.538152629e-06	2.060147216e-06	-6
1.521116064e-06	2.05031115e-06	-6
1.504079499e-06	2.040475084e-06	-6
1.487042933e-06	2.030639019e-06	-6
1.470006368e-06	2.020802953e-06	-6
1.452969803e-06	2.010966888e-06	-6
1.435933238e-06	2.001130822e-06	-6
1.418896672e-06	1.991294757e-06	-6
1.401860107e-06	1.981458691e-06	-6
1.384823542e-06	1.971622625e-06	-6
1.367786976e-06	1.96178656e-06	-6
1.350750411e-06	1.951950494e-06	-6
1.333713846e-06	1.942114429e-06	-6
1.31667728e-06	1.932278363e-06	-6
1.299640715e-06	1.922442298e-06	-6
1.28260415e-06	1.912606232e-06	-6
1.265567584e-06	1.902770166e-06	-6
1.248531019e-06	1.892934101e-06	-6
1.231494454e-06	1.883098035e-06	-6
1.214457888e-06	1.87326197e-06	-6
1.197421323e-06	1.863425904e-06	-6
1.180384758e-06	1.853589838e-06	-6
1.180384758e-06	1.853589838e-06	0
1.172051424e-06	1.868023595e-06	0
1.163718091e-06	1.882457352e-06	0
1.155384758e-06	1.896891109e-06	0
1.147051424e-06	1.911324865e-06	0
1.138718091e-06	1.925758622e-06	0
1.130384758e-06	1.940192379e-06	0
1.130384758e-06	1.940192379e-06	6
1.130384758e-06	1.940192379e-06	6
1.130384758e-06	1.940192379e-06	6
1.130384758e-06	1.940192379e-06	6
1.130384758e-06	1.940192379e-06	6
1.130384758e-06	1.940192379e-06	6
1.130384758e-06	1.940192379e-06	6
1.130384758e-06	1.940192379e-06	6
1.130384758e-06	1.940192379e-06	6
1.130384758e-06	1.940192379e-06	6
1.130384758e-06	1.940192379e-06	6
1.147705266e-06	1.950192379e-06	6
1.165025774e-06	1.960192379e-06	6
1.182346282e-06	1.970192379e-06	6
1.19966679e-06	1.980192379e-06	6
1.216987298e-06	1.990192379e-06	6
1.234307806e-06	2.000192379e-06	6
1.251628314e-06	2.010192379e-06	6
1.268948822e-06	2.020192379e-06	6
1.28626933e-06	2.030192379e-06	6
1.303589838e-06	2.040192379e-06	6
1.320910347e-06	2.050192379e-06	6
1.338230855e-06	2.060192379e-06	6
1.355551363e-06	2.070192379e-06	6
1.372871871e-06	2.080192379e-06	6
1.390192379e-06	2.090192379e-06	6
1.407512887e-06	2.100192379e-06	6
1.424833395e-06	2.110192379e-06	6
1.442153903e-06	2.120192379e-06	6
1.459474411e-06	2.130192379e-06	6
1.476794919e-06	2.140192379e-06	6
1.494115427e-06	2.150192379e-06	6
1.511435935e-06	2.160192379e-06	6
1.528756443e-06	2.170192379e-06	6
1.546076952e-06	2.180192379e-06	6
1.56339746e-06	2.190192379e-06	6
1.580717968e-06	2.200192379e-06	6
1.598038476e-06	2.210192379e-06	6
1.615358984e-06	2.220192379e-06	6
1.632679492e-06	2.230192379e-06	6
1.65e-06	2.240192379e-06	6
1.667320508e-06	2.250192379e-06	6
1.684641016e-06	2.260192379e-06	6
1.701961524e-06	2.270192379e-06	6
1.719282032e-06	2.280192379e-06	6
1.73660254e-06	2.290192379e-06	6
1.753923048e-06	2.300192379e-06	6
1.771243557e-06	2.310192379e-06	6
1.788564065e-06	2.320192379e-06	6
1.805884573e-06	2.330192379e-06	6
1.823205081e-06	2.340192379e-06	6
1.840525589e-06	2.350192379e-06	6
1.857846097e-06	2.360192379e-06	6
1.875166605e-06	2.370192379e-06	6
1.892487113e-06	2.380192379e-06	6
1.909807621e-06	2.390192379e-06	6
1.927128129e-06	2.400192379e-06	6
1.944448637e-06	2.410192379e-06	6
1.961769145e-06	2.420192379e-06	6
1.979089653e-06	2.430192379e-06	6
1.996410162e-06	2.440192379e-06	6
2.01373067e-06	2.450192379e-06	6
2.031051178e-06	2.460192379e-06	6
2.048371686e-06	2.470192379e-06	6
2.065692194e-06	2.480192379e-06	6
2.083012702e-06	2.490192379e-06	6
2.10033321e-06	2.500192379e-06	6
2.117653718e-06	2.510192379e-06	6
2.134974226e-06	2.520192379e-06	6
2.152294734e-06	2.530192379e-06	6
2.169615242e-06	2.540192379e-06	6
2.169615242e-06	2.540192379e-06	-6
2.169615242e-06	2.540192379e-06	-6
2.169615242e-06	2.540192379e-06	-6
2.169615242e-06	2.540192379e-06	-6
2.169615242e-06	2.540192379e-06	-6
2.169615242e-06	2.540192379e-06	-6
2.169615242e-06	2.540192379e-06	-6
2.169615242e-06	2.540192379e-06	-6
2.169615242e-06	2.540192379e-06	-6
2.169615242e-06	2.540192379e-06	-6
2.169615242e-06	2.540192379e-06	-6
2.152294734e-06	2.530192379e-06	-6
2.134974226e-06	2.520192379e-06	-6
2.117653718e-06	2.510192379e-06	-6
2.10033321e-06	2.500192379e-06	-6
2.083012702e-06	2.490192379e-06	-6
2.065692194e-06	2.480192379e-06	-6
2.048371686e-06	2.470192379e-06	-6
2.031051178e-06	2.460192379e-06	-6
2.01373067e-06	2.450192379e-06	-6
1.996410162e-06	2.440192379e-06	-6
1.979089653e-06	2.430192379e-06	-6
1.961769145e-06	2.420192379e-06	-6
1.944448637e-06	2.410192379e-06	-6
1.927128129e-06	2.400192379e-06	-6
1.909807621e-06	2.390192379e-06	-6
1.892487113e-06	2.380192379e-06	-6
1.875166605e-06	2.370192379e-06	-6
1.857846097e-06	2.360192379e-06	-6
1.840525589e-06	2.350192379e-06	-6
1.823205081e-06	2.340192379e-06	-6
1.805884573e-06	2.330192379e-06	-6
1.788564065e-06	2.320192379e-06	-6
1.771243557e-06	2.310192379e-06	-6
1.753923048e-06	2.300192379e-06	-6
1.73660254e-06	2.290192379e-06	-6
1.719282032e-06	2.280192379e-06	-6
1.701961524e-06	2.270192379e-06	-6
1.684641016e-06	2.260192379e-06	-6
1.667320508e-06	2.250192379e-06	-6
1.65e-06	2.240192379e-06	-6
1.632679492e-06	2.230192379e-06	-6
1.615358984e-06	2.220192379e-06	-6
1.598038476e-06	2.210192379e-06	-6
1.580717968e-06	2.200192379e-06	-6
1.56339746e-06	2.190192379e-06	-6
1.546076952e-06	2.180192379e-06	-6
1.528756443e-06	2.170192379e-06	-6
1.511435935e-06	2.160192379e-06	-6
1.494115427e-06	2.150192379e-06	-6
1.476794919e-06	2.140192379e-06	-6
1.459474411e-06	2.130192379e-06	-6
1.442153903e-06	2.120192379e-06	-6
1.424833395e-06	2.110192379e-06	-6
1.407512887e-06	2.100192379e-06	-6
1.390192379e-06	2.090192379e-06	-6
1.372871871e-06	2.080192379e-06	-6
1.355551363e-06	2.070192379e-06	-6
1.338230855e-06	2.060192379e-06	-6
1.320910347e-06	2.050192379e-06	-6
1.303589838e-06	2.040192379e-06	-6
1.28626933e-06	2.030192379e-06	-6
1.268948822e-06	2.020192379e-06	-6
1.251628314e-06	2.010192379e-06	-6
1.234307806e-06	2.000192379e-06	-6
1.216987298e-06	1.990192379e-06	-6
1.19966679e-06	1.980192379e-06	-6
1.182346282e-06	1.970192379e-06	-6
1.165025774e-06	1.960192379e-06	-6
1.147705266e-06	1.950192379e-06	-6
1.130384758e-06	1.940192379e-06	-6
1.130384758e-06	1.940192379e-06	0
1.120384758e-06	1.957512887e-06	0
1.110384758e-06	1.974833395e-06	0
1.100384758e-06	1.992153903e-06	0
1.090384758e-06	2.009474411e-06	0
1.080384758e-06	2.026794919e-06	0
1.080384758e-06	2.026794919e-06	6
1.080384758e-06	2.026794919e-06	6
1.080384758e-06	2.026794919e-06	6
1.080384758e-06	2.026794919e-06	6
1.080384758e-06	2.026794919e-06	6
1.080384758e-06	2.026794919e-06	6
1.080384758e-06	2.026794919e-06	6
1.080384758e-06	2.026794919e-06	6
1.080384758e-06	2.026794919e-06	6
1.080384758e-06	2.026794919e-06	6
1.080384758e-06	2.026794919e-06	6
1.097705266e-06	2.036794919e-06	6
1.115025774e-06	2.046794919e-06	6
1.132346282e-06	2.056794919e-06	6
1.14966679e-06	2.066794919e-06	6
1.166987298e-06	2.076794919e-06	6
1.184307806e-06	2.086794919e-06	6
1.201628314e-06	2.096794919e-06	6
1.218948822e-06	2.106794919e-06	6
1.23626933e-06	2.116794919e-06	6
1.253589838e-06	2.126794919e-06	6
1.270910347e-06	2.136794919e-06	6
1.288230855e-06	2.146794919e-06	6
1.305551363e-06	2.156794919e-06	6
1.322871871e-06	2.166794919e-06	6
1.340192379e-06	2.176794919e-06	6
1.357512887e-06	2.186794919e-06	6
1.374833395e-06	2.196794919e-06	6
1.392153903e-06	2.206794919e-06	6
1.409474411e-06	2.216794919e-06	6
1.426794919e-06	2.226794919e-06	6
1.444115427e-06	2.236794919e-06	6
1.461435935e-06	2.246794919e-06	6
1.478756443e-06	2.256794919e-06	6
1.496076952e-06	2.266794919e-06	6
1.51339746e-06	2.276794919e-06	6
1.530717968e-06	2.286794919e-06	6
1.548038476e-06	2.296794919e-06	6
1.565358984e-06	2.306794919e-06	6
1.582679492e-06	2.316794919e-06	6
1.6e-06	2.326794919e-06	6
1.617320508e-06	2.336794919e-06	6
1.634641016e-06	2.346794919e-06	6
1.651961524e-06	2.356794919e-06	6
1.669282032e-06	2.366794919e-06	6
1.68660254e-06	2.376794919e-06	6
1.703923048e-06	2.386794919e-06	6
1.721243557e-06	2.396794919e-06	6
1.738564065e-06	2.406794919e-06	6
1.755884573e-06	2.416794919e-06	6
1.773205081e-06	2.426794919e-06	6
1.790525589e-06	2.436794919e-06	6
1.807846097e-06	2.446794919e-06	6
1.825166605e-06	2.456794919e-06	6
1.842487113e-06	2.466794919e-06	6
1.859807621e-06	2.476794919e-06	6
1.877128129e-06	2.486794919e-06	6
1.894448637e-06	2.496794919e-06	6
1.911769145e-06	2.506794919e-06	6
1.929089653e-06	2.516794919e-06	6
1.946410162e-06	2.526794919e-06	6
1.96373067e-06	2.536794919e-06	6
1.981051178e-06	2.546794919e-06	6
1.998371686e-06	2.556794919e-06	6
2.015692194e-06	2.566794919e-06	6
2.033012702e-06	2.576794919e-06	6
2.05033321e-06	2.586794919e-06	6
2.067653718e-06	2.596794919e-06	6
2.084974226e-06	2.606794919e-06	6
2.102294734e-06	2.616794919e-06	6
2.119615242e-06	2.626794919e-06	6
2.119615242e-06	2.626794919e-06	-6
2.119615242e-06	2.626794919e-06	-6
2.119615242e-06	2.626794919e-06	-6
2.119615242e-06	2.626794919e-06	-6
2.119615242e-06	2.626794919e-06	-6
2.119615242e-06	2.626794919e-06	-6
2.119615242e-06	2.626794919e-06	-6
2.119615242e-06	2.626794919e-06	-6
2.119615242e-06	2.626794919e-06	-6
2.119615242e-06	2.626794919e-06	-6
2.119615242e-06	2.626794919e-06	-6
2.102294734e-06	2.616794919e-06	-6
2.084974226e-06	2.606794919e-06	-6
2.067653718e-06	2.596794919e-06	-6
2.05033321e-06	2.586794919e-06	-6
2.033012702e-06	2.576794919e-06	-6
2.015692194e-06	2.566794919e-06	-6
1.998371686e-06	2.556794919e-06	-6
1.981051178e-06	2.546794919e-06	-6
1.96373067e-06	2.536794919e-06	-6
1.946410162e-06	2.526794919e-06	-6
1.929089653e-06	2.516794919e-06	-6
1.911769145e-06	2.506794919e-06	-6
1.894448637e-06	2.496794919e-06	-6
1.877128129e-06	2.486794919e-06	-6
1.859807621e-06	2.476794919e-06	-6
1.842487113e-06	2.466794919e-06	-6
1.825166605e-06	2.456794919e-06	-6
1.807846097e-06	2.446794919e-06	-6
1.790525589e-06	2.436794919e-06	-6
1.773205081e-06	2.426794919e-06	-6
1.755884573e-06	2.416794919e-06	-6
1.738564065e-06	2.406794919e-06	-6
1.721243557e-06	2.396794919e-06	-6
1.703923048e-06	2.386794919e-06	-6
1.68660254e-06	2.376794919e-06	-6
1.669282032e-06	2.366794919e-06	-6
1.651961524e-06	2.356794919e-06	-6
1.634641016e-06	2.346794919e-06	-6
1.617320508e-06	2.336794919e-06	-6
1.6e-06	2.326794919e-06	-6
1.582679492e-06	2.316794919e-06	-6
1.565358984e-06	2.306794919e-06	-6
1.548038476e-06	2.296794919e-06	-6
1.530717968e-06	2.286794919e-06	-6
1.51339746e-06	2.276794919e-06	-6
1.496076952e-06	2.266794919e-06	-6
1.478756443e-06	2.256794919e-06	-6
1.461435935e-06	2.246794919e-06	-6
1.444115427e-06	2.236794919e-06	-6
1.426794919e-06	2.226794919e-06	-6
1.409474411e-06	2.216794919e-06	-6
1.392153903e-06	2.206794919e-06	-6
1.374833395e-06	2.196794919e-06	-6
1.357512887e-06	2.186794919e-06	-6
1.340192379e-06	2.176794919e-06	-6
1.322871871e-06	2.166794919e-06	-6
1.305551363e-06	2.156794919e-06	-6
1.288230855e-06	2.146794919e-06	-6
1.270910347e-06	2.136794919e-06	-6
1.253589838e-06	2.126794919e-06	-6
1.23626933e-06	2.116794919e-06	-6
1.218948822e-06	2.106794919e-06	-6
1.201628314e-06	2.096794919e-06	-6
1.184307806e-06	2.086794919e-06	-6
1.166987298e-06	2.076794919e-06	-6
1.14966679e-06	2.066794919e-06	-6
1.132346282e-06	2.056794919e-06	-6
1.115025774e-06	2.046794919e-06	-6
1.097705266e-06	2.036794919e-06	-6
1.080384758e-06	2.026794919e-06	-6
1.080384758e-06	2.026794919e-06	0
1.070384758e-06	2.044115427e-06	0
1.060384758e-06	2.061435935e-06	0
1.050384758e-06	2.078756443e-06	0
1.040384758e-06	2.096076952e-06	0
1.030384758e-06	2.11339746e-06	0
1.030384758e-06	2.11339746e-06	6
1.030384758e-06	2.11339746e-06	6
1.030384758e-06	2.11339746e-06	6
1.030384758e-06	2.11339746e-06	6
1.030384758e-06	2.11339746e-06	6
1.030384758e-06	2.11339746e-06	6
1.030384758e-06	2.11339746e-06	6
1.030384758e-06	2.11339746e-06	6
1.030384758e-06	2.11339746e-06	6
1.030384758e-06	2.11339746e-06	6
1.030384758e-06	2.11339746e-06	6
1.047705266e-06	2.12339746e-06	6
1.065025774e-06	2.13339746e-06	6
1.082346282e-06	2.14339746e-06	6
1.09966679e-06	2.15339746e-06	6
1.116987298e-06	2.16339746e-06	6
1.134307806e-06	2.17339746e-06	6
1.151628314e-06	2.18339746e-06	6
1.168948822e-06	2.19339746e-06	6
1.18626933e-06	2.20339746e-06	6
1.203589838e-06	2.21339746e-06	6
1.220910347e-06	2.22339746e-06	6
1.238230855e-06	2.23339746e-06	6
1.255551363e-06	2.24339746e-06	6
1.272871871e-06	2.25339746e-06	6
1.290192379e-06	2.26339746e-06	6
1.307512887e-06	2.27339746e-06	6
1.324833395e-06	2.28339746e-06	6
1.342153903e-06	2.29339746e-06	6
1.359474411e-06	2.30339746e-06	6
1.376794919e-06	2.31339746e-06	6
1.394115427e-06	2.32339746e-06	6
1.411435935e-06	2.33339746e-06	6
1.428756443e-06	2.34339746e-06	6
1.446076952e-06	2.35339746e-06	6
1.46339746e-06	2.36339746e-06	6
1.480717968e-06	2.37339746e-06	6
1.498038476e-06	2.38339746e-06	6
1.515358984e-06	2.39339746e-06	6
1.532679492e-06	2.40339746e-06	6
1.55e-06	2.41339746e-06	6
1.567320508e-06	2.42339746e-06	6
1.584641016e-06	2.43339746e-06	6
1.601961524e-06	2.44339746e-06	6
1.619282032e-06	2.45339746e-06	6
1.63660254e-06	2.46339746e-06	6
1.653923048e-06	2.47339746e-06	6
1.671243557e-06	2.48339746e-06	6
1.688564065e-06	2.49339746e-06	6
1.705884573e-06	2.50339746e-06	6
1.723205081e-06	2.51339746e-06	6
1.740525589e-06	2.52339746e-06	6
1.757846097e-06	2.53339746e-06	6
1.775166605e-06	2.54339746e-06	6
1.792487113e-06	2.55339746e-06	6
1.809807621e-06	2.56339746e-06	6
1.827128129e-06	2.57339746e-06	6
1.844448637e-06	2.58339746e-06	6
1.861769145e-06	2.59339746e-06	6
1.879089653e-06	2.60339746e-06	6
1.896410162e-06	2.61339746e-06	6
1.91373067e-06	2.62339746e-06	6
1.931051178e-06	2.63339746e-06	6
1.948371686e-06	2.64339746e-06	6
1.965692194e-06	2.65339746e-06	6
1.983012702e-06	2.66339746e-06	6
2.00033321e-06	2.67339746e-06	6
2.017653718e-06	2.68339746e-06	6
2.034974226e-06	2.69339746e-06	6
2.052294734e-06	2.70339746e-06	6
2.069615242e-06	2.71339746e-06	6
2.069615242e-06	2.71339746e-06	-6
2.069615242e-06	2.71339746e-06	-6
2.069615242e-06	2.71339746e-06	-6
2.069615242e-06	2.71339746e-06	-6
2.069615242e-06	2.71339746e-06	-6
2.069615242e-06	2.71339746e-06	-6
2.069615242e-06	2.71339746e-06	-6
2.069615242e-06	2.71339746e-06	-6
2.069615242e-06	2.71339746e-06	-6
2.069615242e-06	2.71339746e-06	-6
2.069615242e-06	2.71339746e-06	-6
2.052294734e-06	2.70339746e-06	-6
2.034974226e-06	2.69339746e-06	-6
2.017653718e-06	2.68339746e-06	-6
2.00033321e-06	2.67339746e-06	-6
1.983012702e-06	2.66339746e-06	-6
1.965692194e-06	2.65339746e-06	-6
1.948371686e-06	2.64339746e-06	-6
1.931051178e-06	2.63339746e-06	-6
1.91373067e-06	2.62339746e-06	-6
1.896410162e-06	2.61339746e-06	-6
1.879089653e-06	2.60339746e-06	-6
1.861769145e-06	2.59339746e-06	-6
1.844448637e-06	2.58339746e-06	-6
1.827128129e-06	2.57339746e-06	-6
1.809807621e-06	2.56339746e-06	-6
1.792487113e-06	2.55339746e-06	-6
1.775166605e-06	2.54339746e-06	-6
1.757846097e-06	2.53339746e-06	-6
1.740525589e-06	2.52339746e-06	-6
1.723205081e-06	2.51339746e-06	-6
1.705884573e-06	2.50339746e-06	-6
1.688564065e-06	2.49339746e-06	-6
1.671243557e-06	2.48339746e-06	-6
1.653923048e-06	2.47339746e-06	-6
1.63660254e-06	2.46339746e-06	-6
1.619282032e-06	2.45339746e-06	-6
1.601961524e-06	2.44339746e-06	-6
1.584641016e-06	2.43339746e-06	-6
1.567320508e-06	2.42339746e-06	-6
1.55e-06	2.41339746e-06	-6
1.532679492e-06	2.40339746e-06	-6
1.515358984e-06	2.39339746e-06	-6
1.498038476e-06	2.38339746e-06	-6
1.480717968e-06	2.37339746e-06	-6
1.46339746e-06	2.36339746e-06	-6
1.446076952e-06	2.35339746e-06	-6
1.428756443e-06	2.34339746e-06	-6
1.411435935e-06	2.33339746e-06	-6
1.394115427e-06	2.32339746e-06	-6
1.376794919e-06	2.31339746e-06	-6
1.359474411e-06	2.30339746e-06	-6
1.342153903e-06	2.29339746e-06	-6
1.324833395e-06	2.28339746e-06	-6
1.307512887e-06	2.27339746e-06	-6
1.290192379e-06	2.26339746e-06	-6
1.272871871e-06	2.25339746e-06	-6
1.255551363e-06	2.24339746e-06	-6
1.238230855e-06	2.23339746e-06	-6
1.220910347e-06	2.22339746e-06	-6
1.203589838e-06	2.21339746e-06	-6
1.18626933e-06	2.20339746e-06	-6
1.168948822e-06	2.19339746e-06	-6
1.151628314e-06	2.18339746e-06	-6
1.134307806e-06	2.17339746e-06	-6
1.116987298e-06	2.16339746e-06	-6
1.09966679e-06	2.15339746e-06	-6
1.082346282e-06	2.14339746e-06	-6
1.065025774e-06	2.13339746e-06	-6
1.047705266e-06	2.12339746e-06	-6
1.030384758e-06	2.11339746e-06	-6
1.030384758e-06	2.11339746e-06	0
1.020384758e-06	2.130717968e-06	0
1.010384758e-06	2.148038476e-06	0
1.000384758e-06	2.165358984e-06	0
9.903847577e-07	2.182679492e-06	0
9.803847577e-07	2.2e-06	0
9.803847577e-07	2.2e-06	6
9.803847577e-07	2.2e-06	6
9.803847577e-07	2.2e-06	6
9.803847577e-07	2.2e-06	6
9.803847577e-07	2.2e-06	6
9.803847577e-07	2.2e-06	6
9.803847577e-07	2.2e-06	6
9.803847577e-07	2.2e-06	6
9.803847577e-07	2.2e-06	6
9.803847577e-07	2.2e-06	6
9.803847577e-07	2.2e-06	6
9.977052658e-07	2.21e-06	6
1.015025774e-06	2.22e-06	6
1.032346282e-06	2.23e-06	6
1.04966679e-06	2.24e-06	6
1.066987298e-06	2.25e-06	6
1.084307806e-06	2.26e-06	6
1.101628314e-06	2.27e-06	6
1.118948822e-06	2.28e-06	6
1.13626933e-06	2.29e-06	6
1.153589838e-06	2.3e-06	6
1.170910347e-06	2.31e-06	6
1.188230855e-06	2.32e-06	6
1.205551363e-06	2.33e-06	6
1.222871871e-06	2.34e-06	6
1.240192379e-06	2.35e-06	6
1.257512887e-06	2.36e-06	6
1.274833395e-06	2.37e-06	6
1.292153903e-06	2.38e-06	6
1.309474411e-06	2.39e-06	6
1.326794919e-06	2.4e-06	6
1.344115427e-06	2.41e-06	6
1.361435935e-06	2.42e-06	6
1.378756443e-06	2.43e-06	6
1.396076952e-06	2.44e-06	6
1.41339746e-06	2.45e-06	6
1.430717968e-06	2.46e-06	6
1.448038476e-06	2.47e-06	6
1.465358984e-06	2.48e-06	6
1.482679492e-06	2.49e-06	6
1.5e-06	2.5e-06	6
1.517320508e-06	2.51e-06	6
1.534641016e-06	2.52e-06	6
1.551961524e-06	2.53e-06	6
1.569282032e-06	2.54e-06	6
1.58660254e-06	2.55e-06	6
1.603923048e-06	2.56e-06	6
1.621243557e-06	2.57e-06	6
1.638564065e-06	2.58e-06	6
1.655884573e-06	2.59e-06	6
1.673205081e-06	2.6e-06	6
1.690525589e-06	2.61e-06	6
1.707846097e-06	2.62e-06	6
1.725166605e-06	2.63e-06	6
1.742487113e-06	2.64e-06	6
1.759807621e-06	2.65e-06	6
1.777128129e-06	2.66e-06	6
1.794448637e-06	2.67e-06	6
1.811769145e-06	2.68e-06	6
1.829089653e-06	2.69e-06	6
1.846410162e-06	2.7e-06	6
1.86373067e-06	2.71e-06	6
1.881051178e-06	2.72e-06	6
1.898371686e-06	2.73e-06	6
1.915692194e-06	2.74e-06	6
1.933012702e-06	2.75e-06	6
1.95033321e-06	2.76e-06	6
1.967653718e-06	2.77e-06	6
1.984974226e-06	2.78e-06	6
2.002294734e-06	2.79e-06	6
2.019615242e-06	2.8e-06	6
2.019615242e-06	2.8e-06	-6
2.019615242e-06	2.8e-06	-6
2.019615242e-06	2.8e-06	-6
2.019615242e-06	2.8e-06	-6
2.019615242e-06	2.8e-06	-6
2.019615242e-06	2.8e-06	-6
2.019615242e-06	2.8e-06	-6
2.019615242e-06	2.8e-06	-6
2.019615242e-06	2.8e-06	-6
2.019615242e-06	2.8e-06	-6
2.019615242e-06	2.8e-06	-6
2.002294734e-06	2.79e-06	-6
1.984974226e-06	2.78e-06	-6
1.967653718e-06	2.77e-06	-6
1.95033321e-06	2.76e-06	-6
1.933012702e-06	2.75e-06	-6
1.915692194e-06	2.74e-06	-6
1.898371686e-06	2.73e-06	-6
1.881051178e-06	2.72e-06	-6
1.86373067e-06	2.71e-06	-6
1.846410162e-06	2.7e-06	-6
1.829089653e-06	2.69e-06	-6
1.811769145e-06	2.68e-06	-6
1.794448637e-06	2.67e-06	-6
1.777128129e-06	2.66e-06	-6
1.759807621e-06	2.65e-06	-6
1.742487113e-06	2.64e-06	-6
1.725166605e-06	2.63e-06	-6
1.707846097e-06	2.62e-06	-6
1.690525589e-06	2.61e-06	-6
1.673205081e-06	2.6e-06	-6
1.655884573e-06	2.59e-06	-6
1.638564065e-06	2.58e-06	-6
1.621243557e-06	2.57e-06	-6
1.603923048e-06	2.56e-06	-6
1.58660254e-06	2.55e-06	-6
1.569282032e-06	2.54e-06	-6
1.551961524e-06	2.53e-06	-6
1.534641016e-06	2.52e-06	-6
1.517320508e-06	2.51e-06	-6
1.5e-06	2.5e-06	-6
1.482679492e-06	2.49e-06	-6
1.465358984e-06	2.48e-06	-6
1.448038476e-06	2.47e-06	-6
1.430717968e-06	2.46e-06	-6
1.41339746e-06	2.45e-06	-6
1.396076952e-06	2.44e-06	-6
1.378756443e-06	2.43e-06	-6
1.361435935e-06	2.42e-06	-6
1.344115427e-06	2.41e-06	-6
1.326794919e-06	2.4e-06	-6
1.309474411e-06	2.39e-06	-6
1.292153903e-06	2.38e-06	-6
1.274833395e-06	2.37e-06	-6
1.257512887e-06	2.36e-06	-6
1.240192379e-06	2.35e-06	-6
1.222871871e-06	2.34e-06	-6
1.205551363e-06	2.33e-06	-6
1.188230855e-06	2.32e-06	-6
1.170910347e-06	2.31e-06	-6
1.153589838e-06	2.3e-06	-6
1.13626933e-06	2.29e-06	-6
1.118948822e-06	2.28e-06	-6
1.101628314e-06	2.27e-06	-6
1.084307806e-06	2.26e-06	-6
1.066987298e-06	2.25e-06	-6
1.04966679e-06	2.24e-06	-6
1.032346282e-06	2.23e-06	-6
1.015025774e-06	2.22e-06	-6
9.977052658e-07	2.21e-06	-6
9.803847577e-07	2.2e-06	-6
9.803847577e-07	2.2e-06	0
9.703847577e-07	2.217320508e-06	0
9.603847577e-07	2.234641016e-06	0
9.503847577e-07	2.251961524e-06	0
9.403847577e-07	2.269282032e-06	0
9.303847577e-07	2.28660254e-06	0
9.303847577e-07	2.28660254e-06	6
9.303847577e-07	2.28660254e-06	6
9.303847577e-07	2.28660254e-06	6
9.303847577e-07	2.28660254e-06	6
9.303847577e-07	2.28660254e-06	6
9.303847577e-07	2.28660254e-06	6
9.303847577e-07	2.28660254e-06	6
9.303847577e-07	2.28660254e-06	6
9.303847577e-07	2.28660254e-06	6
9.303847577e-07	2.28660254e-06	6
9.303847577e-07	2.28660254e-06	6
9.477052658e-07	2.29660254e-06	6
9.650257739e-07	2.30660254e-06	6
9.82346282e-07	2.31660254e-06	6
9.9966679e-07	2.32660254e-06	6
1.016987298e-06	2.33660254e-06	6
1.034307806e-06	2.34660254e-06	6
1.051628314e-06	2.35660254e-06	6
1.068948822e-06	2.36660254e-06	6
1.08626933e-06	2.37660254e-06	6
1.103589838e-06	2.38660254e-06	6
1.120910347e-06	2.39660254e-06	6
1.138230855e-06	2.40660254e-06	6
1.155551363e-06	2.41660254e-06	6
1.172871871e-06	2.42660254e-06	6
1.190192379e-06	2.43660254e-06	6
1.207512887e-06	2.44660254e-06	6
1.224833395e-06	2.45660254e-06	6
1.242153903e-06	2.46660254e-06	6
1.259474411e-06	2.47660254e-06	6
1.276794919e-06	2.48660254e-06	6
1.294115427e-06	2.49660254e-06	6
1.311435935e-06	2.50660254e-06	6
1.328756443e-06	2.51660254e-06	6
1.346076952e-06	2.52660254e-06	6
1.36339746e-06	2.53660254e-06	6
1.380717968e-06	2.54660254e-06	6
1.398038476e-06	2.55660254e-06	6
1.415358984e-06	2.56660254e-06	6
1.432679492e-06	2.57660254e-06	6
1.45e-06	2.58660254e-06	6
1.467320508e-06	2.59660254e-06	6
1.484641016e-06	2.60660254e-06	6
1.501961524e-06	2.61660254e-06	6
1.519282032e-06	2.62660254e-06	6
1.53660254e-06	2.63660254e-06	6
1.553923048e-06	2.64660254e-06	6
1.571243557e-06	2.65660254e-06	6
1.588564065e-06	2.66660254e-06	6
1.605884573e-06	2.67660254e-06	6
1.623205081e-06	2.68660254e-06	6
1.640525589e-06	2.69660254e-06	6
1.657846097e-06	2.70660254e-06	6
1.675166605e-06	2.71660254e-06	6
1.692487113e-06	2.72660254e-06	6
1.709807621e-06	2.73660254e-06	6
1.727128129e-06	2.74660254e-06	6
1.744448637e-06	2.75660254e-06	6
1.761769145e-06	2.76660254e-06	6
1.779089653e-06	2.77660254e-06	6
1.796410162e-06	2.78660254e-06	6
1.81373067e-06	2.79660254e-06	6
1.831051178e-06	2.80660254e-06	6
1.848371686e-06	2.81660254e-06	6
1.865692194e-06	2.82660254e-06	6
1.883012702e-06	2.83660254e-06	6
1.90033321e-06	2.84660254e-06	6
1.917653718e-06	2.85660254e-06	6
1.934974226e-06	2.86660254e-06	6
1.952294734e-06	2.87660254e-06	6
1.969615242e-06	2.88660254e-06	6
1.969615242e-06	2.88660254e-06	-6
1.969615242e-06	2.88660254e-06	-6
1.969615242e-06	2.88660254e-06	-6
1.969615242e-06	2.88660254e-06	-6
1.969615242e-06	2.88660254e-06	-6
1.969615242e-06	2.88660254e-06	-6
1.969615242e-06	2.88660254e-06	-6
1.969615242e-06	2.88660254e-06	-6
1.969615242e-06	2.88660254e-06	-6
1.969615242e-06	2.88660254e-06	-6
1.969615242e-06	2.88660254e-06	-6
1.952294734e-06	2.87660254e-06	-6
1.934974226e-06	2.86660254e-06	-6
1.917653718e-06	2.85660254e-06	-6
1.90033321e-06	2.84660254e-06	-6
1.883012702e-06	2.83660254e-06	-6
1.865692194e-06	2.82660254e-06	-6
1.848371686e-06	2.81660254e-06	-6
1.831051178e-06	2.80660254e-06	-6
1.81373067e-06	2.79660254e-06	-6
1.796410162e-06	2.78660254e-06	-6
1.779089653e-06	2.77660254e-06	-6
1.761769145e-06	2.76660254e-06	-6
1.744448637e-06	2.75660254e-06	-6
1.727128129e-06	2.74660254e-06	-6
1.709807621e-06	2.73660254e-06	-6
1.692487113e-06	2.72660254e-06	-6
1.675166605e-06	2.71660254e-06	-6
1.657846097e-06	2.70660254e-06	-6
1.640525589e-06	2.69660254e-06	-6
1.623205081e-06	2.68660254e-06	-6
1.605884573e-06	2.67660254e-06	-6
1.588564065e-06	2.66660254e-06	-6
1.571243557e-06	2.65660254e-06	-6
1.553923048e-06	2.64660254e-06	-6
1.53660254e-06	2.63660254e-06	-6
1.519282032e-06	2.62660254e-06	-6
1.501961524e-06	2.61660254e-06	-6
1.484641016e-06	2.60660254e-06	-6
1.467320508e-06	2.59660254e-06	-6
1.45e-06	2.58660254e-06	-6
1.432679492e-06	2.57660254e-06	-6
1.415358984e-06	2.56660254e-06	-6
1.398038476e-06	2.55660254e-06	-6
1.380717968e-06	2.54660254e-06	-6
1.36339746e-06	2.53660254e-06	-6
1.346076952e-06	2.52660254e-06	-6
1.328756443e-06	2.51660254e-06	-6
1.311435935e-06	2.50660254e-06	-6
1.294115427e-06	2.49660254e-06	-6
1.276794919e-06	2.48660254e-06	-6
1.259474411e-06	2.47660254e-06	-6
1.242153903e-06	2.46660254e-06	-6
1.224833395e-06	2.45660254e-06	-6
1.207512887e-06	2.44660254e-06	-6
1.190192379e-06	2.43660254e-06	-6
1.172871871e-06	2.42660254e-06	-6
1.155551363e-06	2.41660254e-06	-6
1.138230855e-06	2.40660254e-06	-6
1.120910347e-06	2.39660254e-06	-6
1.103589838e-06	2.38660254e-06	-6
1.08626933e-06	2.37660254e-06	-6
1.068948822e-06	2.36660254e-06	-6
1.051628314e-06	2.35660254e-06	-6
1.034307806e-06	2.34660254e-06	-6
1.016987298e-06	2.33660254e-06	-6
9.9966679e-07	2.32660254e-06	-6
9.82346282e-07	2.31660254e-06	-6
9.650257739e-07	2.30660254e-06	-6
9.477052658e-07	2.29660254e-06	-6
9.303847577e-07	2.28660254e-06	-6
9.303847577e-07	2.28660254e-06	0
9.203847577e-07	2.303923048e-06	0
9.103847577e-07	2.321243557e-06	0
9.003847577e-07	2.338564065e-06	0
8.903847577e-07	2.355884573e-06	0
8.803847577e-07	2.373205081e-06	0
8.803847577e-07	2.373205081e-06	6
8.803847577e-07	2.373205081e-06	6
8.803847577e-07	2.373205081e-06	6
8.803847577e-07	2.373205081e-06	6
8.803847577e-07	2.373205081e-06	6
8.803847577e-07	2.373205081e-06	6
8.803847577e-07	2.373205081e-06	6
8.803847577e-07	2.373205081e-06	6
8.803847577e-07	2.373205081e-06	6
8.803847577e-07	2.373205081e-06	6
8.803847577e-07	2.373205081e-06	6
8.977052658e-07	2.383205081e-06	6
9.150257739e-07	2.393205081e-06	6
9.32346282e-07	2.403205081e-06	6
9.4966679e-07	2.413205081e-06	6
9.669872981e-07	2.423205081e-06	6
9.843078062e-07	2.433205081e-06	6
1.001628314e-06	2.443205081e-06	6
1.018948822e-06	2.453205081e-06	6
1.03626933e-06	2.463205081e-06	6
1.053589838e-06	2.473205081e-06	6
1.070910347e-06	2.483205081e-06	6
1.088230855e-06	2.493205081e-06	6
1.105551363e-06	2.503205081e-06	6
1.122871871e-06	2.513205081e-06	6
1.140192379e-06	2.523205081e-06	6
1.157512887e-06	2.533205081e-06	6
1.174833395e-06	2.543205081e-06	6
1.192153903e-06	2.553205081e-06	6
1.209474411e-06	2.563205081e-06	6
1.226794919e-06	2.573205081e-06	6
1.244115427e-06	2.583205081e-06	6
1.261435935e-06	2.593205081e-06	6
1.278756443e-06	2.603205081e-06	6
1.296076952e-06	2.613205081e-06	6
1.31339746e-06	2.623205081e-06	6
1.330717968e-06	2.633205081e-06	6
1.348038476e-06	2.643205081e-06	6
1.365358984e-06	2.653205081e-06	6
1.382679492e-06	2.663205081e-06	6
1.4e-06	2.673205081e-06	6
1.417320508e-06	2.683205081e-06	6
1.434641016e-06	2.693205081e-06	6
1.451961524e-06	2.703205081e-06	6
1.469282032e-06	2.713205081e-06	6
1.48660254e-06	2.723205081e-06	6
1.503923048e-06	2.733205081e-06	6
1.521243557e-06	2.743205081e-06	6
1.538564065e-06	2.753205081e-06	6
1.555884573e-06	2.763205081e-06	6
1.573205081e-06	2.773205081e-06	6
1.590525589e-06	2.783205081e-06	6
1.607846097e-06	2.793205081e-06	6
1.625166605e-06	2.803205081e-06	6
1.642487113e-06	2.813205081e-06	6
1.659807621e-06	2.823205081e-06	6
1.677128129e-06	2.833205081e-06	6
1.694448637e-06	2.843205081e-06	6
1.711769145e-06	2.853205081e-06	6
1.729089653e-06	2.863205081e-06	6
1.746410162e-06	2.873205081e-06	6
1.76373067e-06	2.883205081e-06	6
1.781051178e-06	2.893205081e-06	6
1.798371686e-06	2.903205081e-06	6
1.815692194e-06	2.913205081e-06	6
1.833012702e-06	2.923205081e-06	6
1.85033321e-06	2.933205081e-06	6
1.867653718e-06	2.943205081e-06	6
1.884974226e-06	2.953205081e-06	6
1.902294734e-06	2.963205081e-06	6
1.919615242e-06	2.973205081e-06	6
1.919615242e-06	2.973205081e-06	-6
1.919615242e-06	2.973205081e-06	-6
1.919615242e-06	2.973205081e-06	-6
1.919615242e-06	2.973205081e-06	-6
1.919615242e-06	2.973205081e-06	-6
1.919615242e-06	2.973205081e-06	-6
1.919615242e-06	2.973205081e-06	-6
1.919615242e-06	2.973205081e-06	-6
1.919615242e-06	2.973205081e-06	-6
1.919615242e-06	2.973205081e-06	-6
1.919615242e-06	2.973205081e-06	-6
1.902294734e-06	2.963205081e-06	-6
1.884974226e-06	2.953205081e-06	-6
1.867653718e-06	2.943205081e-06	-6
1.85033321e-06	2.933205081e-06	-6
1.833012702e-06	2.923205081e-06	-6
1.815692194e-06	2.913205081e-06	-6
1.798371686e-06	2.903205081e-06	-6
1.781051178e-06	2.893205081e-06	-6
1.76373067e-06	2.883205081e-06	-6
1.746410162e-06	2.873205081e-06	-6
1.729089653e-06	2.863205081e-06	-6
1.711769145e-06	2.853205081e-06	-6
1.694448637e-06	2.843205081e-06	-6
1.677128129e-06	2.833205081e-06	-6
1.659807621e-06	2.823205081e-06	-6
1.642487113e-06	2.813205081e-06	-6
1.625166605e-06	2.803205081e-06	-6
1.607846097e-06	2.793205081e-06	-6
1.590525589e-06	2.783205081e-06	-6
1.573205081e-06	2.773205081e-06	-6
1.555884573e-06	2.763205081e-06	-6
1.538564065e-06	2.753205081e-06	-6
1.521243557e-06	2.743205081e-06	-6
1.503923048e-06	2.733205081e-06	-6
1.48660254e-06	2.723205081e-06	-6
1.469282032e-06	2.713205081e-06	-6
1.451961524e-06	2.703205081e-06	-6
1.434641016e-06	2.693205081e-06	-6
1.417320508e-06	2.683205081e-06	-6
1.4e-06	2.673205081e-06	-6
1.382679492e-06	2.663205081e-06	-6
1.365358984e-06	2.653205081e-06	-6
1.348038476e-06	2.643205081e-06	-6
1.330717968e-06	2.633205081e-06	-6
1.31339746e-06	2.623205081e-06	-6
1.296076952e-06	2.613205081e-06	-6
1.278756443e-06	2.603205081e-06	-6
1.261435935e-06	2.593205081e-06	-6
1.244115427e-06	2.583205081e-06	-6
1.226794919e-06	2.573205081e-06	-6
1.209474411e-06	2.563205081e-06	-6
1.192153903e-06	2.553205081e-06	-6
1.174833395e-06	2.543205081e-06	-6
1.157512887e-06	2.533205081e-06	-6
1.140192379e-06	2.523205081e-06	-6
1.122871871e-06	2.513205081e-06	-6
1.105551363e-06	2.503205081e-06	-6
1.088230855e-06	2.493205081e-06	-6
1.070910347e-06	2.483205081e-06	-6
1.053589838e-06	2.473205081e-06	-6
1.03626933e-06	2.463205081e-06	-6
1.018948822e-06	2.453205081e-06	-6
1.001628314e-06	2.443205081e-06	-6
9.843078062e-07	2.433205081e-06	-6
9.669872981e-07	2.423205081e-06	-6
9.4966679e-07	2.413205081e-06	-6
9.32346282e-07	2.403205081e-06	-6
9.150257739e-07	2.393205081e-06	-6
8.977052658e-07	2.383205081e-06	-6
8.803847577e-07	2.373205081e-06	-6
8.803847577e-07	2.373205081e-06	0
8.703847577e-07	2.390525589e-06	0
8.603847577e-07	2.407846097e-06	0
8.503847577e-07	2.425166605e-06	0
8.403847577e-07	2.442487113e-06	0
8.303847577e-07	2.459807621e-06	0
8.303847577e-07	2.459807621e-06	6
8.303847577e-07	2.459807621e-06	6
8.303847577e-07	2.459807621e-06	6
8.303847577e-07	2.459807621e-06	6
8.303847577e-07	2.459807621e-06	6
8.303847577e-07	2.459807621e-06	6
8.303847577e-07	2.459807621e-06	6
8.303847577e-07	2.459807621e-06	6
8.303847577e-07	2.459807621e-06	6
8.303847577e-07	2.459807621e-06	6
8.303847577e-07	2.459807621e-06	6
8.477052658e-07	2.469807621e-06	6
8.650257739e-07	2.479807621e-06	6
8.82346282e-07	2.489807621e-06	6
8.9966679e-07	2.499807621e-06	6
9.169872981e-07	2.509807621e-06	6
9.343078062e-07	2.519807621e-06	6
9.516283143e-07	2.529807621e-06	6
9.689488223e-07	2.539807621e-06	6
9.862693304e-07	2.549807621e-06	6
1.003589838e-06	2.559807621e-06	6
1.020910347e-06	2.569807621e-06	6
1.038230855e-06	2.579807621e-06	6
1.055551363e-06	2.589807621e-06	6
1.072871871e-06	2.599807621e-06	6
1.090192379e-06	2.609807621e-06	6
1.107512887e-06	2.619807621e-06	6
1.124833395e-06	2.629807621e-06	6
1.142153903e-06	2.639807621e-06	6
1.159474411e-06	2.649807621e-06	6
1.176794919e-06	2.659807621e-06	6
1.194115427e-06	2.669807621e-06	6
1.211435935e-06	2.679807621e-06	6
1.228756443e-06	2.689807621e-06	6
1.246076952e-06	2.699807621e-06	6
1.26339746e-06	2.709807621e-06	6
1.280717968e-06	2.719807621e-06	6
1.298038476e-06	2.729807621e-06	6
1.315358984e-06	2.739807621e-06	6
1.332679492e-06	2.749807621e-06	6
1.35e-06	2.759807621e-06	6
1.367320508e-06	2.769807621e-06	6
1.384641016e-06	2.779807621e-06	6
1.401961524e-06	2.789807621e-06	6
1.419282032e-06	2.799807621e-06	6
1.43660254e-06	2.809807621e-06	6
1.453923048e-06	2.819807621e-06	6
1.471243557e-06	2.829807621e-06	6
1.488564065e-06	2.839807621e-06	6
1.505884573e-06	2.849807621e-06	6
1.523205081e-06	2.859807621e-06	6
1.540525589e-06	2.869807621e-06	6
1.557846097e-06	2.879807621e-06	6
1.575166605e-06	2.889807621e-06	6
1.592487113e-06	2.899807621e-06	6
1.609807621e-06	2.909807621e-06	6
1.627128129e-06	2.919807621e-06	6
1.644448637e-06	2.929807621e-06	6
1.661769145e-06	2.939807621e-06	6
1.679089653e-06	2.949807621e-06	6
1.696410162e-06	2.959807621e-06	6
1.71373067e-06	2.969807621e-06	6
1.731051178e-06	2.979807621e-06	6
1.748371686e-06	2.989807621e-06	6
1.765692194e-06	2.999807621e-06	6
1.783012702e-06	3.009807621e-06	6
1.80033321e-06	3.019807621e-06	6
1.817653718e-06	3.029807621e-06	6
1.834974226e-06	3.039807621e-06	6
1.852294734e-06	3.049807621e-06	6
1.869615242e-06	3.059807621e-06	6
1.869615242e-06	3.059807621e-06	-6
1.869615242e-06	3.059807621e-06	-6
1.869615242e-06	3.059807621e-06	-6
1.869615242e-06	3.059807621e-06	-6
1.869615242e-06	3.059807621e-06	-6
1.869615242e-06	3.059807621e-06	-6
1.869615242e-06	3.059807621e-06	-6
1.869615242e-06	3.059807621e-06	-6
1.869615242e-06	3.059807621e-06	-6
1.869615242e-06	3.059807621e-06	-6
1.869615242e-06	3.059807621e-06	-6
1.852294734e-06	3.049807621e-06	-6
1.834974226e-06	3.039807621e-06	-6
1.817653718e-06	3.029807621e-06	-6
1.80033321e-06	3.019807621e-06	-6
1.783012702e-06	3.009807621e-06	-6
1.765692194e-06	2.999807621e-06	-6
1.748371686e-06	2.989807621e-06	-6
1.731051178e-06	2.979807621e-06	-6
1.71373067e-06	2.969807621e-06	-6
1.696410162e-06	2.959807621e-06	-6
1.679089653e-06	2.949807621e-06	-6
1.661769145e-06	2.939807621e-06	-6
1.644448637e-06	2.929807621e-06	-6
1.627128129e-06	2.919807621e-06	-6
1.609807621e-06	2.909807621e-06	-6
1.592487113e-06	2.899807621e-06	-6
1.575166605e-06	2.889807621e-06	-6
1.557846097e-06	2.879807621e-06	-6
1.540525589e-06	2.869807621e-06	-6
1.523205081e-06	2.859807621e-06	-6
1.505884573e-06	2.849807621e-06	-6
1.488564065e-06	2.839807621e-06	-6
1.471243557e-06	2.829807621e-06	-6
1.453923048e-06	2.819807621e-06	-6
1.43660254e-06	2.809807621e-06	-6
1.419282032e-06	2.799807621e-06	-6
1.401961524e-06	2.789807621e-06	-6
1.384641016e-06	2.779807621e-06	-6
1.367320508e-06	2.769807621e-06	-6
1.35e-06	2.759807621e-06	-6
1.332679492e-06	2.749807621e-06	-6
1.315358984e-06	2.739807621e-06	-6
1.298038476e-06	2.729807621e-06	-6
1.280717968e-06	2.719807621e-06	-6
1.26339746e-06	2.709807621e-06	-6
1.246076952e-06	2.699807621e-06	-6
1.228756443e-06	2.689807621e-06	-6
1.211435935e-06	2.679807621e-06	-6
1.194115427e-06	2.669807621e-06	-6
1.176794919e-06	2.659807621e-06	-6
1.159474411e-06	2.649807621e-06	-6
1.142153903e-06	2.639807621e-06	-6
1.124833395e-06	2.629807621e-06	-6
1.107512887e-06	2.619807621e-06	-6
1.090192379e-06	2.609807621e-06	-6
1.072871871e-06	2.599807621e-06	-6
1.055551363e-06	2.589807621e-06	-6
1.038230855e-06	2.579807621e-06	-6
1.020910347e-06	2.569807621e-06	-6
1.003589838e-06	2.559807621e-06	-6
9.862693304e-07	2.549807621e-06	-6
9.689488223e-07	2.539807621e-06	-6
9.516283143e-07	2.529807621e-06	-6
9.343078062e-07	2.519807621e-06	-6
9.169872981e-07	2.509807621e-06	-6
8.9966679e-07	2.499807621e-06	-6
8.82346282e-07	2.489807621e-06	-6
8.650257739e-07	2.479807621e-06	-6
8.477052658e-07	2.469807621e-06	-6
8.303847577e-07	2.459807621e-06	-6
8.303847577e-07	2.459807621e-06	0
8.203847577e-07	2.477128129e-06	0
8.103847577e-07	2.494448637e-06	0
8.003847577e-07	2.511769145e-06	0
7.903847577e-07	2.529089653e-06	0
7.803847577e-07	2.546410162e-06	0
7.803847577e-07	2.546410162e-06	6
7.803847577e-07	2.546410162e-06	6
7.803847577e-07	2.546410162e-06	6
7.803847577e-07	2.546410162e-06	6
7.803847577e-07	2.546410162e-06	6
7.803847577e-07	2.546410162e-06	6
7.803847577e-07	2.546410162e-06	6
7.803847577e-07	2.546410162e-06	6
7.803847577e-07	2.546410162e-06	6
7.803847577e-07	2.546410162e-06	6
7.803847577e-07	2.546410162e-06	6
7.977052658e-07	2.556410162e-06	6
8.150257739e-07	2.566410162e-06	6
8.32346282e-07	2.576410162e-06	6
8.4966679e-07	2.586410162e-06	6
8.669872981e-07	2.596410162e-06	6
8.843078062e-07	2.606410162e-06	6
9.016283143e-07	2.616410162e-06	6
9.189488223e-07	2.626410162e-06	6
9.362693304e-07	2.636410162e-06	6
9.535898385e-07	2.646410162e-06	6
9.709103466e-07	2.656410162e-06	6
9.882308546e-07	2.666410162e-06	6
1.005551363e-06	2.676410162e-06	6
1.022871871e-06	2.686410162e-06	6
1.040192379e-06	2.696410162e-06	6
1.057512887e-06	2.706410162e-06	6
1.074833395e-06	2.716410162e-06	6
1.092153903e-06	2.726410162e-06	6
1.109474411e-06	2.736410162e-06	6
1.126794919e-06	2.746410162e-06	6
1.144115427e-06	2.756410162e-06	6
1.161435935e-06	2.766410162e-06	6
1.178756443e-06	2.776410162e-06	6
1.196076952e-06	2.786410162e-06	6
1.21339746e-06	2.796410162e-06	6
1.230717968e-06	2.806410162e-06	6
1.248038476e-06	2.816410162e-06	6
1.265358984e-06	2.826410162e-06	6
1.282679492e-06	2.836410162e-06	6
1.3e-06	2.846410162e-06	6
1.317320508e-06	2.856410162e-06	6
1.334641016e-06	2.866410162e-06	6
1.351961524e-06	2.876410162e-06	6
1.369282032e-06	2.886410162e-06	6
1.38660254e-06	2.896410162e-06	6
1.403923048e-06	2.906410162e-06	6
1.421243557e-06	2.916410162e-06	6
1.438564065e-06	2.926410162e-06	6
1.455884573e-06	2.936410162e-06	6
1.473205081e-06	2.946410162e-06	6
1.490525589e-06	2.956410162e-06	6
1.507846097e-06	2.966410162e-06	6
1.525166605e-06	2.976410162e-06	6
1.542487113e-06	2.986410162e-06	6
1.559807621e-06	2.996410162e-06	6
1.577128129e-06	3.006410162e-06	6
1.594448637e-06	3.016410162e-06	6
1.611769145e-06	3.026410162e-06	6
1.629089653e-06	3.036410162e-06	6
1.646410162e-06	3.046410162e-06	6
1.66373067e-06	3.056410162e-06	6
1.681051178e-06	3.066410162e-06	6
1.698371686e-06	3.076410162e-06	6
1.715692194e-06	3.086410162e-06	6
1.733012702e-06	3.096410162e-06	6
1.75033321e-06	3.106410162e-06	6
1.767653718e-06	3.116410162e-06	6
1.784974226e-06	3.126410162e-06	6
1.802294734e-06	3.136410162e-06	6
1.819615242e-06	3.146410162e-06	6
1.819615242e-06	3.146410162e-06	-6
1.819615242e-06	3.146410162e-06	-6
1.819615242e-06	3.146410162e-06	-6
1.819615242e-06	3.146410162e-06	-6
1.819615242e-06	3.146410162e-06	-6
1.819615242e-06	3.146410162e-06	-6
1.819615242e-06	3.146410162e-06	-6
1.819615242e-06	3.146410162e-06	-6
1.819615242e-06	3.146410162e-06	-6
1.819615242e-06	3.146410162e-06	-6
1.819615242e-06	3.146410162e-06	-6
1.802294734e-06	3.136410162e-06	-6
1.784974226e-06	3.126410162e-06	-6
1.767653718e-06	3.116410162e-06	-6
1.75033321e-06	3.106410162e-06	-6
1.733012702e-06	3.096410162e-06	-6
1.715692194e-06	3.086410162e-06	-6
1.698371686e-06	3.076410162e-06	-6
1.681051178e-06	3.066410162e-06	-6
1.66373067e-06	3.056410162e-06	-6
1.646410162e-06	3.046410162e-06	-6
1.629089653e-06	3.036410162e-06	-6
1.611769145e-06	3.026410162e-06	-6
1.594448637e-06	3.016410162e-06	-6
1.577128129e-06	3.006410162e-06	-6
1.559807621e-06	2.996410162e-06	-6
1.542487113e-06	2.986410162e-06	-6
1.525166605e-06	2.976410162e-06	-6
1.507846097e-06	2.966410162e-06	-6
1.490525589e-06	2.956410162e-06	-6
1.473205081e-06	2.946410162e-06	-6
1.455884573e-06	2.936410162e-06	-6
1.438564065e-06	2.926410162e-06	-6
1.421243557e-06	2.916410162e-06	-6
1.403923048e-06	2.906410162e-06	-6
1.38660254e-06	2.896410162e-06	-6
1.369282032e-06	2.886410162e-06	-6
1.351961524e-06	2.876410162e-06	-6
1.334641016e-06	2.866410162e-06	-6
1.317320508e-06	2.856410162e-06	-6
1.3e-06	2.846410162e-06	-6
1.282679492e-06	2.836410162e-06	-6
1.265358984e-06	2.826410162e-06	-6
1.248038476e-06	2.816410162e-06	-6
1.230717968e-06	2.806410162e-06	-6
1.21339746e-06	2.796410162e-06	-6
1.196076952e-06	2.786410162e-06	-6
1.178756443e-06	2.776410162e-06	-6
1.161435935e-06	2.766410162e-06	-6
1.144115427e-06	2.756410162e-06	-6
1.126794919e-06	2.746410162e-06	-6
1.109474411e-06	2.736410162e-06	-6
1.092153903e-06	2.726410162e-06	-6
1.074833395e-06	2.716410162e-06	-6
1.057512887e-06	2.706410162e-06	-6
1.040192379e-06	2.696410162e-06	-6
1.022871871e-06	2.686410162e-06	-6
1.005551363e-06	2.676410162e-06	-6
9.882308546e-07	2.666410162e-06	-6
9.709103466e-07	2.656410162e-06	-6
9.535898385e-07	2.646410162e-06	-6
9.362693304e-07	2.636410162e-06	-6
9.189488223e-07	2.626410162e-06	-6
9.016283143e-07	2.616410162e-06	-6
8.843078062e-07	2.606410162e-06	-6
8.669872981e-07	2.596410162e-06	-6
8.4966679e-07	2.586410162e-06	-6
8.32346282e-07	2.576410162e-06	-6
8.150257739e-07	2.566410162e-06	-6
7.977052658e-07	2.556410162e-06	-6
7.803847577e-07	2.546410162e-06	-6
7.803847577e-07	2.546410162e-06	0
7.703847577e-07	2.56373067e-06	0
7.603847577e-07	2.581051178e-06	0
7.503847577e-07	2.598371686e-06	0
7.403847577e-07	2.615692194e-06	0
7.303847577e-07	2.633012702e-06	0
7.303847577e-07	2.633012702e-06	6
7.303847577e-07	2.633012702e-06	6
7.303847577e-07	2.633012702e-06	6
7.303847577e-07	2.633012702e-06	6
7.303847577e-07	2.633012702e-06	6
7.303847577e-07	2.633012702e-06	6
7.303847577e-07	2.633012702e-06	6
7.303847577e-07	2.633012702e-06	6
7.303847577e-07	2.633012702e-06	6
7.303847577e-07	2.633012702e-06	6
7.303847577e-07	2.633012702e-06	6
7.477052658e-07	2.643012702e-06	6
7.650257739e-07	2.653012702e-06	6
7.82346282e-07	2.663012702e-06	6
7.9966679e-07	2.673012702e-06	6
8.169872981e-07	2.683012702e-06	6
8.343078062e-07	2.693012702e-06	6
8.516283143e-07	2.703012702e-06	6
8.689488223e-07	2.713012702e-06	6
8.862693304e-07	2.723012702e-06	6
9.035898385e-07	2.733012702e-06	6
9.209103466e-07	2.743012702e-06	6
9.382308546e-07	2.753012702e-06	6
9.555513627e-07	2.763012702e-06	6
9.728718708e-07	2.773012702e-06	6
9.901923789e-07	2.783012702e-06	6
1.007512887e-06	2.793012702e-06	6
1.024833395e-06	2.803012702e-06	6
1.042153903e-06	2.813012702e-06	6
1.059474411e-06	2.823012702e-06	6
1.076794919e-06	2.833012702e-06	6
1.094115427e-06	2.843012702e-06	6
1.111435935e-06	2.853012702e-06	6
1.128756443e-06	2.863012702e-06	6
1.146076952e-06	2.873012702e-06	6
1.16339746e-06	2.883012702e-06	6
1.180717968e-06	2.893012702e-06	6
1.198038476e-06	2.903012702e-06	6
1.215358984e-06	2.913012702e-06	6
1.232679492e-06	2.923012702e-06	6
1.25e-06	2.933012702e-06	6
1.267320508e-06	2.943012702e-06	6
1.284641016e-06	2.953012702e-06	6
1.301961524e-06	2.963012702e-06	6
1.319282032e-06	2.973012702e-06	6
1.33660254e-06	2.983012702e-06	6
1.353923048e-06	2.993012702e-06	6
1.371243557e-06	3.003012702e-06	6
1.388564065e-06	3.013012702e-06	6
1.405884573e-06	3.023012702e-06	6
1.423205081e-06	3.033012702e-06	6
1.440525589e-06	3.043012702e-06	6
1.457846097e-06	3.053012702e-06	6
1.475166605e-06	3.063012702e-06	6
1.492487113e-06	3.073012702e-06	6
1.509807621e-06	3.083012702e-06	6
1.527128129e-06	3.093012702e-06	6
1.544448637e-06	3.103012702e-06	6
1.561769145e-06	3.113012702e-06	6
1.579089653e-06	3.123012702e-06	6
1.596410162e-06	3.133012702e-06	6
1.61373067e-06	3.143012702e-06	6
1.631051178e-06	3.153012702e-06	6
1.648371686e-06	3.163012702e-06	6
1.665692194e-06	3.173012702e-06	6
1.683012702e-06	3.183012702e-06	6
1.70033321e-06	3.193012702e-06	6
1.717653718e-06	3.203012702e-06	6
1.734974226e-06	3.213012702e-06	6
1.752294734e-06	3.223012702e-06	6
1.769615242e-06	3.233012702e-06	6
1.769615242e-06	3.233012702e-06	-6
1.769615242e-06	3.233012702e-06	-6
1.769615242e-06	3.233012702e-06	-6
1.769615242e-06	3.233012702e-06	-6
1.769615242e-06	3.233012702e-06	-6
1.769615242e-06	3.233012702e-06	-6
1.769615242e-06	3.233012702e-06	-6
1.769615242e-06	3.233012702e-06	-6
1.769615242e-06	3.233012702e-06	-6
1.769615242e-06	3.233012702e-06	-6
1.769615242e-06	3.233012702e-06	-6
1.752294734e-06	3.223012702e-06	-6
1.734974226e-06	3.213012702e-06	-6
1.717653718e-06	3.203012702e-06	-6
1.70033321e-06	3.193012702e-06	-6
1.683012702e-06	3.183012702e-06	-6
1.665692194e-06	3.173012702e-06	-6
1.648371686e-06	3.163012702e-06	-6
1.631051178e-06	3.153012702e-06	-6
1.61373067e-06	3.143012702e-06	-6
1.596410162e-06	3.133012702e-06	-6
1.579089653e-06	3.123012702e-06	-6
1.561769145e-06	3.113012702e-06	-6
1.544448637e-06	3.103012702e-06	-6
1.527128129e-06	3.093012702e-06	-6
1.509807621e-06	3.083012702e-06	-6
1.492487113e-06	3.073012702e-06	-6
1.475166605e-06	3.063012702e-06	-6
1.457846097e-06	3.053012702e-06	-6
1.440525589e-06	3.043012702e-06	-6
1.423205081e-06	3.033012702e-06	-6
1.405884573e-06	3.023012702e-06	-6
1.388564065e-06	3.013012702e-06	-6
1.371243557e-06	3.003012702e-06	-6
1.353923048e-06	2.993012702e-06	-6
1.33660254e-06	2.983012702e-06	-6
1.319282032e-06	2.973012702e-06	-6
1.301961524e-06	2.963012702e-06	-6
1.284641016e-06	2.953012702e-06	-6
1.267320508e-06	2.943012702e-06	-6
1.25e-06	2.933012702e-06	-6
1.232679492e-06	2.923012702e-06	-6
1.215358984e-06	2.913012702e-06	-6
1.198038476e-06	2.903012702e-06	-6
1.180717968e-06	2.893012702e-06	-6
1.16339746e-06	2.883012702e-06	-6
1.146076952e-06	2.873012702e-06	-6
1.128756443e-06	2.863012702e-06	-6
1.111435935e-06	2.853012702e-06	-6
1.094115427e-06	2.843012702e-06	-6
1.076794919e-06	2.833012702e-06	-6
1.059474411e-06	2.823012702e-06	-6
1.042153903e-06	2.813012702e-06	-6
1.024833395e-06	2.803012702e-06	-6
1.007512887e-06	2.793012702e-06	-6
9.901923789e-07	2.783012702e-06	-6
9.728718708e-07	2.773012702e-06	-6
9.555513627e-07	2.763012702e-06	-6
9.382308546e-07	2.753012702e-06	-6
9.209103466e-07	2.743012702e-06	-6
9.035898385e-07	2.733012702e-06	-6
8.862693304e-07	2.723012702e-06	-6
8.689488223e-07	2.713012702e-06	-6
8.516283143e-07	2.703012702e-06	-6
8.343078062e-07	2.693012702e-06	-6
8.169872981e-07	2.683012702e-06	-6
7.9966679e-07	2.673012702e-06	-6
7.82346282e-07	2.663012702e-06	-6
7.650257739e-07	2.653012702e-06	-6
7.477052658e-07	2.643012702e-06	-6
7.303847577e-07	2.633012702e-06	-6
7.303847577e-07	2.633012702e-06	0
7.203847577e-07	2.65033321e-06	0
7.103847577e-07	2.667653718e-06	0
7.003847577e-07	2.684974226e-06	0
6.903847577e-07	2.702294734e-06	0
6.803847577e-07	2.719615242e-06	0
6.803847577e-07	2.719615242e-06	6
6.803847577e-07	2.719615242e-06	6
6.803847577e-07	2.719615242e-06	6
6.803847577e-07	2.719615242e-06	6
6.803847577e-07	2.719615242e-06	6
6.803847577e-07	2.719615242e-06	6
6.803847577e-07	2.719615242e-06	6
6.803847577e-07	2.719615242e-06	6
6.803847577e-07	2.719615242e-06	6
6.803847577e-07	2.719615242e-06	6
6.803847577e-07	2.719615242e-06	6
6.977052658e-07	2.729615242e-06	6
7.150257739e-07	2.739615242e-06	6
7.32346282e-07	2.749615242e-06	6
7.4966679e-07	2.759615242e-06	6
7.669872981e-07	2.769615242e-06	6
7.843078062e-07	2.779615242e-06	6
8.016283143e-07	2.789615242e-06	6
8.189488223e-07	2.799615242e-06	6
8.362693304e-07	2.809615242e-06	6
8.535898385e-07	2.819615242e-06	6
8.709103466e-07	2.829615242e-06	6
8.882308546e-07	2.839615242e-06	6
9.055513627e-07	2.849615242e-06	6
9.228718708e-07	2.859615242e-06	6
9.401923789e-07	2.869615242e-06	6
9.575128869e-07	2.879615242e-06	6
9.74833395e-07	2.889615242e-06	6
9.921539031e-07	2.899615242e-06	6
1.009474411e-06	2.909615242e-06	6
1.026794919e-06	2.919615242e-06	6
1.044115427e-06	2.929615242e-06	6
1.061435935e-06	2.939615242e-06	6
1.078756443e-06	2.949615242e-06	6
1.096076952e-06	2.959615242e-06	6
1.11339746e-06	2.969615242e-06	6
1.130717968e-06	2.979615242e-06	6
1.148038476e-06	2.989615242e-06	6
1.165358984e-06	2.999615242e-06	6
1.182679492e-06	3.009615242e-06	6
1.2e-06	3.019615242e-06	6
1.217320508e-06	3.029615242e-06	6
1.234641016e-06	3.039615242e-06	6
1.251961524e-06	3.049615242e-06	6
1.269282032e-06	3.059615242e-06	6
1.28660254e-06	3.069615242e-06	6
1.303923048e-06	3.079615242e-06	6
1.321243557e-06	3.089615242e-06	6
1.338564065e-06	3.099615242e-06	6
1.355884573e-06	3.109615242e-06	6
1.373205081e-06	3.119615242e-06	6
1.390525589e-06	3.129615242e-06	6
1.407846097e-06	3.139615242e-06	6
1.425166605e-06	3.149615242e-06	6
1.442487113e-06	3.159615242e-06	6
1.459807621e-06	3.169615242e-06	6
1.477128129e-06	3.179615242e-06	6
1.494448637e-06	3.189615242e-06	6
1.511769145e-06	3.199615242e-06	6
1.529089653e-06	3.209615242e-06	6
1.546410162e-06	3.219615242e-06	6
1.56373067e-06	3.229615242e-06	6
1.581051178e-06	3.239615242e-06	6
1.598371686e-06	3.249615242e-06	6
1.615692194e-06	3.259615242e-06	6
1.633012702e-06	3.269615242e-06	6
1.65033321e-06	3.279615242e-06	6
1.667653718e-06	3.289615242e-06	6
1.684974226e-06	3.299615242e-06	6
1.702294734e-06	3.309615242e-06	6
1.719615242e-06	3.319615242e-06	6
1.719615242e-06	3.319615242e-06	-6
1.719615242e-06	3.319615242e-06	-6
1.719615242e-06	3.319615242e-06	-6
1.719615242e-06	3.319615242e-06	-6
1.719615242e-06	3.319615242e-06	-6
1.719615242e-06	3.319615242e-06	-6
1.719615242e-06	3.319615242e-06	-6
1.719615242e-06	3.319615242e-06	-6
1.719615242e-06	3.319615242e-06	-6
1.719615242e-06	3.319615242e-06	-6
1.719615242e-06	3.319615242e-06	-6
1.702294734e-06	3.309615242e-06	-6
1.684974226e-06	3.299615242e-06	-6
1.667653718e-06	3.289615242e-06	-6
1.65033321e-06	3.279615242e-06	-6
1.633012702e-06	3.269615242e-06	-6
1.615692194e-06	3.259615242e-06	-6
1.598371686e-06	3.249615242e-06	-6
1.581051178e-06	3.239615242e-06	-6
1.56373067e-06	3.229615242e-06	-6
1.546410162e-06	3.219615242e-06	-6
1.529089653e-06	3.209615242e-06	-6
1.511769145e-06	3.199615242e-06	-6
1.494448637e-06	3.189615242e-06	-6
1.477128129e-06	3.179615242e-06	-6
1.459807621e-06	3.169615242e-06	-6
1.442487113e-06	3.159615242e-06	-6
1.425166605e-06	3.149615242e-06	-6
1.407846097e-06	3.139615242e-06	-6
1.390525589e-06	3.129615242e-06	-6
1.373205081e-06	3.119615242e-06	-6
1.355884573e-06	3.109615242e-06	-6
1.338564065e-06	3.099615242e-06	-6
1.321243557e-06	3.089615242e-06	-6
1.303923048e-06	3.079615242e-06	-6
1.28660254e-06	3.069615242e-06	-6
1.269282032e-06	3.059615242e-06	-6
1.251961524e-06	3.049615242e-06	-6
1.234641016e-06	3.039615242e-06	-6
1.217320508e-06	3.029615242e-06	-6
1.2e-06	3.019615242e-06	-6
1.182679492e-06	3.009615242e-06	-6
1.165358984e-06	2.999615242e-06	-6
1.148038476e-06	2.989615242e-06	-6
1.130717968e-06	2.979615242e-06	-6
1.11339746e-06	2.969615242e-06	-6
1.096076952e-06	2.959615242e-06	-6
1.078756443e-06	2.949615242e-06	-6
1.061435935e-06	2.939615242e-06	-6
1.044115427e-06	2.929615242e-06	-6
1.026794919e-06	2.919615242e-06	-6
1.009474411e-06	2.909615242e-06	-6
9.921539031e-07	2.899615242e-06	-6
9.74833395e-07	2.889615242e-06	-6
9.575128869e-07	2.879615242e-06	-6
9.401923789e-07	2.869615242e-06	-6
9.228718708e-07	2.859615242e-06	-6
9.055513627e-07	2.849615242e-06	-6
8.882308546e-07	2.839615242e-06	-6
8.709103466e-07	2.829615242e-06	-6
8.535898385e-07	2.819615242e-06	-6
8.362693304e-07	2.809615242e-06	-6
8.189488223e-07	2.799615242e-06	-6
8.016283143e-07	2.789615242e-06	-6
7.843078062e-07	2.779615242e-06	-6
7.669872981e-07	2.769615242e-06	-6
7.4966679e-07	2.759615242e-06	-6
7.32346282e-07	2.749615242e-06	-6
7.150257739e-07	2.739615242e-06	-6
6.977052658e-07	2.729615242e-06	-6
6.803847577e-07	2.719615242e-06	-6
