(+12,+12)	4.80	0.00	0.47	10.85	15.35
(-6,-6)	4.02	0.00	0.17	22.74	36.10
(0,-6)	3.75	0.00	0.21	9.61	12.38
(-6,0) re-aim 1	2.45	0.00	0.17	5.70	4.57
(0,+18)	1.60	0.00	0.47	18.60	24.94
(+18,-18)	1.31	0.00	0.47	16.86	50.53
(+12,+18) s343	2.87	7.50	0.40	5.67	4.63
(+6,+12) s178	2.58	0.00	0.15	18.63	13.88
(-6,-12) fast	2.30	0.00	0.05	35.96	43.12
(-12,-6) re-aim 2	1.60	0.00	0.12	4.30	5.39
(+12,+6) fast	1.30	0.00	0.29	13.46	11.92
tile A	1.67	0.00	0.28	19.40	19.71
tile B	1.35	0.00	0.75	36.06	28.31
(+6,-12) re-aim 3	0.42	0.00	0.08	3.64	3.56